fp64
 32 33554432 456315.994 456639.051 456701.994 4.702155182620026 4.702803326384804 4.706132759396551 4.702155182620026 4.702803326384804 4.706132759396551
 64 16777216 232382.059 232460.022 232460.976 9.238039368810016 9.23807728109051 9.24117660907721 9.238039368810016 9.23807728109051 9.24117660907721
 96 8388608 116765.976 117172.003 117264.032 13.734925437324208 13.745713094961772 13.793510671293495 13.734925437324208 13.745713094961772 13.793510671293495
 128 8388608 116801.977 116841.078 116904.02 18.36963047121904 18.379526145761854 18.38567893418448 18.36963047121904 18.379526145761854 18.38567893418448
 160 4194304 58248.997 58300.018 58313.847 23.016442046774927 23.021901639893148 23.0420668015966 23.016442046774927 23.021901639893148 23.0420668015966
 192 4194304 58748.96 58802.128 58969.975 27.312420193496774 27.390381790264463 27.415170174927354 27.312420193496774 27.390381790264463 27.415170174927354
 224 4194304 58863.878 58873.892 58877.945 31.91429646534029 31.916493511249435 31.921923186916093 31.91429646534029 31.916493511249435 31.921923186916093
 256 4194304 59209.824 59213.161 59221.029 36.262180584535265 36.26699895315503 36.26904292098555 36.262180584535265 36.26699895315503 36.26904292098555
 288 2097152 29699.802 29713.869 29725.075 40.63772932448446 40.65305504308442 40.6723099366117 40.63772932448446 40.65305504308442 40.6723099366117
 320 2097152 29872.894 29877.901 29888.868 44.90559093773642 44.92207401048688 44.929603405682755 44.90559093773642 44.92207401048688 44.929603405682755
 352 2097152 30067.921 30075.073 30428.171 48.5206622507807 49.09032167602718 49.1019983722852 48.5206622507807 49.09032167602718 49.1019983722852
 384 2097152 30164.003 30168.056 30183.077 53.36144939762105 53.388018637992445 53.39519214343003 53.36144939762105 53.388018637992445 53.39519214343003
 416 2097152 30621.052 30645.132 30812.979 56.62647756323723 56.93662745521866 56.98140168404404 56.62647756323723 56.93662745521866 56.98140168404404
 448 2097152 30812.025 30812.025 30830.86 60.946992461449334 60.9842485847652 60.9842485847652 60.946992461449334 60.9842485847652 60.9842485847652
 480 2097152 33151.15 33165.216 33184.052 60.66968313574242 60.704140144903626 60.72989685124044 60.66968313574242 60.704140144903626 60.72989685124044
 512 2097152 30780.077 30783.892 30801.058 69.7211000998732 69.75997862778365 69.76862494528523 69.7211000998732 69.75997862778365 69.76862494528523
 544 1048576 16077.995 16097.069 16116.858 70.78617234202845 70.873193623013 70.9572734660012 70.78617234202845 70.873193623013 70.9572734660012
 576 1048576 16880.035 16892.91 16900.063 71.4766301167043 71.5068956147875 71.56143645436754 71.4766301167043 71.5068956147875 71.56143645436754
 608 1048576 19278.049 19297.123 19311.905 66.02499421988666 66.07557074699685 66.14094693918457 66.02499421988666 66.07557074699685 66.14094693918457
 640 1048576 19273.996 19277.096 19296.885 69.55409020678727 69.6254913084419 69.63668976583787 69.55409020678727 69.6254913084419 69.63668976583787
 704 1048576 20509.958 20532.846 20534.039 71.89988331082841 71.90406083988552 71.98430186936511 71.89988331082841 71.90406083988552 71.98430186936511
 768 1048576 21717.072 21744.967 21996.021 73.22291318052478 74.06829985071948 74.16343860719346 73.22291318052478 74.06829985071948 74.16343860719346
 832 1048576 22855.997 22906.065 22916.794 76.13763356253061 76.17329576249784 76.34015982763736 76.13763356253061 76.17329576249784 76.34015982763736
 896 1048576 25255.203 25257.111 25291.204 74.29651004357088 74.39679827197972 74.40241885998698 74.29651004357088 74.39679827197972 74.40241885998698
 960 1048576 27908.087 27937.889 27956.963 72.01304090147416 72.06220627478332 72.13915880368296 72.01304090147416 72.06220627478332 72.13915880368296
 1056 524288 13956.07 13965.845 14386.892 76.96563343910553 79.28601928490542 79.34155217048925 76.96563343910553 79.28601928490542 79.34155217048925
 1152 524288 15725.136 15734.911 15858.889 76.1692418680779 76.76939208617067 76.81711318744715 76.1692418680779 76.76939208617067 76.81711318744715
 1248 524288 18375.158 18382.072 18393.993 71.14403316343548 71.19017094482058 71.21695759024222 71.14403316343548 71.19017094482058 71.21695759024222
 1344 524288 19114.971 19145.966 19149.065 73.59555905209993 73.6074713597632 73.72682616154636 73.59555905209993 73.6074713597632 73.72682616154636
 1472 524288 20403.147 20423.174 20437.002 75.5249655502309 75.57610154033844 75.65028434094015 75.5249655502309 75.57610154033844 75.65028434094015
 1600 524288 20670.891 20693.064 20696.163 81.06437893826019 81.07651916603554 81.16348734072469 81.06437893826019 81.07651916603554 81.16348734072469
 1760 524288 24442.911 24466.038 24551.868 75.1671424756764 75.43083845451397 75.5022083908091 75.1671424756764 75.43083845451397 75.5022083908091
 1920 524288 25513.887 25547.028 25574.923 78.72031208070499 78.80626740613428 78.90863199323567 78.72031208070499 78.80626740613428 78.90863199323567
 2112 262144 13577.938 13579.13 13590.097 81.47817164218917 81.54397638140293 81.55113508398698 81.47817164218917 81.54397638140293 81.55113508398698
 2304 262144 15308.142 15331.03 15339.851 78.7464983851538 78.79180668226465 78.90961241409963 78.7464983851538 78.79180668226465 78.90961241409963
 2528 262144 17026.186 17040.014 17044.067 77.76313388113296 77.78162999161856 77.84480117860805 77.76313388113296 77.78162999161856 77.84480117860805
 2752 262144 17901.182 17923.832 17930.031 80.47061246017924 80.49844341321656 80.60029644969812 80.47061246017924 80.49844341321656 80.60029644969812
 3008 262144 19695.997 19711.018 19714.117 79.99639567929925 80.00897284960116 80.06999107483617 79.99639567929925 80.00897284960116 80.06999107483617
 3296 262144 21866.083 21884.918 21899.939 78.90676079052092 78.96091947888495 79.02893481196426 78.90676079052092 78.96091947888495 79.02893481196426
 3616 262144 22926.092 22946.835 22958.04 82.57784235936516 82.6181653373984 82.69291635050578 82.57784235936516 82.6181653373984 82.69291635050578
 3968 262144 25660.992 25688.171 25722.98 80.87611870786355 80.98571066036581 81.0714871817894 80.87611870786355 80.98571066036581 81.0714871817894
 4352 131072 14047.861 14059.067 14062.881 81.12496208991601 81.14696999452381 81.21170105541334 81.12496208991601 81.14696999452381 81.21170105541334
 4768 131072 15396.118 15398.979 15415.192 81.08251859594094 81.16788729954109 81.18297040851466 81.08251859594094 81.16788729954109 81.18297040851466
 5216 131072 16695.976 16702.175 16708.851 81.83346084060477 81.8661703640394 81.8965662145178 81.83346084060477 81.8661703640394 81.8965662145178
 5728 131072 18339.157 18344.164 18347.979 81.83794149753496 81.85496117457302 81.87730940958737 81.83794149753496 81.85496117457302 81.87730940958737
 6272 131072 19966.841 19969.94 19974.947 82.31146585770666 82.33210355163813 82.34488209727319 82.31146585770666 82.33210355163813 82.34488209727319
 6880 131072 22223.949 22255.898 22584.915 79.85643160490088 81.03697815293727 81.15347636911874 79.85643160490088 81.03697815293727 81.15347636911874
 7552 131072 24063.11 24064.064 24075.985 82.22764252428301 82.268376945806 82.27163853716331 82.22764252428301 82.268376945806 82.27163853716331
 8288 65536 13179.779 13189.793 13192.892 82.34166822558693 82.36101476346141 82.42359268694868 82.34166822558693 82.36101476346141 82.42359268694868
 9088 65536 14374.018 14385.939 14395.952 82.74425588526553 82.80184811015812 82.87051929390933 82.74425588526553 82.80184811015812 82.87051929390933
 9984 65536 15875.101 15878.916 15881.062 82.40146962463844 82.4126059990493 82.43241085521282 82.40146962463844 82.4126059990493 82.43241085521282
 10976 65536 17467.022 17471.79 17480.135 82.30178268074017 82.34109224069199 82.36356901594328 82.30178268074017 82.34109224069199 82.36356901594328
 12064 65536 19151.926 19172.907 19173.861 82.4691807247377 82.47328420254685 82.56363396558655 82.4691807247377 82.47328420254685 82.56363396558655
 13248 65536 20950.079 21181.107 21337.032 81.38160246467268 81.98069421017513 82.88474024370026 81.38160246467268 81.98069421017513 82.88474024370026
 14560 65536 23081.064 23082.018 23086.071 82.66492466388065 82.67943989992555 82.68285725476088 82.66492466388065 82.67943989992555 82.68285725476088
 16000 65536 25156.021 25159.121 25396.109 82.57768936178373 83.35553535435518 83.36580733495174 82.57768936178373 83.35553535435518 83.36580733495174
 17600 32768 13870.001 13878.822 13881.922 83.08889792061936 83.1074568144184 83.1603112357382 83.08889792061936 83.1074568144184 83.1603112357382
 19360 32768 15274.048 15275.002 15275.002 83.06231056467291 83.06231056467291 83.06749854393544 83.06231056467291 83.06231056467291 83.06749854393544
 21280 32768 16767.025 16781.092 16788.006 83.07157383670221 83.10580026615669 83.1755233859316 83.07157383670221 83.10580026615669 83.1755233859316
 23392 32768 18424.034 18437.147 18440.008 83.13543638375862 83.14833699595712 83.2075164429245 83.13543638375862 83.14833699595712 83.2075164429245
 25728 32768 20214.796 20228.863 20492.077 82.28107907265819 83.35170434443103 83.40970683058093 82.28107907265819 83.35170434443103 83.40970683058093
 28288 32768 22195.101 22212.982 22213.936 83.45582556823788 83.45940981719609 83.52664707405478 83.45582556823788 83.45940981719609 83.52664707405478
 31104 32768 24435.043 24435.043 24450.064 83.37122324096984 83.42247419003928 83.42247419003928 83.37122324096984 83.42247419003928 83.42247419003928
 34208 16384 13437.033 13445.854 13448.0 83.35274717430102 83.36605053126414 83.4207777862866 83.35274717430102 83.36605053126414 83.4207777862866
 37600 16384 14760.017 14772.177 14806.032 83.21451689419555 83.40522862676232 83.47394179830552 83.21451689419555 83.40522862676232 83.47394179830552
 41344 16384 16229.868 16230.106 16236.067 83.4414019109431 83.47204830331977 83.47327236426075 83.4414019109431 83.47204830331977 83.47327236426075
 45472 16384 17851.114 17854.929 17859.936 83.42843423403085 83.4518298000513 83.46966447023978 83.42843423403085 83.4518298000513 83.46966447023978
 50016 16384 19604.921 19617.081 19826.889 82.6616968501715 83.5457776822148 83.59759715430631 82.6616968501715 83.5457776822148 83.59759715430631
 55008 16384 21595.001 21625.996 21878.004 82.38878391282861 83.34886143509877 83.46849087897704 82.38878391282861 83.34886143509877 83.46849087897704
 60480 16384 23650.885 23658.037 23673.058 83.71578526103387 83.76893822593988 83.7942698550181 83.71578526103387 83.76893822593988 83.7942698550181
 66528 8192 13062.954 13068.199 13073.921 83.37167954433868 83.40818440245667 83.4416742185573 83.37167954433868 83.40818440245667 83.4416742185573
 73152 8192 14353.991 14358.997 14369.011 83.41021995181156 83.4683904453772 83.49750031193415 83.41021995181156 83.4683904453772 83.49750031193415
 80448 8192 15784.025 15785.933 15944.958 82.66312347765356 83.49585874968555 83.50595187222524 82.66312347765356 83.49585874968555 83.50595187222524
 88480 8192 17351.151 17357.111 17364.979 83.48160513180005 83.51944744721631 83.54813579802284 83.48160513180005 83.51944744721631 83.54813579802284
 97312 8192 19064.903 19069.91 19376.993 82.2810746744864 83.6060478523496 83.62800524083444 82.2810746744864 83.6060478523496 83.62800524083444
 107040 8192 20982.981 20990.133 20990.133 83.550845532994 83.550845532994 83.57932364328977 83.550845532994 83.550845532994 83.57932364328977
 117728 8192 23077.011 23087.025 23095.131 83.51784417243617 83.54716781395611 83.58342213382834 83.51784417243617 83.54716781395611 83.58342213382834
 129472 8192 25366.068 25369.883 25370.836 83.61053802089927 83.61367878598413 83.62625409661443 83.61053802089927 83.61367878598413 83.62625409661443
 142400 4096 14013.052 14015.913 14017.82 83.21841769975644 83.22974036725256 83.24673311709682 83.21841769975644 83.22974036725256 83.24673311709682
 156640 4096 15433.073 15434.98 15439.034 83.11367667173995 83.13550649239585 83.14577919770093 83.11367667173995 83.13550649239585 83.14577919770093
 172288 4096 16961.098 16964.197 16970.873 83.16503788579408 83.19776621316056 83.21296746236592 83.16503788579408 83.19776621316056 83.21296746236592
 189504 4096 18653.154 18661.976 18666.029 83.16802507914245 83.18608747540989 83.22543029452285 83.16802507914245 83.18608747540989 83.22543029452285
 208448 4096 20503.044 20505.905 20544.052 83.11924132590785 83.27386750304365 83.28548755979843 83.11924132590785 83.27386750304365 83.28548755979843
 229280 4096 22547.007 22554.874 22566.795 83.23121471170364 83.27520517294843 83.30426118198304 83.23121471170364 83.27520517294843 83.30426118198304
 252192 4096 24806.976 24808.884 24821.997 83.23088847363893 83.27488104664441 83.28128603824989 83.23088847363893 83.27488104664441 83.28128603824989
 277408 2048 13639.927 13646.126 13646.126 83.26635471488392 83.26635471488392 83.30419715589387 83.26635471488392 83.26635471488392 83.30419715589387
 305120 2048 14991.045 14991.999 15008.926 83.26855099425502 83.36256692653194 83.3678719528892 83.26855099425502 83.36256692653194 83.3678719528892
 335616 2048 16494.036 16500.95 16513.109 83.24799018767453 83.3093328565931 83.34425461421328 83.24799018767453 83.3093328565931 83.34425461421328
 369152 2048 18130.064 18135.071 18141.031 83.34954016670828 83.37693257445753 83.39995887493833 83.34954016670828 83.37693257445753 83.39995887493833
 406048 2048 19947.052 19954.92 19956.112 83.34151502056112 83.34649339611485 83.37936894133529 83.34151502056112 83.34649339611485 83.37936894133529
 446624 2048 21934.986 21942.139 21952.152 83.33451335431715 83.37254193859587 83.39972972857151 83.33451335431715 83.37254193859587 83.39972972857151
 491264 2048 24115.086 24122.953 24139.166 83.35902507982257 83.41505055371952 83.44226282253358 83.35902507982257 83.41505055371952 83.44226282253358
 540384 1024 13263.941 13266.087 13281.822 83.32489563555362 83.42372788599984 83.43722518066085 83.32489563555362 83.42372788599984 83.43722518066085
 594400 1024 14596.939 14598.131 14829.874 82.08641556900619 83.38952431650327 83.39633398481696 82.08641556900619 83.38952431650327 83.39633398481696
 653824 1024 16042.948 16046.047 16057.014 83.39231391340881 83.44931010111088 83.46542991973794 83.39231391340881 83.44931010111088 83.46542991973794
 719200 1024 17644.882 17649.174 17651.081 83.44653792025542 83.45555435058887 83.47585435822127 83.44653792025542 83.45555435058887 83.47585435822127
 791104 1024 19414.186 19422.054 19425.154 83.40633963571152 83.41965231895658 83.45345985662237 83.40633963571152 83.41965231895658 83.45345985662237
 870208 1024 21349.907 21360.874 21376.133 83.37270281767053 83.43225956016595 83.47511696420973 83.37270281767053 83.43225956016595 83.47511696420973
 957216 1024 23489.952 23490.906 23504.019 83.40609186879911 83.45265048525587 83.45603975691392 83.40609186879911 83.45265048525587 83.45603975691392
 1052928 512 12908.936 12921.095 12923.956 83.42633416579258 83.44480649666303 83.52340363295627 83.42633416579258 83.44480649666303 83.52340363295627
 1158208 512 14197.826 14205.217 14223.099 83.38583539353836 83.49080425874521 83.53426728852713 83.38583539353836 83.49080425874521 83.53426728852713
 1274016 512 15629.053 15638.828 15643.12 83.39719851282864 83.42008646683753 83.47226053939416 83.39719851282864 83.42008646683753 83.47226053939416
 1401408 512 17187.834 17203.093 17203.808 83.41419481082328 83.41766169606827 83.49171815366614 83.41419481082328 83.41766169606827 83.49171815366614
 1541536 512 18906.116 18929.958 19051.075 82.85794182218063 83.38808062859938 83.49323911902371 82.85794182218063 83.38808062859938 83.49323911902371
 1695680 512 20808.935 20823.956 20929.098 82.96469919534994 83.38359531685526 83.44378604671502 82.96469919534994 83.38359531685526 83.44378604671502
 1865248 512 22920.132 22921.085 23017.883 82.97956645274458 83.32999733651351 83.33346212840308 82.97956645274458 83.32999733651351 83.33346212840308
 2051744 512 25314.808 25321.007 25369.883 82.81417206378129 82.97402453227866 82.99434291581433 82.81417206378129 82.97402453227866 82.99434291581433
 2256896 256 13955.832 13962.984 13968.945 82.72140465869111 82.75671962382825 82.79913028474404 82.72140465869111 82.75671962382825 82.79913028474404
 2482560 256 15345.097 15349.865 15367.031 82.71413781881483 82.80663836457194 82.83236788923524 82.71413781881483 82.80663836457194 82.83236788923524
 2730816 256 16875.982 16880.035 16897.202 82.7461133506009 82.8302661694718 82.85015900111767 82.7461133506009 82.8302661694718 82.85015900111767
 3003872 256 18581.867 18584.967 18722.057 82.14815626295764 82.75411325723634 82.7679190686275 82.14815626295764 82.75411325723634 82.7679190686275
 3304256 256 20413.876 20429.85 20447.969 82.73579992223189 82.80917735568299 82.87397611311052 82.73579992223189 82.80917735568299 82.87397611311052
 3634656 256 22433.043 22468.09 22474.051 82.80411359749962 82.82608232386465 82.95548098401095 82.80411359749962 82.82608232386465 82.95548098401095
 3998112 256 24674.177 24702.072 24715.185 82.8249250005614 82.86889229373148 82.96257840737708 82.8249250005614 82.86889229373148 82.96257840737708
 4397920 128 13604.879 13607.025 13942.003 80.75364206993785 82.74163676483286 82.75468822618708 80.75364206993785 82.74163676483286 82.75468822618708
 4837696 128 14940.977 14944.792 14967.203 82.74426263878428 82.86834477187772 82.88950421381412 82.74426263878428 82.86834477187772 82.88950421381412
 5321440 128 16432.047 16441.107 16450.167 82.81305837199099 82.85869315247447 82.90437825549064 82.81305837199099 82.85869315247447 82.90437825549064
 5853568 128 18075.943 18089.056 18098.831 82.79614346363033 82.84088500804022 82.90098104425313 82.79614346363033 82.84088500804022 82.90098104425313
 6438912 128 19881.964 19882.917 19884.109 82.89843271327872 82.90340255406186 82.90737635376465 82.89843271327872 82.90340255406186 82.90737635376465
 7082784 128 21854.877 21870.136 21894.217 82.81605613025576 82.90724410675818 82.96512965961784 82.81605613025576 82.90724410675818 82.96512965961784
 7791040 128 24046.898 24054.05 24091.005 82.79049545670676 82.91768912095884 82.9423504021184 82.79049545670676 82.91768912095884 82.9423504021184
 8570144 64 13228.893 13237.0 13237.953 82.86616760159218 82.87213356500718 82.92291970310742 82.86616760159218 82.87213356500718 82.92291970310742
 9427136 64 14544.964 14557.123 14573.097 82.80143939205234 82.8923000787999 82.96159467978056 82.80143939205234 82.8923000787999 82.96159467978056
 10369824 64 16013.145 16021.013 16021.013 82.84978434260056 82.84978434260056 82.89049227993627 82.84978434260056 82.84978434260056 82.89049227993627
 11406784 64 17627.954 17824.888 17974.138 81.23162023124557 81.91178267150963 82.82687554097315 81.23162023124557 81.91178267150963 82.82687554097315
 12547456 64 19378.901 19380.093 19382.954 82.86014443412495 82.8723767218248 82.8774742179652 82.86014443412495 82.8723767218248 82.8774742179652
 13802176 64 21313.906 21313.906 21349.907 82.74876925693401 82.88853896606281 82.88853896606281 82.74876925693401 82.88853896606281 82.88853896606281
 15182368 64 23442.984 23457.05 23512.125 82.65280590333711 82.84686710391972 82.89657596490277 82.65280590333711 82.84686710391972 82.89657596490277
 16700576 64 25776.863 25784.969 25820.017 82.7913369692979 82.90387039053644 82.92994100950143 82.7913369692979 82.90387039053644 82.92994100950143
 18370624 32 14190.912 14213.085 14359.951 81.87492673199233 82.72095298100307 82.85020272129091 81.87492673199233 82.72095298100307 82.85020272129091
 20207680 32 15587.091 15630.96 16027.927 80.68988085608325 82.739097278734 82.97196186254381 80.68988085608325 82.739097278734 82.97196186254381
 22228448 32 17153.978 17168.999 17171.86 82.84604416760911 82.85984942977747 82.93240623253685 82.84604416760911 82.85984942977747 82.93240623253685
 24451264 32 18876.791 19061.089 19088.984 81.97821822261467 82.09818945811543 82.89973099771036 81.97821822261467 82.09818945811543 82.89973099771036
 26896384 32 20776.033 20780.087 20793.915 82.78232242461316 82.83740948726538 82.8535734420522 82.78232242461316 82.83740948726538 82.8535734420522
 29586016 32 22845.984 22849.083 22903.919 82.67166086292917 82.87006633920495 82.88130745429919 82.67166086292917 82.87006633920495 82.88130745429919
 32544608 32 25141.001 25152.206 25339.127 82.19915832143705 82.81002914813914 82.84693644457515 82.19915832143705 82.81002914813914 82.84693644457515
 35799040 16 13845.921 13848.066 13859.987 82.65298372934981 82.72413490808029 82.73695047082819 82.65298372934981 82.72413490808029 82.73695047082819
 39378944 16 15241.146 15248.06 15423.775 81.70024575695639 82.64173986723557 82.67922950150862 81.70024575695639 82.64173986723557 82.67922950150862
 43316832 16 16791.105 16792.059 16975.164 81.65686198966914 82.54726975411413 82.55195974297105 81.65686198966914 82.54726975411413 82.55195974297105
 47648512 16 18453.121 18460.989 18498.898 82.42395757844602 82.59321231381482 82.62842822089553 82.42395757844602 82.59321231381482 82.62842822089553
 52413344 16 20291.09 20300.15 20625.83 81.3168249714072 82.62140959549559 82.6583001701732 81.3168249714072 82.62140959549559 82.6583001701732
 57654656 16 22294.998 22326.946 22530.794 81.88566244048033 82.63328947899994 82.75170026927115 81.88566244048033 82.63328947899994 82.75170026927115
 63420096 16 24562.12 24672.985 25279.999 80.27860570722332 82.2536499738479 82.62491478748576 80.27860570722332 82.2536499738479 82.62491478748576
 69762080 8 13717.175 13798.952 14045.954 79.46724587023424 80.88971394349369 81.37195012821518 79.46724587023424 80.88971394349369 81.37195012821518
 76738272 8 15033.007 15227.079 15271.902 80.39681972815173 80.6334788175723 81.67443492842118 80.39681972815173 80.6334788175723 81.67443492842118
 84412096 8 16668.081 16803.98 16807.079 80.35861174925161 80.37343153229176 81.02873606145783 80.35861174925161 80.37343153229176 81.02873606145783
 92853280 8 17995.834 18485.069 18536.806 80.14608773485573 80.37040489272721 82.55535586736353 80.14608773485573 80.37040489272721 82.55535586736353
 102138592 8 19717.932 20380.02 20396.948 80.12068629090979 80.18723593009231 82.87976000728676 80.12068629090979 80.18723593009231 82.87976000728676
 112352448 8 21687.031 22400.856 22444.963 80.09098379890402 80.24868192536927 82.89005387597777 80.09098379890402 80.24868192536927 82.89005387597777
 123587680 8 23998.976 24637.938 24705.887 80.03772056433351 80.25845669390029 82.39530219956052 80.03772056433351 80.25845669390029 82.39530219956052
 135946432 4 13527.87 13612.032 13623.953 79.82789253603562 79.89780335514934 80.39487783368705 79.82789253603562 79.89780335514934 80.39487783368705
 149541056 4 14924.049 14984.131 14989.138 79.8130251386037 79.8396949412682 80.16111766987632 79.8130251386037 79.8396949412682 80.16111766987632
 164495136 4 16486.883 16488.075 16765.118 78.49399497217973 79.81290041439038 79.81867087914677 78.49399497217973 79.81290041439038 79.81867087914677
 180944640 4 18043.995 18150.091 18150.091 79.7548133505226 79.7548133505226 80.22375976051866 79.7548133505226 79.7548133505226 80.22375976051866
 199039104 4 19968.033 19972.086 20169.02 78.94844826372328 79.72691645729945 79.74309898225829 78.94844826372328 79.72691645729945 79.74309898225829
 218943008 4 21844.864 21965.027 21966.934 79.73548170172496 79.74240432301768 80.18104685842859 79.73548170172496 79.74240432301768 80.18104685842859
 240837280 4 24178.982 24188.995 24425.03 78.882123788589 79.65185159614941 79.68483702084727 78.882123788589 79.65185159614941 79.68483702084727
 264920992 4 26477.098 26613.951 26627.064 79.59450339699488 79.63372052499834 80.04532581327456 79.59450339699488 79.63372052499834 80.04532581327456
 291413088 2 14590.025 14655.113 14668.941 79.4639743932435 79.53895353792223 79.89378715937772 79.4639743932435 79.53895353792223 79.89378715937772
 320554368 2 16043.186 16119.003 16134.024 79.47288735903702 79.54694666909609 79.92287018301725 79.47288735903702 79.54694666909609 79.92287018301725
 352609792 2 17729.044 17738.104 18021.107 78.26595602589784 79.51465207329937 79.55528611695023 78.26595602589784 79.51465207329937 79.55528611695023
 387870752 2 19420.147 19531.965 19533.873 79.42526338734771 79.43302212552602 79.8903843518795 79.42526338734771 79.43302212552602 79.8903843518795
 426657824 2 21360.159 21490.097 21495.819 79.3936391072143 79.41477863036168 79.89787416844604 79.3936391072143 79.41477863036168 79.89787416844604
 469323584 2 23507.833 23644.209 23653.984 79.36482649180789 79.3976375356858 79.85824707875031 79.36482649180789 79.3976375356858 79.85824707875031
 516255936 2 25832.176 26026.011 26031.017 79.32935328650433 79.34461197299886 79.93998430484524 79.32935328650433 79.34461197299886 79.93998430484524
 567881504 1 14324.188 14332.056 14621.973 77.67508584511818 79.24634176701514 79.28987025302936 77.67508584511818 79.24634176701514 79.28987025302936
 624669632 1 15763.998 15774.965 15875.816 78.69449129417977 79.19759340195051 79.25269110031604 78.69449129417977 79.19759340195051 79.25269110031604
 687136576 1 17348.051 17390.966 17447.948 78.76417054888059 79.02224361774958 79.21772607193742 78.76417054888059 79.02224361774958 79.21772607193742
 755850208 1 19104.004 19106.15 19154.072 78.92318750811837 79.12114245936517 79.13003033290822 78.92318750811837 79.12114245936517 79.13003033290822
 831435200 1 20992.041 21020.889 21226.883 78.33794533092777 79.10561727432174 79.21432699183467 78.33794533092777 79.10561727432174 79.21432699183467
 914578720 1 23092.985 23110.151 23149.967 79.01339297805478 79.14952351458022 79.20835872885208 79.01339297805478 79.14952351458022 79.20835872885208
 1006036576 1 25400.162 25426.865 25454.044 79.04728820300618 79.13178254574444 79.21497319584026 79.04728820300618 79.13178254574444 79.21497319584026
 
META_DATA
 FLOPS          16
 MPI_PROCS      1
 OPENMP_THREADS 4
 ERT_VERSION  1.1.0
 HOSTNAME  ('c3cpu-c11-u13-2.rc.int.colorado.edu', [], ['10.225.64.253'])
 UNAME  uname_result(system='Linux', node='c3cpu-c11-u13-2.rc.int.colorado.edu', release='4.18.0-305.34.2.el8_4.x86_64', version='#1 SMP Mon Jan 17 09:42:23 EST 2022', machine='x86_64', processor='x86_64')
 TIMESTAMP_DATA  1728534181.9294777
 CONFIG  {'nux': ['workstation,', 'MPI', 'and', 'OpenMP', '(8-core', 'Intel', 'Xeon', 'CPU', 'E5530,', '2.40', 'GHz)'], 'ERT_RESULTS': ['Results.alpine'], 'ERT_DRIVER': ['driver1'], 'ERT_KERNEL': ['kernel1'], 'ERT_MPI': ['True'], 'ERT_MPI_CFLAGS': ['-I/usr/include/mpi'], 'ERT_MPI_LDFLAGS': ['-lmpi'], 'ERT_OPENMP': ['True'], 'ERT_OPENMP_CFLAGS': ['-qopenmp'], 'ERT_OPENMP_LDFLAGS': ['-qopenmp'], 'ERT_FLOPS': ['1,2,4,8,16'], 'ERT_ALIGN': ['32'], 'ERT_CC': ['icpc'], 'ERT_CFLAGS': ['-O3', '-fno-alias', '-fno-fnalias', '-DERT_INTEL'], 'ERT_LD': ['icpc'], 'ERT_LDFLAGS': [], 'ERT_LDLIBS': [], 'ERT_PRECISION': ['FP64'], 'ERT_RUN': ['export', 'OMP_NUM_THREADS=ERT_OPENMP_THREADS;', 'mpirun', '-np', 'ERT_MPI_PROCS', 'ERT_CODE'], 'ERT_PROCS_THREADS': ['1-8'], 'ERT_MPI_PROCS': ['1,2,4,8'], 'ERT_OPENMP_THREADS': ['1,2,4,8'], 'ERT_NUM_EXPERIMENTS': ['3'], 'ERT_MEMORY_MAX': ['1073741824'], 'ERT_WORKING_SET_MIN': ['1'], 'ERT_TRIALS_MIN': ['1'], 'ERT_GNUPLOT': ['gnuplot'], 'ERT_GPU': [False], 'ERT_HIP': [False], 'ERT_OCL': [False], 'ERT_SYCL': [False], 'ERT_WSS_MULT': [1.1]}
 TIMESTAMP_DATA  1728534198.7069786
 TIMESTAMP_DATA  1728534215.766613
 