fp64
 8 134217728 1822987.795 1822987.795 1822987.795 1.1780022081826391 1.1780022081826391 1.1780022081826391 1.1780022081826391 1.1780022081826391 1.1780022081826391
 16 67108864 928705.931 928705.931 928705.931 2.312339758278124 2.312339758278124 2.312339758278124 2.312339758278124 2.312339758278124 2.312339758278124
 24 33554432 464514.971 464514.971 464514.971 3.4672999505972864 3.4672999505972864 3.4672999505972864 3.4672999505972864 3.4672999505972864 3.4672999505972864
 32 33554432 466206.074 466206.074 466206.074 4.606297017056882 4.606297017056882 4.606297017056882 4.606297017056882 4.606297017056882 4.606297017056882
 40 16777216 232845.068 232845.068 232845.068 5.76425041564548 5.76425041564548 5.76425041564548 5.76425041564548 5.76425041564548 5.76425041564548
 48 16777216 234977.007 234977.007 234977.007 6.854341863329632 6.854341863329632 6.854341863329632 6.854341863329632 6.854341863329632 6.854341863329632
 56 16777216 235110.998 235110.998 235110.998 7.992174793966891 7.992174793966891 7.992174793966891 7.992174793966891 7.992174793966891 7.992174793966891
 64 16777216 236739.874 236739.874 236739.874 9.07106864473536 9.07106864473536 9.07106864473536 9.07106864473536 9.07106864473536 9.07106864473536
 72 8388608 118623.018 118623.018 118623.018 10.183180063754573 10.183180063754573 10.183180063754573 10.183180063754573 10.183180063754573 10.183180063754573
 80 8388608 119472.98 119472.98 119472.98 11.234149177496034 11.234149177496034 11.234149177496034 11.234149177496034 11.234149177496034 11.234149177496034
 88 8388608 120354.891 120354.891 120354.891 12.267012962522644 12.267012962522644 12.267012962522644 12.267012962522644 12.267012962522644 12.267012962522644
 96 8388608 120531.082 120531.082 120531.082 13.36263401335765 13.36263401335765 13.36263401335765 13.36263401335765 13.36263401335765 13.36263401335765
 104 8388608 122561.932 122561.932 122561.932 14.236316575035714 14.236316575035714 14.236316575035714 14.236316575035714 14.236316575035714 14.236316575035714
 112 8388608 123399.973 123399.973 123399.973 15.227298242601723 15.227298242601723 15.227298242601723 15.227298242601723 15.227298242601723 15.227298242601723
 120 8388608 132444.143 132444.143 132444.143 15.200867885867929 15.200867885867929 15.200867885867929 15.200867885867929 15.200867885867929 15.200867885867929
 128 8388608 122947.931 122947.931 122947.931 17.466610706934144 17.466610706934144 17.466610706934144 17.466610706934144 17.466610706934144 17.466610706934144
 136 4194304 64320.087 64320.087 64320.087 17.73708247627215 17.73708247627215 17.73708247627215 17.73708247627215 17.73708247627215 17.73708247627215
 144 4194304 67434.072 67434.072 67434.072 17.913193081384733 17.913193081384733 17.913193081384733 17.913193081384733 17.913193081384733 17.913193081384733
 152 4194304 77296.972 77296.972 77296.972 16.495709767259708 16.495709767259708 16.495709767259708 16.495709767259708 16.495709767259708 16.495709767259708
 160 4194304 77128.887 77128.887 77128.887 17.40174572984568 17.40174572984568 17.40174572984568 17.40174572984568 17.40174572984568 17.40174572984568
 176 4194304 82046.986 82046.986 82046.986 17.99450631861114 17.99450631861114 17.99450631861114 17.99450631861114 17.99450631861114 17.99450631861114
 192 4194304 86963.892 86963.892 86963.892 18.5204767054354 18.5204767054354 18.5204767054354 18.5204767054354 18.5204767054354 18.5204767054354
 208 4194304 92227.936 92227.936 92227.936 18.918676267459787 18.918676267459787 18.918676267459787 18.918676267459787 18.918676267459787 18.918676267459787
 224 4194304 101563.931 101563.931 101563.931 18.501136904596574 18.501136904596574 18.501136904596574 18.501136904596574 18.501136904596574 18.501136904596574
 240 4194304 111411.095 111411.095 111411.095 18.07060526601951 18.07060526601951 18.07060526601951 18.07060526601951 18.07060526601951 18.07060526601951
 264 2097152 55819.035 55819.035 55819.035 19.83725186220077 19.83725186220077 19.83725186220077 19.83725186220077 19.83725186220077 19.83725186220077
 288 2097152 62824.965 62824.965 62824.965 19.227381217005057 19.227381217005057 19.227381217005057 19.227381217005057 19.227381217005057 19.227381217005057
 312 2097152 74168.921 74168.921 74168.921 17.643816714011518 17.643816714011518 17.643816714011518 17.643816714011518 17.643816714011518 17.643816714011518
 336 2097152 76502.085 76502.085 76502.085 18.421539020799234 18.421539020799234 18.421539020799234 18.421539020799234 18.421539020799234 18.421539020799234
 368 2097152 81830.978 81830.978 81830.978 18.862097334337125 18.862097334337125 18.862097334337125 18.862097334337125 18.862097334337125 18.862097334337125
 400 2097152 82705.021 82705.021 82705.021 20.28560756909789 20.28560756909789 20.28560756909789 20.28560756909789 20.28560756909789 20.28560756909789
 440 2097152 97765.923 97765.923 97765.923 18.87665664446292 18.87665664446292 18.87665664446292 18.87665664446292 18.87665664446292 18.87665664446292
 480 2097152 102054.119 102054.119 102054.119 19.727434225364284 19.727434225364284 19.727434225364284 19.727434225364284 19.727434225364284 19.727434225364284
 528 1048576 54394.007 54394.007 54394.007 20.35695322096789 20.35695322096789 20.35695322096789 20.35695322096789 20.35695322096789 20.35695322096789
 576 1048576 61302.9 61302.9 61302.9 19.70477011691127 19.70477011691127 19.70477011691127 19.70477011691127 19.70477011691127 19.70477011691127
 632 1048576 68045.855 68045.855 68045.855 19.478042622875414 19.478042622875414 19.478042622875414 19.478042622875414 19.478042622875414 19.478042622875414
 688 1048576 71575.165 71575.165 71575.165 20.158396784694805 20.158396784694805 20.158396784694805 20.158396784694805 20.158396784694805 20.158396784694805
 752 1048576 78768.969 78768.969 78768.969 20.021314535677114 20.021314535677114 20.021314535677114 20.021314535677114 20.021314535677114 20.021314535677114
 824 1048576 87424.04 87424.04 87424.04 19.766339418768567 19.766339418768567 19.766339418768567 19.766339418768567 19.766339418768567 19.766339418768567
 904 1048576 91768.98 91768.98 91768.98 20.658673638957303 20.658673638957303 20.658673638957303 20.658673638957303 20.658673638957303 20.658673638957303
 992 1048576 102935.076 102935.076 102935.076 20.210552756574444 20.210552756574444 20.210552756574444 20.210552756574444 20.210552756574444 20.210552756574444
 1088 524288 56269.884 56269.884 56269.884 20.274623064799638 20.274623064799638 20.274623064799638 20.274623064799638 20.274623064799638 20.274623064799638
 1192 524288 61578.989 61578.989 61578.989 20.29754973729757 20.29754973729757 20.29754973729757 20.29754973729757 20.29754973729757 20.29754973729757
 1304 524288 66752.911 66752.911 66752.911 20.483647582050764 20.483647582050764 20.483647582050764 20.483647582050764 20.483647582050764 20.483647582050764
 1432 524288 73389.053 73389.053 73389.053 20.460283524846684 20.460283524846684 20.460283524846684 20.460283524846684 20.460283524846684 20.460283524846684
 1568 524288 79754.829 79754.829 79754.829 20.615267923149833 20.615267923149833 20.615267923149833 20.615267923149833 20.615267923149833 20.615267923149833
 1720 524288 88881.969 88881.969 88881.969 20.291525269877855 20.291525269877855 20.291525269877855 20.291525269877855 20.291525269877855 20.291525269877855
 1888 524288 96642.017 96642.017 96642.017 20.484997617547652 20.484997617547652 20.484997617547652 20.484997617547652 20.484997617547652 20.484997617547652
 2072 262144 52776.098 52776.098 52776.098 20.583650121310598 20.583650121310598 20.583650121310598 20.583650121310598 20.583650121310598 20.583650121310598
 2272 262144 57454.109 57454.109 57454.109 20.732761446183076 20.732761446183076 20.732761446183076 20.732761446183076 20.732761446183076 20.732761446183076
 2496 262144 63553.095 63553.095 63553.095 20.59101681829972 20.59101681829972 20.59101681829972 20.59101681829972 20.59101681829972 20.59101681829972
 2744 262144 69973.946 69973.946 69973.946 20.559741935948562 20.559741935948562 20.559741935948562 20.559741935948562 20.559741935948562 20.559741935948562
 3016 262144 76604.843 76604.843 76604.843 20.64167937789521 20.64167937789521 20.64167937789521 20.64167937789521 20.64167937789521 20.64167937789521
 3312 262144 83842.039 83842.039 83842.039 20.710873408028636 20.710873408028636 20.710873408028636 20.710873408028636 20.710873408028636 20.710873408028636
 3640 262144 92355.967 92355.967 92355.967 20.663616894401635 20.663616894401635 20.663616894401635 20.663616894401635 20.663616894401635 20.663616894401635
 4000 262144 100651.026 100651.026 100651.026 20.83587304912321 20.83587304912321 20.83587304912321 20.83587304912321 20.83587304912321 20.83587304912321
 4400 131072 55588.007 55588.007 55588.007 20.74968436986777 20.74968436986777 20.74968436986777 20.74968436986777 20.74968436986777 20.74968436986777
 4840 131072 61200.857 61200.857 61200.857 20.731359366421945 20.731359366421945 20.731359366421945 20.731359366421945 20.731359366421945 20.731359366421945
 5320 131072 67064.047 67064.047 67064.047 20.79513751980998 20.79513751980998 20.79513751980998 20.79513751980998 20.79513751980998 20.79513751980998
 5848 131072 74086.905 74086.905 74086.905 20.692160267728827 20.692160267728827 20.692160267728827 20.692160267728827 20.692160267728827 20.692160267728827
 6432 131072 80911.16 80911.16 80911.16 20.83903145128558 20.83903145128558 20.83903145128558 20.83903145128558 20.83903145128558 20.83903145128558
 7072 131072 88859.797 88859.797 88859.797 20.86300476243492 20.86300476243492 20.86300476243492 20.86300476243492 20.86300476243492 20.86300476243492
 7776 131072 97903.967 97903.967 97903.967 20.82072674338109 20.82072674338109 20.82072674338109 20.82072674338109 20.82072674338109 20.82072674338109
 8552 65536 53685.904 53685.904 53685.904 20.879367962212203 20.879367962212203 20.879367962212203 20.879367962212203 20.879367962212203 20.879367962212203
 9400 65536 59339.046 59339.046 59339.046 20.763340212783334 20.763340212783334 20.763340212783334 20.763340212783334 20.763340212783334 20.763340212783334
 10336 65536 65059.9 65059.9 65059.9 20.82327504345995 20.82327504345995 20.82327504345995 20.82327504345995 20.82327504345995 20.82327504345995
 11368 65536 71910.143 71910.143 71910.143 20.72067213105111 20.72067213105111 20.72067213105111 20.72067213105111 20.72067213105111 20.72067213105111
 12504 65536 79027.891 79027.891 79027.891 20.73855530321567 20.73855530321567 20.73855530321567 20.73855530321567 20.73855530321567 20.73855530321567
 13752 65536 86772.919 86772.919 86772.919 20.77263465114041 20.77263465114041 20.77263465114041 20.77263465114041 20.77263465114041 20.77263465114041
 15120 65536 95108.986 95108.986 95108.986 20.837238660077816 20.837238660077816 20.837238660077816 20.837238660077816 20.837238660077816 20.837238660077816
 16632 32768 52318.096 52318.096 52318.096 20.83399120640782 20.83399120640782 20.83399120640782 20.83399120640782 20.83399120640782 20.83399120640782
 18288 32768 57474.852 57474.852 57474.852 20.85298745962843 20.85298745962843 20.85298745962843 20.85298745962843 20.85298745962843 20.85298745962843
 20112 32768 63251.019 63251.019 63251.019 20.838558063388668 20.838558063388668 20.838558063388668 20.838558063388668 20.838558063388668 20.838558063388668
 22120 32768 69893.122 69893.122 69893.122 20.74104401860887 20.74104401860887 20.74104401860887 20.74104401860887 20.74104401860887 20.74104401860887
 24328 32768 76526.88 76526.88 76526.88 20.833984189607627 20.833984189607627 20.833984189607627 20.833984189607627 20.833984189607627 20.833984189607627
 26760 32768 83988.905 83988.905 83988.905 20.880655129388817 20.880655129388817 20.880655129388817 20.880655129388817 20.880655129388817 20.880655129388817
 29432 32768 92226.028 92226.028 92226.028 20.91443808032153 20.91443808032153 20.91443808032153 20.91443808032153 20.91443808032153 20.91443808032153
 32368 32768 101723.194 101723.194 101723.194 20.853348824261257 20.853348824261257 20.853348824261257 20.853348824261257 20.853348824261257 20.853348824261257
 35600 16384 55937.052 55937.052 55937.052 20.85452769302179 20.85452769302179 20.85452769302179 20.85452769302179 20.85452769302179 20.85452769302179
 39160 16384 61697.006 61697.006 61697.006 20.7983330665997 20.7983330665997 20.7983330665997 20.7983330665997 20.7983330665997 20.7983330665997
 43072 16384 68058.014 68058.014 68058.014 20.737944189790785 20.737944189790785 20.737944189790785 20.737944189790785 20.737944189790785 20.737944189790785
 47376 16384 74673.176 74673.176 74673.176 20.789483602518793 20.789483602518793 20.789483602518793 20.789483602518793 20.789483602518793 20.789483602518793
 52112 16384 82087.994 82087.994 82087.994 20.802140883111356 20.802140883111356 20.802140883111356 20.802140883111356 20.802140883111356 20.802140883111356
 57320 16384 90795.994 90795.994 90795.994 20.686614874220112 20.686614874220112 20.686614874220112 20.686614874220112 20.686614874220112 20.686614874220112
 63048 16384 99673.986 99673.986 99673.986 20.72714202480073 20.72714202480073 20.72714202480073 20.72714202480073 20.72714202480073 20.72714202480073
 69352 8192 54710.865 54710.865 54710.865 20.768510386373894 20.768510386373894 20.768510386373894 20.768510386373894 20.768510386373894 20.768510386373894
 76280 8192 60330.868 60330.868 60330.868 20.715291548598305 20.715291548598305 20.715291548598305 20.715291548598305 20.715291548598305 20.715291548598305
 83904 8192 66093.922 66093.922 66093.922 20.798934219700264 20.798934219700264 20.798934219700264 20.798934219700264 20.798934219700264 20.798934219700264
 92288 8192 72736.025 72736.025 72736.025 20.78813891740716 20.78813891740716 20.78813891740716 20.78813891740716 20.78813891740716 20.78813891740716
 101512 8192 79727.888 79727.888 79727.888 20.86061288867955 20.86061288867955 20.86061288867955 20.86061288867955 20.86061288867955 20.86061288867955
 111656 8192 87864.161 87864.161 87864.161 20.82045606740614 20.82045606740614 20.82045606740614 20.82045606740614 20.82045606740614 20.82045606740614
 122816 8192 96579.79 96579.79 96579.79 20.834766196944518 20.834766196944518 20.834766196944518 20.834766196944518 20.834766196944518 20.834766196944518
 135096 4096 53138.018 53138.018 53138.018 20.827017522557956 20.827017522557956 20.827017522557956 20.827017522557956 20.827017522557956 20.827017522557956
 148600 4096 58315.992 58315.992 58315.992 20.874740499998698 20.874740499998698 20.874740499998698 20.874740499998698 20.874740499998698 20.874740499998698
 163456 4096 64316.034 64316.034 64316.034 20.819560360329433 20.819560360329433 20.819560360329433 20.819560360329433 20.819560360329433 20.819560360329433
 179800 4096 70762.873 70762.873 70762.873 20.814892577920062 20.814892577920062 20.814892577920062 20.814892577920062 20.814892577920062 20.814892577920062
 197776 4096 77689.886 77689.886 77689.886 20.854464788376703 20.854464788376703 20.854464788376703 20.854464788376703 20.854464788376703 20.854464788376703
 217552 4096 85469.961 85469.961 85469.961 20.851606378994372 20.851606378994372 20.851606378994372 20.851606378994372 20.851606378994372 20.851606378994372
 239304 4096 94058.037 94058.037 94058.037 20.842220723785676 20.842220723785676 20.842220723785676 20.842220723785676 20.842220723785676 20.842220723785676
 263232 2048 51774.025 51774.025 51774.025 20.825081148317135 20.825081148317135 20.825081148317135 20.825081148317135 20.825081148317135 20.825081148317135
 289552 2048 56794.882 56794.882 56794.882 20.88225118594313 20.88225118594313 20.88225118594313 20.88225118594313 20.88225118594313 20.88225118594313
 318504 2048 62461.853 62461.853 62461.853 20.886226093868842 20.886226093868842 20.886226093868842 20.886226093868842 20.886226093868842 20.886226093868842
 350352 2048 68761.826 68761.826 68761.826 20.869745256619566 20.869745256619566 20.869745256619566 20.869745256619566 20.869745256619566 20.869745256619566
 385384 2048 75681.925 75681.925 75681.925 20.85746185763642 20.85746185763642 20.85746185763642 20.85746185763642 20.85746185763642 20.85746185763642
 423920 2048 83761.215 83761.215 83761.215 20.73007560838271 20.73007560838271 20.73007560838271 20.73007560838271 20.73007560838271 20.73007560838271
 466312 2048 91571.093 91571.093 91571.093 20.858263120218517 20.858263120218517 20.858263120218517 20.858263120218517 20.858263120218517 20.858263120218517
 512936 2048 100677.967 100677.967 100677.967 20.868377844777097 20.868377844777097 20.868377844777097 20.868377844777097 20.868377844777097 20.868377844777097
 564224 1024 55345.058 55345.058 55345.058 20.878661867153525 20.878661867153525 20.878661867153525 20.878661867153525 20.878661867153525 20.878661867153525
 620640 1024 61037.064 61037.064 61037.064 20.824571771669753 20.824571771669753 20.824571771669753 20.824571771669753 20.824571771669753 20.824571771669753
 682704 1024 67398.071 67398.071 67398.071 20.745071353748394 20.745071353748394 20.745071353748394 20.745071353748394 20.745071353748394 20.745071353748394
 750968 1024 74162.006 74162.006 74162.006 20.73814540561376 20.73814540561376 20.73814540561376 20.73814540561376 20.73814540561376 20.73814540561376
 826064 1024 81562.042 81562.042 81562.042 20.742235364828165 20.742235364828165 20.742235364828165 20.742235364828165 20.742235364828165 20.742235364828165
 908664 1024 89546.919 89546.919 89546.919 20.78177443491942 20.78177443491942 20.78177443491942 20.78177443491942 20.78177443491942 20.78177443491942
 999528 1024 98486.9 98486.9 98486.9 20.78482868279944 20.78482868279944 20.78482868279944 20.78482868279944 20.78482868279944 20.78482868279944
 1099480 512 54265.022 54265.022 54265.022 20.747573271047415 20.747573271047415 20.747573271047415 20.747573271047415 20.747573271047415 20.747573271047415
 1209424 512 59649.944 59649.944 59649.944 20.761967119365607 20.761967119365607 20.761967119365607 20.761967119365607 20.761967119365607 20.761967119365607
 1330360 512 65426.826 65426.826 65426.826 20.821560868625966 20.821560868625966 20.821560868625966 20.821560868625966 20.821560868625966 20.821560868625966
 1463392 512 72170.973 72170.973 72170.973 20.763380978665758 20.763380978665758 20.763380978665758 20.763380978665758 20.763380978665758 20.763380978665758
 1609728 512 79314.947 79314.947 79314.947 20.782482171992122 20.782482171992122 20.782482171992122 20.782482171992122 20.782482171992122 20.782482171992122
 1770696 512 87219.954 87219.954 87219.954 20.788737219467002 20.788737219467002 20.788737219467002 20.788737219467002 20.788737219467002 20.788737219467002
 1947760 512 95818.996 95818.996 95818.996 20.815353147720312 20.815353147720312 20.815353147720312 20.815353147720312 20.815353147720312 20.815353147720312
 2142536 256 52779.198 52779.198 52779.198 20.784295206607723 20.784295206607723 20.784295206607723 20.784295206607723 20.784295206607723 20.784295206607723
 2356784 256 58085.918 58085.918 58085.918 20.77394056163492 20.77394056163492 20.77394056163492 20.77394056163492 20.77394056163492 20.77394056163492
 2592456 256 63938.141 63938.141 63938.141 20.759713235954106 20.759713235954106 20.759713235954106 20.759713235954106 20.759713235954106 20.759713235954106
 2851696 256 70712.09 70712.09 70712.09 20.648072373479557 20.648072373479557 20.648072373479557 20.648072373479557 20.648072373479557 20.648072373479557
 3136864 256 77571.154 77571.154 77571.154 20.704531068340174 20.704531068340174 20.704531068340174 20.704531068340174 20.704531068340174 20.704531068340174
 3450544 256 86101.77 86101.77 86101.77 20.518492569897223 20.518492569897223 20.518492569897223 20.518492569897223 20.518492569897223 20.518492569897223
 3795592 256 93601.942 93601.942 93601.942 20.761781886961277 20.761781886961277 20.761781886961277 20.761781886961277 20.761781886961277 20.761781886961277
 4175144 256 102848.053 102848.053 102848.053 20.78477584792004 20.78477584792004 20.78477584792004 20.78477584792004 20.78477584792004 20.78477584792004
 4592656 128 56613.922 56613.922 56613.922 20.76732885596585 20.76732885596585 20.76732885596585 20.76732885596585 20.76732885596585 20.76732885596585
 5051920 128 62259.197 62259.197 62259.197 20.772698369367017 20.772698369367017 20.772698369367017 20.772698369367017 20.772698369367017 20.772698369367017
 5557112 128 68833.113 68833.113 68833.113 20.667678824870233 20.667678824870233 20.667678824870233 20.667678824870233 20.667678824870233 20.667678824870233
 6112816 128 75206.041 75206.041 75206.041 20.807914832267265 20.807914832267265 20.807914832267265 20.807914832267265 20.807914832267265 20.807914832267265
 6724096 128 83084.106 83084.106 83084.106 20.71838596903239 20.71838596903239 20.71838596903239 20.71838596903239 20.71838596903239 20.71838596903239
 7396504 128 91454.029 91454.029 91454.029 20.704446208706674 20.704446208706674 20.704446208706674 20.704446208706674 20.704446208706674 20.704446208706674
 8136152 128 100470.066 100470.066 100470.066 20.731099270901243 20.731099270901243 20.731099270901243 20.731099270901243 20.731099270901243 20.731099270901243
 8949760 64 54995.06 54995.06 54995.06 20.830403312588437 20.830403312588437 20.830403312588437 20.830403312588437 20.830403312588437 20.830403312588437
 9844736 64 60703.039 60703.039 60703.039 20.758865268672956 20.758865268672956 20.758865268672956 20.758865268672956 20.758865268672956 20.758865268672956
 10829208 64 66741.943 66741.943 66741.943 20.768628566896833 20.768628566896833 20.768628566896833 20.768628566896833 20.768628566896833 20.768628566896833
 11912128 64 73236.942 73236.942 73236.942 20.81944360811788 20.81944360811788 20.81944360811788 20.81944360811788 20.81944360811788 20.81944360811788
 13103336 64 80832.958 80832.958 80832.958 20.74929644415586 20.74929644415586 20.74929644415586 20.74929644415586 20.74929644415586 20.74929644415586
 14413664 64 88696.003 88696.003 88696.003 20.800813222665738 20.800813222665738 20.800813222665738 20.800813222665738 20.800813222665738 20.800813222665738
 15855024 64 97562.79 97562.79 97562.79 20.801404633877322 20.801404633877322 20.801404633877322 20.801404633877322 20.801404633877322 20.801404633877322
 17440520 32 53616.047 53616.047 53616.047 20.818268829106334 20.818268829106334 20.818268829106334 20.818268829106334 20.818268829106334 20.818268829106334
 19184568 32 59139.013 59139.013 59139.013 20.761461676744588 20.761461676744588 20.761461676744588 20.761461676744588 20.761461676744588 20.761461676744588
 21103024 32 65109.968 65109.968 65109.968 20.7432683118505 20.7432683118505 20.7432683118505 20.7432683118505 20.7432683118505 20.7432683118505
 23213320 32 71368.933 71368.933 71368.933 20.816515219584407 20.816515219584407 20.816515219584407 20.816515219584407 20.816515219584407 20.816515219584407
 25534648 32 78496.933 78496.933 78496.933 20.81887036274398 20.81887036274398 20.81887036274398 20.81887036274398 20.81887036274398 20.81887036274398
 28088112 32 86410.046 86410.046 86410.046 20.803589989987966 20.803589989987966 20.803589989987966 20.803589989987966 20.803589989987966 20.803589989987966
 30896920 32 95393.896 95393.896 95393.896 20.728819797862123 20.728819797862123 20.728819797862123 20.728819797862123 20.728819797862123 20.728819797862123
 33986608 16 52990.913 52990.913 52990.913 20.52373500339577 20.52373500339577 20.52373500339577 20.52373500339577 20.52373500339577 20.52373500339577
 37385264 16 59509.993 59509.993 59509.993 20.102984182841357 20.102984182841357 20.102984182841357 20.102984182841357 20.102984182841357 20.102984182841357
 41123784 16 66020.012 66020.012 66020.012 19.9327605090408 19.9327605090408 19.9327605090408 19.9327605090408 19.9327605090408 19.9327605090408
 45236160 16 72430.849 72430.849 72430.849 19.98536728459444 19.98536728459444 19.98536728459444 19.98536728459444 19.98536728459444 19.98536728459444
 49759776 16 79189.062 79189.062 79189.062 20.10773700034482 20.10773700034482 20.10773700034482 20.10773700034482 20.10773700034482 20.10773700034482
 54735752 16 87169.886 87169.886 87169.886 20.093453649807458 20.093453649807458 20.093453649807458 20.093453649807458 20.093453649807458 20.093453649807458
 60209320 16 95933.199 95933.199 95933.199 20.08374848419263 20.08374848419263 20.08374848419263 20.08374848419263 20.08374848419263 20.08374848419263
 66230248 16 105720.997 105720.997 105720.997 20.046802396311115 20.046802396311115 20.046802396311115 20.046802396311115 20.046802396311115 20.046802396311115
 72853272 8 58508.158 58508.158 58508.158 19.92290292235828 19.92290292235828 19.92290292235828 19.92290292235828 19.92290292235828 19.92290292235828
 80138592 8 64476.967 64476.967 64476.967 19.886442115057925 19.886442115057925 19.886442115057925 19.886442115057925 19.886442115057925 19.886442115057925
 88152448 8 70170.879 70170.879 70170.879 20.100064130591836 20.100064130591836 20.100064130591836 20.100064130591836 20.100064130591836 20.100064130591836
 96967688 8 77188.015 77188.015 77188.015 20.100050610188642 20.100050610188642 20.100050610188642 20.100050610188642 20.100050610188642 20.100050610188642
 106664456 8 84969.044 84969.044 84969.044 20.085330087978868 20.085330087978868 20.085330087978868 20.085330087978868 20.085330087978868 20.085330087978868
 117330896 8 93614.101 93614.101 93614.101 20.053542318373598 20.053542318373598 20.053542318373598 20.053542318373598 20.053542318373598 20.053542318373598
 129063984 8 102925.062 102925.062 102925.062 20.0633713876218 20.0633713876218 20.0633713876218 20.0633713876218 20.0633713876218 20.0633713876218
 141970376 4 56668.043 56668.043 56668.043 20.042389817484963 20.042389817484963 20.042389817484963 20.042389817484963 20.042389817484963 20.042389817484963
 156167408 4 62277.079 62277.079 62277.079 20.06098044514901 20.06098044514901 20.06098044514901 20.06098044514901 20.06098044514901 20.06098044514901
 171784144 4 68542.004 68542.004 68542.004 20.05008712613655 20.05008712613655 20.05008712613655 20.05008712613655 20.05008712613655 20.05008712613655
 188962552 4 75472.832 75472.832 75472.832 20.029729585342714 20.029729585342714 20.029729585342714 20.029729585342714 20.029729585342714 20.029729585342714
 207858800 4 82785.845 82785.845 82785.845 20.086409699629208 20.086409699629208 20.086409699629208 20.086409699629208 20.086409699629208 20.086409699629208
 228644680 4 91140.032 91140.032 91140.032 20.06974761650292 20.06974761650292 20.06974761650292 20.06974761650292 20.06974761650292 20.06974761650292
 251509144 4 100554.943 100554.943 100554.943 20.009689150736232 20.009689150736232 20.009689150736232 20.009689150736232 20.009689150736232 20.009689150736232
 276660056 2 55126.19 55126.19 55126.19 20.074672746293547 20.074672746293547 20.074672746293547 20.074672746293547 20.074672746293547 20.074672746293547
 304326056 2 60827.017 60827.017 60827.017 20.01255830119041 20.01255830119041 20.01255830119041 20.01255830119041 20.01255830119041 20.01255830119041
 334758656 2 66681.862 66681.862 66681.862 20.080942310819097 20.080942310819097 20.080942310819097 20.080942310819097 20.080942310819097 20.080942310819097
 368234520 2 73297.977 73297.977 73297.977 20.095207811806322 20.095207811806322 20.095207811806322 20.095207811806322 20.095207811806322 20.095207811806322
 405057968 2 80707.788 80707.788 80707.788 20.0752853243853 20.0752853243853 20.0752853243853 20.0752853243853 20.0752853243853 20.0752853243853
 445563760 2 88983.059 88983.059 88983.059 20.02915004304359 20.02915004304359 20.02915004304359 20.02915004304359 20.02915004304359 20.02915004304359
 490120136 2 97877.026 97877.026 97877.026 20.030037937605503 20.030037937605503 20.030037937605503 20.030037937605503 20.030037937605503 20.030037937605503
 539132144 1 53732.157 53732.157 53732.157 20.067392567173506 20.067392567173506 20.067392567173506 20.067392567173506 20.067392567173506 20.067392567173506
 593045352 1 59206.963 59206.963 59206.963 20.03295970441855 20.03295970441855 20.03295970441855 20.03295970441855 20.03295970441855 20.03295970441855
 652349880 1 65047.026 65047.026 65047.026 20.057792649889947 20.057792649889947 20.057792649889947 20.057792649889947 20.057792649889947 20.057792649889947
 717584864 1 71518.898 71518.898 71518.898 20.067000025643573 20.067000025643573 20.067000025643573 20.067000025643573 20.067000025643573 20.067000025643573
 789343344 1 78691.006 78691.006 78691.006 20.06184401810799 20.06184401810799 20.06184401810799 20.06184401810799 20.06184401810799 20.06184401810799
 868277672 1 86746.931 86746.931 86746.931 20.01863724723587 20.01863724723587 20.01863724723587 20.01863724723587 20.01863724723587 20.01863724723587
 955105432 1 95278.978 95278.978 95278.978 20.048607826167068 20.048607826167068 20.048607826167068 20.048607826167068 20.048607826167068 20.048607826167068
 1050615968 1 104599.953 104599.953 104599.953 20.088268452663645 20.088268452663645 20.088268452663645 20.088268452663645 20.088268452663645 20.088268452663645
 
META_DATA
 FLOPS          16
 MPI_PROCS      1
 OPENMP_THREADS 1
 ERT_VERSION  1.1.0
 HOSTNAME  ('c3cpu-c11-u13-2.rc.int.colorado.edu', [], ['10.225.64.253'])
 UNAME  uname_result(system='Linux', node='c3cpu-c11-u13-2.rc.int.colorado.edu', release='4.18.0-305.34.2.el8_4.x86_64', version='#1 SMP Mon Jan 17 09:42:23 EST 2022', machine='x86_64', processor='x86_64')
 TIMESTAMP_DATA  1728420646.479423
 CONFIG  {'nux': ['workstation,', 'MPI', 'and', 'OpenMP', '(8-core', 'Intel', 'Xeon', 'CPU', 'E5530,', '2.40', 'GHz)'], 'ERT_RESULTS': ['Results.alpine'], 'ERT_DRIVER': ['driver1'], 'ERT_KERNEL': ['kernel1'], 'ERT_MPI': ['True'], 'ERT_MPI_CFLAGS': ['-I/usr/include/mpi'], 'ERT_MPI_LDFLAGS': ['-lmpi'], 'ERT_OPENMP': ['True'], 'ERT_OPENMP_CFLAGS': ['-qopenmp'], 'ERT_OPENMP_LDFLAGS': ['-qopenmp'], 'ERT_FLOPS': ['1,2,4,8,16'], 'ERT_ALIGN': ['32'], 'ERT_CC': ['icpc'], 'ERT_CFLAGS': ['-O3', '-fno-alias', '-fno-fnalias', '-DERT_INTEL'], 'ERT_LD': ['icpc'], 'ERT_LDFLAGS': [], 'ERT_LDLIBS': [], 'ERT_PRECISION': ['FP64'], 'ERT_RUN': ['export', 'OMP_NUM_THREADS=ERT_OPENMP_THREADS;', 'mpirun', '-np', 'ERT_MPI_PROCS', 'ERT_CODE'], 'ERT_PROCS_THREADS': ['1'], 'ERT_MPI_PROCS': ['1'], 'ERT_OPENMP_THREADS': ['1'], 'ERT_NUM_EXPERIMENTS': ['1'], 'ERT_MEMORY_MAX': ['1073741824'], 'ERT_WORKING_SET_MIN': ['1'], 'ERT_TRIALS_MIN': ['1'], 'ERT_GNUPLOT': ['gnuplot'], 'ERT_GPU': [False], 'ERT_HIP': [False], 'ERT_OCL': [False], 'ERT_SYCL': [False], 'ERT_WSS_MULT': [1.1]}
 