fp64
 64 16777216 65325.975 65327.168 65344.095 32.86423429691696 32.87274978765344 32.873350118387066 2.05401464355731 2.05454686172834 2.0545843823991916
 128 8388608 35358.906 35383.94 35756.111 60.05920632699681 60.69091367439579 60.73388266028366 3.7537003954373005 3.7931821046497367 3.795867666267729
 192 4194304 17691.851 17697.096 18141.985 88.77819797557986 91.01000164094718 91.03698284594417 5.548637373473741 5.688125102559199 5.68981142787151
 256 4194304 17812.967 17819.166 17838.955 120.38169545245223 120.51538483899864 120.55732478480425 7.523855965778265 7.532211552437415 7.534832799050266
 320 2097152 8960.962 8966.923 8982.897 149.41474671255833 149.6809195305904 149.7804900857743 9.338421669534895 9.3550574706619 9.361280630360893
 384 2097152 8889.914 8894.92 8900.881 180.94981114790772 181.07107607488317 181.17303901927508 11.309363196744233 11.316942254680198 11.323314938704693
 448 2097152 8858.919 8862.972 8871.794 211.8002505468454 212.01107168114711 212.10806781278845 13.237515659177838 13.250691980071695 13.256754238299278
 512 2097152 8849.859 8852.005 8854.866 242.52017455713053 242.59855795381952 242.6573856148443 15.157510909820658 15.16240987211372 15.166086600927768
 576 1048576 4429.102 4431.963 4432.917 272.497669593182 272.5563259440568 272.7323850297419 17.031104349573877 17.03477037150355 17.04577406435887
 640 1048576 4436.97 4438.877 4438.877 302.368657658232 302.368657658232 302.49861504585334 18.8980411036395 18.8980411036395 18.906163440365834
 704 1048576 4427.91 4431.963 4456.043 331.3242282446556 333.12439837606945 333.4293172173779 20.707764265290976 20.82027489850434 20.83933232608612
 768 1048576 4447.937 4451.036 4462.957 360.8846636882229 361.85120407923006 362.1033157618914 22.55529148051393 22.61570025495188 22.631457235118212
 832 1048576 4434.824 4438.162 4438.877 393.0792549557016 393.1425810955076 393.43849135839446 24.56745343473135 24.571411318469224 24.589905709899654
 896 1048576 4474.878 4487.038 4490.852 418.41685987425103 418.77251585567143 419.9104851573607 26.15105374214069 26.173282240979464 26.244405322335044
 960 1048576 4611.015 4650.116 4714.966 426.99479063051564 432.94961243977565 436.6209869193658 26.687174414407227 27.059350777485978 27.288811682460363
 1024 1048576 4516.125 4516.125 4566.908 470.22704376790597 475.5146609095187 475.5146609095187 29.389190235494123 29.719666306844918 29.719666306844918
 1088 524288 2382.994 2383.947 2388.0 477.7431691792295 478.55539070289734 478.7467731769362 29.858948073701843 29.909711918931084 29.92167332355851
 1152 524288 2362.967 2375.126 2404.928 502.28512121776623 508.58756630174554 511.204579666157 31.39282007611039 31.786722893859096 31.95028622913481
 1216 524288 2496.958 2550.125 2552.986 499.4419930230719 500.00231988628013 510.6487237670798 31.215124563941995 31.25014499289251 31.915545235442487
 1280 524288 2534.151 2575.874 2629.995 510.33453675767447 521.0570392806482 529.635874105371 31.895908547354654 32.56606495504051 33.10224213158569
 1408 524288 2734.9 2747.059 2777.1 531.6319210687408 537.4456857315405 539.8350974441478 33.2269950667963 33.59035535822128 33.739693590259236
 1536 524288 2892.971 2894.878 2897.978 555.7712087531374 556.3663601713095 556.7331079364433 34.73570054707109 34.77289751070684 34.795819246027705
 1664 524288 3062.963 3063.202 3063.917 569.4770661215692 569.6099911138737 569.6544372230419 35.59231663259808 35.600624444617104 35.60340232644012
 1792 524288 3233.91 3233.91 3234.863 580.8741180074705 581.0452956328407 581.0452956328407 36.30463237546691 36.31533097705255 36.31533097705255
 1920 524288 3402.948 3404.14 3407.001 590.9202609567768 591.4168982474281 591.6240624305749 36.93251630979855 36.963556140464256 36.97650390191093
 2112 262144 1873.016 1873.97 1883.03 588.0396254972039 590.8825947053581 591.1835542248436 36.752476593575246 36.93016216908488 36.94897213905273
 2304 262144 1959.801 1962.185 1975.06 611.6065091693417 615.6196036561282 616.3684741460996 38.22540682308386 38.476225228508014 38.52302963413123
 2496 262144 2127.886 2129.078 2129.793 614.4366367999144 614.6429806705062 614.9872916124266 38.40228979999465 38.415186291906636 38.43670572577666
 2688 262144 2296.925 2297.878 2300.024 612.7267124169139 613.2989410229785 613.5534003069321 38.29541952605712 38.33118381393616 38.347087519183255
 2944 262144 2465.963 2467.155 2477.884 622.9120782086651 625.6209569321749 625.9233703019875 38.93200488804157 39.10130980826093 39.120210643874216
 3200 262144 2681.971 2681.971 2684.116 625.0555490150202 625.5554590262161 625.5554590262161 39.065971813438765 39.09721618913851 39.09721618913851
 3520 262144 2852.917 2860.069 2866.03 643.9199031412791 645.2619709524491 646.8795832476025 40.24499394632994 40.32887318452807 40.42997395297515
 3840 262144 3105.164 3105.879 3109.932 647.3665404902744 648.2113179554001 648.3605761241596 40.46040878064215 40.513207372212506 40.522536007759975
 4224 131072 2039.909 2271.891 2299.07 481.6278999769471 487.3896925512711 542.8164962260571 30.101743748559194 30.461855784454443 33.92603101412857
 4608 131072 2146.006 2156.019 2424.955 498.1368940866944 560.2731478711459 562.8873134557872 31.1335558804184 35.017071741946616 35.1804570909867
 5056 131072 2382.04 2563.0 2578.02 514.1155088013282 517.1283901677722 556.4138570301087 32.132219300083015 32.32052438548576 34.775866064381795
 5504 131072 2275.944 2275.944 2276.897 633.6872401342705 633.9525823130974 633.9525823130974 39.605452508391906 39.62203639456859 39.62203639456859
 6016 131072 2446.175 2448.082 2449.989 643.7001570211131 644.2015847508376 644.7037942910871 40.23125981381957 40.26259904692735 40.29398714319294
 6592 131072 2699.852 2703.19 2704.144 639.0389150873622 639.2644423810387 640.0548059671419 39.939932192960136 39.95402764881492 40.00342537294637
 7232 131072 3000.021 3000.021 3002.882 631.3352998885737 631.937379105013 631.937379105013 39.458456243035855 39.49608619406331 39.49608619406331
 7936 131072 3254.89 3255.129 3255.129 639.1067094422372 639.1067094422372 639.1536377573436 39.94416934013982 39.94416934013982 39.94710235983398
 8704 65536 1800.06 1800.06 1800.06 633.7848116173906 633.7848116173906 633.7848116173906 39.61155072608691 39.61155072608691 39.61155072608691
 9536 65536 1978.874 1979.113 1980.066 631.2428939237379 631.5468555863156 631.6231311341703 39.45268087023362 39.471678474144724 39.476445695885644
 10432 65536 2160.072 2160.072 2171.04 629.8101849804701 633.0081145443298 633.0081145443298 39.36313656127938 39.563007159020614 39.563007159020614
 11456 65536 2372.026 2373.934 2374.172 632.4566341444512 632.5200414164841 633.0288251477851 39.5285396340282 39.53250258853026 39.56430157173657
 12544 65536 2604.961 2605.915 2607.107 630.648135270244 630.9366069115839 631.1676712242526 39.41550845439025 39.433537931973994 39.447979451515785
 13760 65536 2836.943 2840.996 2844.81 633.979323750971 634.8304327074026 635.7373835145788 39.62370773443569 39.67690204421266 39.73358646966118
 15104 65536 3116.131 3116.846 3121.853 634.146286836696 635.1649994898689 635.3107388617487 39.6341429272935 39.69781246811681 39.7069211788593
 16576 32768 1718.044 1719.952 1720.19 631.5143885268486 631.6017749332539 632.3032099294312 39.46964928292804 39.47511093332837 39.51895062058945
 18176 32768 1878.977 1878.977 1878.977 633.9525901594325 633.9525901594325 633.9525901594325 39.62203688496453 39.62203688496453 39.62203688496453
 19968 32768 2068.996 2069.95 2072.096 631.5454727966272 632.2002212613833 632.4917244885925 39.4715920497892 39.512513828836454 39.53073278053703
 21952 32768 2270.937 2270.937 2271.175 633.4369971490527 633.5033829648291 633.5033829648291 39.58981232181579 39.59396143530182 39.59396143530182
 24128 32768 2493.858 2496.004 2496.004 633.5136514204304 633.5136514204304 634.0587988570319 39.5946032137769 39.5946032137769 39.62867492856449
 26496 32768 2739.906 2741.098 2741.098 633.4840476334665 633.4840476334665 633.7596457688694 39.592752977091656 39.592752977091656 39.60997786055434
 29120 32768 3014.088 3015.041 3016.949 632.5623402980958 632.9626429624009 633.1627742786541 39.53514626863099 39.560165185150055 39.57267339241588
 32000 32768 3322.124 3324.986 3327.131 630.3184335092307 630.7250616995079 631.2684294746374 39.394902094326916 39.420316356219246 39.45427684216484
 35200 16384 1826.048 1828.909 1828.909 630.6675728535428 630.6675728535428 631.6556848450863 39.41672330334642 39.41672330334642 39.47848030281789
 38720 16384 2002.954 2004.147 2004.147 633.0757973342276 633.0757973342276 633.4528701108463 39.56723733338922 39.56723733338922 39.590804381927896
 42560 16384 2204.895 2205.133 2207.994 631.6167888137377 632.4362657490501 632.5045319618395 39.476049300858605 39.52726660931563 39.531533247614966
 46784 16384 2421.856 2422.094 2470.97 620.4114627049297 632.9308903783254 632.9930895973996 38.77571641905811 39.55818064864534 39.562068099837475
 51456 16384 2671.003 2672.911 2675.056 630.308377843305 630.8141977043007 631.2648125067624 39.394273615206565 39.42588735651879 39.45405078167265
 56576 16384 2936.125 2939.939 2939.939 630.5853175865213 630.5853175865213 631.4044422495637 39.411582349157584 39.411582349157584 39.46277764059773
 62208 16384 3224.134 3227.234 3229.856 631.1215558836059 631.6343171892711 632.2416326368569 39.44509724272537 39.47714482432944 39.51510203980356
 68416 8192 1770.973 1774.073 1774.073 631.8385680859807 631.8385680859807 632.9445700188542 39.48991050537379 39.48991050537379 39.559035626178385
 75200 8192 1951.933 1952.171 1952.171 631.1315965660796 631.1315965660796 631.2085507033283 39.44572478537997 39.44572478537997 39.45053441895802
 82688 8192 2146.959 2146.959 2147.913 630.7332708540803 631.0135368211503 631.0135368211503 39.42082942838002 39.43834605132189 39.43834605132189
 90944 8192 2357.96 2359.152 2361.059 631.0839737592327 631.5941050004408 631.913389540111 39.44274835995204 39.47463156252755 39.49458684625694
 100032 8192 2591.848 2591.848 2595.901 631.3508442733371 632.3381185933742 632.3381185933742 39.45942776708357 39.52113241208589 39.52113241208589
 110016 8192 2855.062 2856.97 2856.97 630.9139206922019 630.9139206922019 631.3355520825818 39.43212004326262 39.43212004326262 39.45847200516136
 120960 8192 3141.88 3142.834 3144.979 630.1500391576541 630.5801197263362 630.771588984939 39.38437744735338 39.41125748289601 39.423224311558684
 133056 4096 1740.932 1742.84 1744.986 624.6438378302175 625.4129765210806 626.0984070601264 39.040239864388596 39.08831103256754 39.1311504412579
 146304 4096 1914.978 1916.885 1918.077 624.8562325704338 625.2447945494904 625.8674345083859 39.05351453565211 39.07779965934315 39.11671465677412
 160896 4096 2102.137 2102.852 2109.051 624.9540821914691 626.796385099855 627.0095773967158 39.05963013696682 39.17477406874094 39.18809858729474
 176960 4096 2312.899 2312.899 2315.044 626.1895324667696 626.7702653682674 626.7702653682674 39.1368457791731 39.17314158551671 39.17314158551671
 194624 4096 2540.827 2542.973 2543.926 626.7319914179894 626.9668643748872 627.4964049106845 39.17074946362434 39.18542902343045 39.21852530691778
 214080 4096 2798.08 2799.034 2799.034 626.5530750966226 626.5530750966226 626.7666971637694 39.15956719353891 39.15956719353891 39.17291857273559
 235456 4096 3069.878 3070.831 3072.023 627.8779657574178 628.1216882335758 628.3166796856422 39.24237285983861 39.25760551459849 39.269792480352635
 258944 4096 3374.815 3376.961 3378.868 627.8047109268548 628.1592378472834 628.5586759570524 39.237794432928425 39.25995236545521 39.284917247315775
 284800 2048 1863.003 1863.956 1864.91 625.5212315875833 625.841382521905 626.161525236406 39.09507697422396 39.11508640761906 39.13509532727537
 313280 2048 2051.115 2051.83 2056.837 623.868045936552 625.3904465769582 625.6084519883088 38.9917528710345 39.08690291105989 39.1005282492693
 344576 2048 2268.076 2269.983 2270.937 621.4982168153498 621.7594122951581 622.2821880748264 38.84363855095936 38.85996326844738 38.89263675467665
 379008 2048 2511.024 2512.932 2520.8 615.8428943192637 617.7711008495256 618.2405138302144 38.49018089495398 38.61069380309535 38.6400321143884
 416896 2048 2779.961 2780.914 2783.06 613.5713983888238 614.0448845235775 614.2553855971362 38.34821239930149 38.37780528272359 38.39096159982101
 458560 2048 3061.771 3066.063 3066.778 612.4544261110522 612.597249306358 613.4559900136228 38.27840163194076 38.287328081647374 38.340999375851425
 504384 2048 3378.153 3378.868 3382.206 610.8311746830323 611.434617747719 611.5640304035963 38.176948417689516 38.21466360923244 38.22275190022477
 554816 1024 1859.903 1861.095 1862.049 610.2219479723681 610.5347486291672 610.9260364653425 38.138871748273004 38.15842178932295 38.182877279083904
 610240 1024 2044.916 2046.108 2047.062 610.5196227569071 610.8042781710446 611.1603214997584 38.157476422306694 38.17526738569029 38.1975200937349
 671232 1024 2245.903 2249.002 2251.148 610.6587110221096 611.2414021863921 612.0848211164954 38.16616943888185 38.202587636649504 38.25530131978096
 738304 1024 2470.97 2474.07 2475.023 610.9222387024281 611.1575630438912 611.9243017924135 38.18263991890176 38.1973476902432 38.245268862025846
 812096 1024 2722.025 2722.025 2723.932 610.5778734564593 611.0056329387129 611.0056329387129 38.16111709102871 38.187852058669556 38.187852058669556
 893248 1024 2994.061 2995.014 2997.875 610.2228758704082 610.8057938961219 611.0002114185382 38.13892974190051 38.17536211850762 38.18751321365864
 982528 1024 3293.037 3293.991 3296.852 610.3450637153261 610.8751796832476 611.0521515549325 38.14656648220788 38.17969873020297 38.19075947218328
 1080768 512 1813.173 1813.889 1814.127 610.0490384631286 610.1290828711128 610.3700154370267 38.128064903945535 38.13306767944455 38.14812596481417
 1188800 512 1994.133 1996.04 1996.994 609.5818014475758 609.8731488346926 610.4563737724616 38.09886259047349 38.11707180216829 38.15352336077885
 1307648 512 2195.12 2197.027 2198.935 608.9454904305949 609.4743268972117 610.0038048033821 38.05909315191218 38.09214543107573 38.12523780021138
 1438400 512 2413.034 2413.034 2415.18 609.8599690292235 610.4023399587408 610.4023399587408 38.11624806432647 38.1501462474213 38.1501462474213
 1582208 512 2655.983 2657.175 2660.036 609.0823552763948 609.7381587588321 610.0118080575064 38.06764720477467 38.10863492242701 38.12573800359415
 1740416 512 2917.051 2918.959 2920.866 610.1567083186973 610.5553329114936 610.9546881422368 38.13479426991858 38.15970830696835 38.1846680088898
 1914432 512 3207.922 3214.836 3230.095 606.910436999531 609.7910960310262 611.1053722627919 37.93190231247069 38.11194350193914 38.19408576642449
 2105856 256 1767.159 1769.066 1772.881 608.1616713135287 609.473175110482 610.1308778666776 38.010104457095544 38.09207344440512 38.13317986666735
 2316416 256 1942.873 1945.019 1950.979 607.9024899806712 609.7652475374276 610.4387636247968 37.99390562379195 38.11032797108923 38.1524227265498
 2548032 256 2137.899 2139.807 2148.867 607.1070866647401 609.6775942877092 610.2217101930447 37.94419291654626 38.104849642981826 38.138856887065295
 2802816 256 2351.046 2351.046 2360.106 608.0412456050702 610.3843957115259 610.3843957115259 38.00257785031689 38.14902473197037 38.14902473197037
 3083072 256 2586.842 2593.994 2600.908 606.9160708491036 608.5337375491231 610.2161879233444 37.93225442806897 38.03335859682019 38.13851174520902
 3391360 256 2843.857 2847.91 2860.785 606.9579922993165 609.701963896331 610.5708972005273 37.93487451870728 38.10637274352069 38.160681075032954
 3730496 256 3130.913 3141.88 3149.033 606.5398336568718 607.9207200784243 610.050152144119 37.90873960355449 37.99504500490152 38.12813450900744
 4103488 256 3458.977 3476.858 3483.057 603.2016863347341 604.2771536830091 607.4009327035131 37.70010539592088 37.76732210518807 37.96255829396957
 4513792 128 1914.978 1921.892 1922.131 601.1716953735203 601.2464550557471 603.41724656889 37.57323096084502 37.577903440984194 37.71357791055563
 4965120 128 2101.898 2109.051 2118.826 599.89386575396 602.6742454307649 604.7252150199486 37.4933666096225 37.66714033942281 37.795325938746785
 5461632 128 2313.852 2318.859 2328.873 600.3666975399689 602.959383041401 604.2641413538983 37.522918596248054 37.68496144008756 37.76650883461864
 6007744 128 2552.032 2552.986 2556.086 601.6943342281911 602.4249502347448 602.6501485874785 37.605895889261944 37.65155938967155 37.665634286717406
 6608512 128 2795.935 2804.995 2920.866 579.2046167129886 603.1308690389823 605.0852655730553 36.200288544561786 37.69567931493639 37.817829098315954
 7269312 128 3077.984 3082.991 3091.097 602.0334761413181 603.6163816242084 604.5982929086051 37.627092258832384 37.72602385151303 37.78739330678782
 7996224 128 3390.074 3391.027 3406.048 600.9995584325295 603.661765005115 603.8314632659936 37.562472402033094 37.728860312819684 37.7394664541246
 8795840 64 1861.095 1862.049 1870.871 601.7878945154422 604.6390401111893 604.9489789613103 37.61174340721514 37.78994000694933 37.809311185081896
 9675392 64 2051.83 2055.883 2060.89 600.9297808228484 602.3933151837922 603.5832286300523 37.55811130142803 37.64958219898701 37.72395178937827
 10642880 64 2257.109 2259.016 2259.97 602.7905857157397 603.0451488612741 603.5546533197999 37.67441160723373 37.69032180382963 37.72216583248749
 11707136 64 2475.977 2478.123 2487.898 602.3210790796086 604.6969452283038 605.2210533458106 37.645067442475536 37.793559076768986 37.82631583411316
 12877824 64 2726.078 2726.078 2743.006 600.9325068920739 604.6640895821763 604.6640895821763 37.55828168075462 37.79150559888602 37.79150559888602
 14165568 64 2996.922 3002.882 3013.134 601.7630493698587 603.8175006543713 605.0183167930296 37.61019058561617 37.73859379089821 37.81364479956435
 15582080 64 3304.958 3310.204 3315.926 601.4929886855135 602.5327260797219 603.489133598672 37.593311792844595 37.65829537998262 37.718070849917
 17140288 32 1814.842 1818.895 1826.048 600.7390999579419 603.1015710087718 604.448448955887 37.54619374737137 37.693848188048236 37.77802805974294
 18854272 32 2013.922 2022.982 2044.916 590.0845844034669 596.4825233244784 599.1659100997953 36.88028652521668 37.2801577077799 37.447869381237204
 20739648 32 2217.054 2218.008 2219.915 597.9226555971738 598.4367378296201 598.6942456070082 37.370165974823365 37.40229611435126 37.41839035043801
 22813568 32 2416.849 2418.995 2436.876 599.1557847013963 603.5846919898553 604.1206347603843 37.44723654383727 37.724043249365955 37.75753967252402
 25094912 32 2671.957 2676.964 2678.871 599.534045499018 599.9611380653606 601.0854096828655 37.470877843688626 37.49757112908504 37.56783810517909
 27604352 32 2938.986 2948.046 3289.938 536.9944746679116 599.2710181591468 601.1183884509828 33.562154666744476 37.454438634946676 37.569899278186426
 30364736 32 3232.956 3248.93 3473.043 559.5505451559338 598.1486532489158 601.1040991587885 34.971909072245865 37.38429082805724 37.56900619742428
 33401152 32 3558.159 3560.066 3728.151 573.3871101250996 600.4590162092502 600.7808330094299 35.83669438281873 37.52868851307814 37.54880206308937
 36741248 16 2101.183 2135.992 2151.012 546.5892035934712 550.4327431937946 559.5514222226241 34.16182522459195 34.402046449612165 34.971963888914004
 40415360 16 2336.025 2401.114 2408.981 536.862482518542 538.621456540589 553.6291435237207 33.55390515740888 33.66384103378681 34.601821470232544
 44456896 16 2602.1 2679.11 2774.0 512.8409055515501 531.0049501513562 546.7202152107914 32.05255659697188 33.18780938445976 34.17001345067446
 48902528 16 2888.918 2892.971 2916.813 536.503675758439 540.925192820806 541.6840824142464 33.53147973490244 33.80782455130038 33.8552551508904
 53792768 16 3198.862 3223.896 3242.97 530.8000308359312 533.940479469561 538.1190485866535 33.1750019272457 33.37127996684756 33.63244053666585
 59172032 16 3525.019 3819.942 3895.044 486.13187014061975 495.68946963069067 537.1616504762102 30.383241883788735 30.980591851918167 33.57260315476314
 65089216 16 3915.071 4061.937 4621.029 450.7340057809635 512.773810130487 532.0094864179986 28.17087536131022 32.04836313315544 33.25059290112491
 71598080 8 2749.92 2985.954 3126.86 366.3641096819173 383.6526885544787 416.5827660441031 22.89775685511983 23.978293034654918 26.036422877756443
 78757888 8 2847.91 2920.866 3010.988 418.5092096016324 431.4221220692767 442.47402762025484 26.156825600102025 26.963882629329795 27.654626726265928
 86633664 8 3244.162 3334.999 3858.089 359.28114255529096 415.6338949426971 427.2717034476084 22.455071409705685 25.97711843391857 26.704481465475524
 95297024 8 3443.956 3617.048 3844.023 396.65537485077476 421.54607403606474 442.732829339283 24.790960928173423 26.346629627254046 27.670801833705188
 104826688 8 3993.988 4132.032 4254.103 394.2610247095568 405.908523457708 419.9379186917938 24.6413140443473 25.36928271610675 26.246119918237113
 115309312 8 4441.023 4443.884 4880.19 378.0485989275008 415.16587561691523 415.43333416647465 23.6280374329688 25.947867226057202 25.964583385404666
 126840192 8 5341.053 5560.875 5716.801 354.9962771137214 364.9503130352687 379.97059231578487 22.18726731960759 22.809394564704295 23.748162019736554
 139524160 4 3309.965 3764.868 4138.947 269.6804960295457 296.4760729991065 337.2220793875464 16.855031001846605 18.529754562444158 21.07637996172165
 153476544 4 3679.037 3879.07 3945.827 311.1673045979968 316.5223499447032 333.7319934537217 19.4479565373748 19.78264687154395 20.858249590857607
 168824192 4 4106.998 4431.963 4637.003 291.26432223571993 304.7393527427914 328.8517637456849 18.204020139732496 19.046209546424464 20.553235234105305
 185706560 4 4995.823 5475.044 5727.053 259.4095916346505 271.349870430265 297.378926355077 16.213099477165656 16.959366901891563 18.586182897192312
 204277184 4 6644.964 6849.766 7527.828 217.09017156077422 238.5800437562393 245.93323184294152 13.568135722548389 14.911252734764956 15.370826990183845
 224704896 4 7925.987 8021.832 8315.802 216.17147305816084 224.0933452607833 226.80319410062114 13.510717066135053 14.005834078798957 14.175199631288821
 247175360 4 7613.182 7652.998 7979.155 247.82108882456853 258.3827775729198 259.73408753396416 15.488818051535533 16.148923598307487 16.23338047087276
 271892864 2 5977.869 5980.968 6209.135 175.15667737937733 181.83870169511025 181.93296908982117 10.947292336211083 11.36491885594439 11.370810568113823
 299082112 2 6211.996 6415.844 6838.083 174.95085216134405 186.4647033188463 192.58358311885584 10.934428260084003 11.654043957427893 12.03647394492849
 328990272 2 5377.054 5522.013 6568.909 200.33175798294664 238.3118417142444 244.73644638867304 12.520734873934165 14.894490107140275 15.296027899292065
 361889280 2 6049.871 6205.082 6536.007 221.47423036725633 233.28573578882597 239.27074147531408 13.84213939795352 14.580358486801623 14.95442134220713
 398078208 2 6655.216 7189.989 7671.833 207.55311436002322 221.46248513036667 239.25787412459638 12.972069647501451 13.841405320647917 14.953617132787274
 437886016 2 7441.044 7708.073 8815.05 198.69927725877903 227.23501243436587 235.3895587769673 12.41870482867369 14.202188277147867 14.711847423560457
 481674560 2 8800.983 9576.797 9695.053 198.73003685487845 201.1839908478795 218.91852762356203 12.420627303429903 12.573999427992469 13.682407976472627
 529841984 2 10712.862 10775.089 10901.928 194.40303916885162 196.69145526315376 197.8339622035643 12.150189948053226 12.29321595394711 12.36462263772277
 582826176 1 5837.917 5878.925 5908.012 197.30026817819598 198.27644543857932 199.6692231150254 12.331266761137249 12.392277839911207 12.479326444689088
 641108736 1 6462.097 6478.071 6514.072 196.83808714426243 197.93198808719447 198.42126665693812 12.302380446516402 12.370749255449654 12.401329166058632
 705219584 1 7205.963 7266.045 7442.951 189.49999375247802 194.1137397304861 195.73222454791954 11.843749609529876 12.13210873315538 12.233264034244971
 775741504 1 8075.953 8091.927 8362.055 185.5384840209733 191.73220519661137 192.11144591851883 11.596155251310831 11.983262824788211 12.006965369907427
 853315648 1 8996.01 9029.865 9266.138 184.17935239039178 188.9985394023056 189.70980423543327 11.511209524399487 11.8124087126441 11.85686276471458
 938647168 1 10055.065 10116.816 10463.953 179.40584557289202 185.56177516720675 186.7013625471342 11.212865348305751 11.597610947950422 11.668835159195888
 1032511872 1 11262.178 11279.821 11585.951 178.2351525567474 183.07238598910388 183.35918185629814 11.139697034796713 11.442024124318992 11.459948866018633
 
META_DATA
 FLOPS          1
 MPI_PROCS      1
 OPENMP_THREADS 8
 ERT_VERSION  1.1.0
 HOSTNAME  ('c3cpu-c11-u13-2.rc.int.colorado.edu', [], ['10.225.64.253'])
 UNAME  uname_result(system='Linux', node='c3cpu-c11-u13-2.rc.int.colorado.edu', release='4.18.0-305.34.2.el8_4.x86_64', version='#1 SMP Mon Jan 17 09:42:23 EST 2022', machine='x86_64', processor='x86_64')
 TIMESTAMP_DATA  1728532953.6593096
 CONFIG  {'nux': ['workstation,', 'MPI', 'and', 'OpenMP', '(8-core', 'Intel', 'Xeon', 'CPU', 'E5530,', '2.40', 'GHz)'], 'ERT_RESULTS': ['Results.alpine'], 'ERT_DRIVER': ['driver1'], 'ERT_KERNEL': ['kernel1'], 'ERT_MPI': ['True'], 'ERT_MPI_CFLAGS': ['-I/usr/include/mpi'], 'ERT_MPI_LDFLAGS': ['-lmpi'], 'ERT_OPENMP': ['True'], 'ERT_OPENMP_CFLAGS': ['-qopenmp'], 'ERT_OPENMP_LDFLAGS': ['-qopenmp'], 'ERT_FLOPS': ['1,2,4,8,16'], 'ERT_ALIGN': ['32'], 'ERT_CC': ['icpc'], 'ERT_CFLAGS': ['-O3', '-fno-alias', '-fno-fnalias', '-DERT_INTEL'], 'ERT_LD': ['icpc'], 'ERT_LDFLAGS': [], 'ERT_LDLIBS': [], 'ERT_PRECISION': ['FP64'], 'ERT_RUN': ['export', 'OMP_NUM_THREADS=ERT_OPENMP_THREADS;', 'mpirun', '-np', 'ERT_MPI_PROCS', 'ERT_CODE'], 'ERT_PROCS_THREADS': ['1-8'], 'ERT_MPI_PROCS': ['1,2,4,8'], 'ERT_OPENMP_THREADS': ['1,2,4,8'], 'ERT_NUM_EXPERIMENTS': ['3'], 'ERT_MEMORY_MAX': ['1073741824'], 'ERT_WORKING_SET_MIN': ['1'], 'ERT_TRIALS_MIN': ['1'], 'ERT_GNUPLOT': ['gnuplot'], 'ERT_GPU': [False], 'ERT_HIP': [False], 'ERT_OCL': [False], 'ERT_SYCL': [False], 'ERT_WSS_MULT': [1.1]}
 HOSTNAME  ('c3cpu-a7-u1-3.rc.int.colorado.edu', [], ['10.225.64.156'])
 UNAME  uname_result(system='Linux', node='c3cpu-a7-u1-3.rc.int.colorado.edu', release='4.18.0-305.34.2.el8_4.x86_64', version='#1 SMP Mon Jan 17 09:42:23 EST 2022', machine='x86_64', processor='x86_64')
 TIMESTAMP_DATA  1728532959.1193168
 TIMESTAMP_DATA  1728532960.1811223
 TIMESTAMP_DATA  1728532963.6481028
 TIMESTAMP_DATA  1728532966.821157
 TIMESTAMP_DATA  1728532973.231077
 