fp64
 64 16777216 126916.885 163209.915 163224.936 13.15659053467174 13.157801399504436 16.920393594595392 6.57829526733587 6.578900699752218 8.460196797297696
 128 8388608 65446.138 84327.936 84340.811 25.4619753182122 25.46586279545606 32.81299269331981 12.7309876591061 12.73293139772803 16.406496346659907
 192 4194304 32742.023 42164.087 42193.89 38.17170533458754 38.198686384457936 49.19099641460761 19.08585266729377 19.099343192228968 24.595498207303805
 256 4194304 33118.963 42659.998 42675.972 50.320673375640986 50.3395159090256 64.8415123384147 25.160336687820493 25.1697579545128 32.42075616920735
 320 2097152 16524.076 21288.157 21288.157 63.04807316105383 63.04807316105383 81.22555718092799 31.524036580526914 31.524036580526914 40.612778590463996
 384 2097152 16547.918 21329.88 21336.079 75.48775648984052 75.50969513189946 97.33023429291829 37.74387824492026 37.75484756594973 48.665117146459146
 448 2097152 17239.809 21363.02 21370.888 87.92560196843482 87.95798496654498 108.99472215730462 43.96280098421741 43.97899248327249 54.49736107865231
 512 2097152 16674.995 21485.09 21488.905 99.93453123832974 99.95227611334185 128.78466518280817 49.96726561916487 49.976138056670926 64.39233259140408
 576 1048576 8359.909 10783.911 10787.01 111.9827970864957 112.01497786841897 144.49434222310313 55.99139854324785 56.00748893420948 72.24717111155157
 640 1048576 8449.078 10903.835 10928.869 122.8102633492999 123.09222214019198 158.85488097044438 61.40513167464995 61.54611107009599 79.42744048522219
 704 1048576 8538.961 11060.953 11084.08 133.19959870372642 133.47810157045237 172.9010131326282 66.59979935186321 66.73905078522618 86.4505065663141
 768 1048576 8510.113 10957.956 10961.056 146.9395591081735 146.98112823230903 189.25867799875277 73.46977955408676 73.49056411615452 94.62933899937639
 832 1048576 8553.982 11021.137 11022.806 158.29276719557615 158.31673846355417 203.97873925851144 79.14638359778807 79.15836923177709 101.98936962925572
 896 1048576 8605.957 11089.087 11097.908 169.31553153981812 169.45021641547225 218.34273538666295 84.65776576990906 84.72510820773613 109.17136769333148
 960 1048576 8666.039 11172.056 11173.964 180.17472760785697 180.20549843287574 232.31673893920853 90.08736380392848 90.10274921643787 116.15836946960427
 1024 1048576 8792.162 11327.028 11332.035 189.50556082821842 189.58932987540953 244.24978156680916 94.75278041410921 94.79466493770477 122.12489078340458
 1088 524288 4425.049 4451.036 5706.787 199.91120888163513 256.3112695561213 257.81650960249254 99.95560444081757 128.15563477806066 128.90825480124627
 1152 524288 4472.017 4472.017 5773.067 209.24052189243602 270.1151520667296 270.1151520667296 104.62026094621801 135.0575760333648 135.0575760333648
 1216 524288 4563.093 4574.06 5889.893 216.4841391855506 278.76075434078257 279.43073174270177 108.2420695927753 139.38037717039128 139.71536587135088
 1280 524288 4611.015 4612.923 5944.014 225.80318283234192 290.9602609885316 291.08065794624395 112.90159141617096 145.4801304942658 145.54032897312197
 1408 524288 4761.934 4765.034 6138.086 240.53019263659712 309.8393438535801 310.0410480279651 120.26509631829856 154.91967192679004 155.02052401398254
 1536 524288 4982.948 4983.187 6425.858 250.6455536365727 323.2093710310289 323.22487330792933 125.32277681828636 161.60468551551446 161.61243665396466
 1664 524288 5447.149 5607.128 7245.064 240.8302347639717 311.1807798930219 320.31994424973504 120.41511738198585 155.59038994651095 160.15997212486752
 1792 524288 5630.97 5642.891 7270.813 258.4371502884203 332.9938841632773 333.6988462023417 129.21857514421015 166.49694208163865 166.84942310117086
 1920 524288 5989.075 6051.064 7779.837 258.7799615853134 332.7127130038618 336.1564047870497 129.3899807926567 166.3563565019309 168.07820239352486
 2112 262144 3247.976 3261.089 4198.074 263.762919853247 339.54800252308354 340.91885408020255 131.8814599266235 169.77400126154177 170.45942704010127
 2304 262144 3573.895 3682.852 4702.091 256.89837818961814 327.9956816076236 337.9952550368715 128.44918909480907 163.9978408038118 168.99762751843576
 2496 262144 3808.975 3808.975 4907.131 266.67778952711876 343.5629921435557 343.5629921435557 133.33889476355938 171.78149607177784 171.78149607177784
 2688 262144 4077.911 4082.203 5239.01 268.99855965153716 345.22686500401863 345.5902161670522 134.49927982576858 172.61343250200932 172.7951080835261
 2944 262144 4451.036 4451.99 5733.013 269.2308341181155 346.6997616796085 346.7740705759288 134.61541705905776 173.34988083980426 173.3870352879644
 3200 262144 4651.07 4681.11 5988.121 280.1749664043195 358.4025156426574 360.7173403109392 140.08748320215975 179.2012578213287 180.3586701554696
 3520 262144 5240.917 5254.984 6693.125 275.7297615090111 351.18922531448237 352.1318425764041 137.86488075450555 175.59461265724119 176.06592128820205
 3840 262144 5607.128 5630.97 7255.077 277.49752621509043 357.5344780739375 359.0547460304099 138.74876310754522 178.76723903696876 179.52737301520494
 4224 131072 3030.062 3037.93 3890.991 284.57949555781545 364.4903786459859 365.4368313255636 142.28974777890772 182.24518932299296 182.7184156627818
 4608 131072 3433.943 3433.943 4351.139 277.6191594890441 351.7704143604014 351.7704143604014 138.80957974452204 175.8852071802007 175.8852071802007
 5056 131072 3690.004 3794.909 4886.866 271.21678065246726 349.25740353721267 359.18661985190266 135.60839032623363 174.62870176860633 179.59330992595133
 5504 131072 4030.943 4043.818 5200.863 277.4232999407983 356.8015612967745 357.94120035932036 138.71164997039915 178.40078064838724 178.97060017966018
 6016 131072 4468.918 4490.852 5684.853 277.4140868726069 351.1712931087464 352.8948850706144 138.70704343630345 175.5856465543732 176.4474425353072
 6592 131072 4750.967 4767.895 6119.013 282.4071869106995 362.4352566488985 363.7266367036437 141.20359345534976 181.21762832444924 181.86331835182185
 7232 131072 5120.993 5126.953 6608.009 286.8981274087248 369.7762409758779 370.20660016524135 143.4490637043624 184.88812048793895 185.10330008262068
 7936 131072 5674.124 5680.084 7270.098 286.15498498094524 366.25774970933526 366.6424604044607 143.07749249047262 183.12887485466763 183.32123020223034
 8704 65536 3093.004 3107.071 4002.094 285.0634412884855 367.1788279057672 368.84875932911825 142.53172064424274 183.5894139528836 184.42437966455913
 9536 65536 3396.034 3421.068 4390.955 284.65392881503 365.3545009920878 368.0477262595133 142.326964407515 182.6772504960439 184.02386312975665
 10432 65536 3697.872 3711.939 4764.08 287.01094524021426 368.3635706297975 369.76485503013623 143.50547262010713 184.18178531489875 184.88242751506812
 11456 65536 4056.931 4060.03 5239.01 286.61156058110214 369.8398366514533 370.12234913534394 143.30578029055107 184.91991832572666 185.06117456767197
 12544 65536 4427.195 4436.016 5690.098 288.9523463392019 370.64049543554404 371.37898104781925 144.47617316960094 185.32024771777202 185.68949052390963
 13760 65536 4881.144 4917.145 6293.058 286.59369101635485 366.7881911149661 369.49344661825177 143.29684550817743 183.39409555748304 184.74672330912588
 15104 65536 5339.146 5343.914 6889.105 287.36845903785763 370.4609557713691 370.79178730081554 143.68422951892882 185.23047788568454 185.39589365040777
 16576 32768 2915.859 2918.005 3762.007 288.7620187841224 372.28337031636335 372.5573616556905 144.3810093920612 186.14168515818167 186.27868082784525
 18176 32768 3206.968 3211.021 4129.171 288.4797786286884 370.96684699352636 371.4356788093926 144.2398893143442 185.48342349676318 185.7178394046963
 19968 32768 3500.938 3511.906 4509.211 290.21104756464047 372.62467958994347 373.79206601202304 145.10552378232023 186.31233979497173 186.89603300601152
 21952 32768 3858.089 3862.143 4977.942 289.00422544095534 372.4994833179403 372.89089805859845 144.50211272047767 186.24974165897015 186.44544902929923
 24128 32768 4237.175 4252.195 5471.945 288.9745068709572 371.867378612693 373.1855795429738 144.4872534354786 185.9336893063465 186.5927897714869
 26496 32768 4626.036 4638.91 5971.909 290.76830474141514 374.321091808205 375.36280651512436 145.38415237070757 187.1605459041025 187.68140325756218
 29120 32768 5089.998 5094.051 6586.075 289.76413417703264 374.6347101746723 374.93301962004705 144.88206708851632 187.31735508733615 187.46650981002352
 32000 32768 5578.995 5594.015 7242.918 289.54518054739816 374.8920944974227 375.901394426774 144.77259027369908 187.44604724871135 187.950697213387
 35200 16384 3076.792 3090.143 3967.047 290.753701682889 373.2622082537928 374.88188996851267 145.3768508414445 186.6311041268964 187.44094498425633
 38720 16384 3380.06 3389.12 4359.007 291.07018180975626 374.36767066377115 375.3711354236316 145.53509090487813 187.18383533188558 187.6855677118158
 42560 16384 3708.839 3714.085 4786.968 291.3339048850964 375.4911586568428 376.0222754344419 145.6669524425482 187.7455793284214 188.01113771722095
 46784 16384 4076.958 4081.011 5260.944 291.39601409937075 375.6466503030744 376.02008948829 145.69800704968537 187.8233251515372 188.010044744145
 51456 16384 4484.177 4500.151 5783.081 291.5591547135515 374.67858478526614 376.01330366754036 145.77957735677575 187.33929239263307 188.00665183377018
 56576 16384 4923.82 4929.066 6351.948 291.86044470137347 376.1123036291257 376.5130260651283 145.93022235068673 188.05615181456284 188.25651303256416
 62208 16384 5407.095 5413.055 6993.771 291.46389608696086 376.57695035428236 376.99203435486146 145.73194804348043 188.28847517714118 188.49601717743073
 68416 8192 2974.033 2975.941 3843.069 291.67515441434955 376.66329540807436 376.9049449014184 145.83757720717477 188.33164770403718 188.4524724507092
 75200 8192 3273.01 4216.194 4222.155 291.8123091170267 292.22488339009067 376.43539127592027 145.90615455851335 146.11244169504533 188.21769563796013
 82688 8192 3596.067 4638.91 4640.818 291.9227153488889 292.0427841885271 376.73385729464997 145.96135767444446 146.02139209426355 188.36692864732498
 90944 8192 3954.887 5099.058 5099.058 292.21603205925487 292.21603205925487 376.75576976029913 146.10801602962744 146.10801602962744 188.37788488014957
 100032 8192 4359.007 5606.89 5613.089 291.98259425425107 292.3054113777869 375.98569766004044 145.99129712712553 146.15270568889346 187.99284883002022
 110016 8192 4781.008 6164.074 6169.081 292.1832512816739 292.42058807210947 377.01299474922445 146.09162564083695 146.21029403605473 188.50649737461222
 120960 8192 5251.169 6772.995 6776.094 292.47065344725144 292.6044740915946 377.40332485966456 146.23532672362572 146.3022370457973 188.70166242983228
 133056 4096 2914.906 3748.894 3757.0 290.12370295448494 290.7510193673121 373.9382168756042 145.06185147724247 145.37550968365605 186.9691084378021
 146304 4096 3192.902 4122.019 4131.079 290.1233232286287 290.7610003738459 375.3708594877011 145.06166161431435 145.38050018692294 187.68542974385056
 160896 4096 3511.19 4527.092 4528.999 291.0267880385931 291.1493806620232 375.38841019711265 145.51339401929656 145.5746903310116 187.69420509855632
 176960 4096 3867.149 4976.988 4981.995 290.9790796658769 291.2718133939644 374.8643561445396 145.48953983293845 145.6359066969822 187.4321780722698
 194624 4096 4244.804 5467.892 5471.945 291.3698525844101 291.5858264940127 375.6026916672713 145.68492629220506 145.79291324700634 187.80134583363565
 214080 4096 4664.898 6011.963 6016.016 291.5124161903825 291.70894098982313 375.9446315868 145.75620809519125 145.85447049491157 187.9723157934
 235456 4096 5130.053 6611.109 6614.923 291.59153507909315 291.7597564947121 375.9913497969709 145.79576753954657 145.87987824735606 187.99567489848545
 258944 4096 5637.884 7266.998 7274.151 291.6174338421075 291.90447664909226 376.25273027965807 145.80871692105376 145.95223832454613 188.12636513982903
 284800 2048 3123.045 3147.125 4038.095 288.8839415615531 370.668721452119 373.5267343249937 144.44197078077656 185.3343607260595 186.76336716249685
 313280 2048 3444.91 3492.832 4451.036 288.2912831978892 367.37950179109674 372.49010278933264 144.1456415989446 183.68975089554837 186.24505139466632
 344576 2048 3793.955 3809.929 4896.879 288.22098646913673 370.4487133487264 372.0084439588767 144.11049323456837 185.2243566743632 186.00422197943834
 379008 2048 4168.034 4179.955 5386.114 288.22575385519133 371.3955695695289 372.4577985688217 144.11287692759566 185.69778478476445 186.22889928441086
 416896 2048 4584.074 4601.002 5916.119 288.63618463387905 371.1378556236228 372.5083879535976 144.31809231693953 185.5689278118114 186.2541939767988
 458560 2048 5034.208 6496.906 6497.86 289.05851464943845 289.1009597491483 373.0997527317108 144.52925732471923 144.55047987457414 186.5498763658554
 504384 2048 5538.94 7138.968 7146.12 289.1018992124398 289.39152885963347 372.9877673345441 144.5509496062199 144.69576442981673 186.49388366727206
 554816 1024 3051.996 3926.039 3927.946 289.27667742886484 289.417188163439 372.30165701396726 144.63833871443242 144.7085940817195 186.15082850698363
 610240 1024 3345.013 4314.899 4318.953 289.3690947782946 289.64096726250136 373.6223207503229 144.6845473891473 144.82048363125068 186.81116037516145
 671232 1024 3682.137 4745.007 4749.06 289.4642594534497 289.7115085393973 373.3383999563297 144.73212972672485 144.85575426969865 186.66919997816484
 738304 1024 4047.155 5216.122 5217.075 289.8265008649483 289.8794529729174 373.6072851175702 144.91325043247414 144.9397264864587 186.8036425587851
 812096 1024 4450.083 5736.113 5738.02 289.8513089881178 289.94767153297016 373.73968260816713 144.9256544940589 144.97383576648508 186.86984130408356
 893248 1024 4895.926 6304.979 6308.079 290.0045963279788 290.1471843125885 373.6518697382273 145.0022981639894 145.07359215629424 186.82593486911364
 982528 1024 5381.107 6934.881 6937.027 290.06912384801154 290.15888578333215 373.94115077065004 145.03456192400577 145.07944289166608 186.97057538532502
 1080768 512 2959.967 3813.982 3818.035 289.8628304874104 290.1708586983368 373.8914764928122 144.9314152437052 145.0854293491684 186.9457382464061
 1188800 512 3262.043 4199.982 4200.935 289.77625219147643 289.84200408477943 373.18061104651287 144.88812609573822 144.92100204238972 186.59030552325643
 1307648 512 3577.948 4617.214 4618.168 289.94864457074755 290.00855320979275 374.24567154134155 144.97432228537377 145.00427660489638 187.12283577067078
 1438400 512 3934.145 5079.031 5082.13 289.82367629320777 290.00051387754866 374.3943347283845 144.91183814660388 145.00025693877433 187.19716736419224
 1582208 512 4334.927 5587.101 5589.008 289.8870411350279 289.9859859343871 373.75046730890745 144.94352056751396 144.99299296719354 186.87523365445372
 1740416 512 4777.908 6144.047 6150.007 289.7860090240548 290.06711439544654 373.00550450113315 144.8930045120274 145.03355719772327 186.50275225056657
 1914432 512 5247.116 6761.074 6762.028 289.9098270518844 289.95073386269695 373.6106402069251 144.9549135259422 144.97536693134847 186.80532010346255
 2105856 256 2881.05 3712.893 3719.091 289.9090858492035 290.3930363735233 374.2379590774197 144.95454292460175 145.19651818676164 187.11897953870985
 2316416 256 3167.152 4089.117 4090.071 289.97173692094833 290.03938796566587 374.4704996792071 144.98586846047417 145.01969398283293 187.23524983960354
 2548032 256 3481.865 4498.959 4498.959 289.9764998969762 289.9764998969762 374.68206952308606 144.9882499484881 144.9882499484881 187.34103476154303
 2802816 256 3829.956 4944.086 4948.139 290.0164672011033 290.2542132155468 374.6888455115411 145.00823360055165 145.1271066077734 187.34442275577055
 3083072 256 4219.055 5443.096 5511.999 286.38119564245204 290.0064345732649 374.14370374408486 143.19059782122602 145.00321728663246 187.07185187204243
 3391360 256 4639.149 5985.975 6026.983 288.1004177380291 290.0741015456964 374.2876807793843 144.05020886901454 145.0370507728482 187.14384038969214
 3730496 256 5131.006 6586.075 6628.036 288.171933888108 290.007926116845 372.249409180188 144.085966944054 145.0039630584225 186.124704590094
 4103488 256 5656.958 7271.051 7285.118 288.39421077325034 288.9521550598393 371.3985247901788 144.19710538662517 144.47607752991965 185.6992623950894
 4513792 128 3123.045 4009.008 4014.015 287.87404929976594 288.2335859644082 370.0013134617016 143.93702464988297 144.1167929822041 185.0006567308508
 4965120 128 3438.95 4415.989 4503.965 282.2115003113923 287.8337604554722 369.61011936783035 141.10575015569614 143.9168802277361 184.80505968391518
 5461632 128 3772.974 4853.964 4857.063 287.86486648412836 288.04865301844023 370.57710760795067 143.93243324206418 144.02432650922012 185.28855380397533
 6007744 128 4147.053 5335.093 5338.907 288.070660155721 288.27659873970333 370.86154047223414 144.0353300778605 144.13829936985167 185.43077023611707
 6608512 128 4572.868 5868.912 5871.058 288.1557416056867 288.2611073398272 369.9601807880743 144.07787080284336 144.1305536699136 184.98009039403715
 7269312 128 5019.903 6449.938 6465.912 287.80841310552944 288.52120314954965 370.71311377929015 143.90420655276472 144.26060157477482 185.35655688964508
 7996224 128 5527.02 7101.059 7102.013 288.23283539469725 288.27155836897003 370.36836197444546 144.11641769734862 144.13577918448502 185.18418098722273
 8795840 64 3041.029 3904.819 3906.012 288.23964698521144 288.32770993994853 370.22584131884304 144.11982349260572 144.16385496997427 185.11292065942152
 9675392 64 3355.98 4294.872 4298.925 288.0836897596492 288.3555495949588 369.027877400938 144.0418448798246 144.1777747974794 184.513938700469
 10642880 64 3674.03 4721.88 4725.933 288.2581365415041 288.5055613442103 370.78865442035044 144.12906827075204 144.25278067210516 185.39432721017522
 11707136 64 4040.003 5198.956 5284.071 283.59070269873365 288.2335238074721 370.918884961224 141.79535134936683 144.11676190373606 185.459442480612
 12877824 64 4461.05 5716.085 5721.092 288.1200777753618 288.3724563228153 369.5007838961679 144.0600388876809 144.18622816140766 184.75039194808394
 14165568 64 4896.879 6286.86 6290.913 288.22409465843833 288.40990637615596 370.2751699602951 144.11204732921917 144.20495318807798 185.13758498014755
 15582080 64 5540.848 6915.092 6917.0 288.3484516408848 288.42801223758124 359.9640777007418 144.1742258204424 144.21400611879062 179.9820388503709
 17140288 32 2979.994 3801.823 3802.061 288.52204948842217 288.5401114149712 368.11430895498444 144.26102474421108 144.2700557074856 184.05715447749222
 18854272 32 3272.057 4187.107 4286.051 281.53500926610525 288.1878604965194 368.7812920129448 140.76750463305262 144.0939302482597 184.3906460064724
 20739648 32 3673.077 4601.955 4713.058 281.62977667578036 288.429042004974 361.3693565367674 140.81488833789018 144.214521002487 180.6846782683837
 22813568 32 3937.006 5058.05 5061.15 288.4854928227775 288.66230108440993 370.85753793618807 144.24274641138874 144.33115054220497 185.42876896809403
 25094912 32 4328.012 5567.789 5568.027 288.4458656540279 288.4581955242916 371.088242823726 144.22293282701395 144.2290977621458 185.544121411863
 27604352 32 4770.041 6122.112 6129.026 288.2478436214824 288.5733759852809 370.3696735520722 144.1239218107412 144.28668799264045 185.1848367760361
 30364736 32 5242.109 6740.808 6747.961 287.9896762888819 288.29527617460695 370.7177977413289 143.99483814444096 144.14763808730348 185.35889887066446
 33401152 32 5789.995 7410.049 7411.003 288.44594017840774 288.48307588789226 369.20130811857354 144.22297008920387 144.24153794394613 184.60065405928677
 36741248 16 3525.019 4095.078 4101.992 286.6217037965944 287.10562680368963 333.5357727149839 143.3108518982972 143.55281340184482 166.76788635749196
 40415360 16 3495.932 4502.058 4508.972 286.82624775669484 287.2667389002985 369.94184097402353 143.41312387834742 143.63336945014925 184.97092048701177
 44456896 16 3858.089 4956.961 4961.967 286.70498453536675 286.9945258798687 368.73713177689785 143.35249226768337 143.49726293993436 184.36856588844893
 48902528 16 4920.006 5465.984 5591.869 279.84934840211747 286.29445238039483 318.06483488028266 139.92467420105874 143.14722619019742 159.03241744014133
 53792768 16 4665.852 6020.069 6140.947 280.309954800131 285.9383465538352 368.9290993370557 140.1549774000655 142.9691732769176 184.46454966852784
 59172032 16 5110.979 6613.016 6627.083 285.7222437081292 286.3300230938501 370.4779503104983 142.8611218540646 143.16501154692506 185.23897515524914
 65089216 16 6556.988 7282.972 7283.926 285.952234001279 285.98969102174226 317.6542205049025 142.9761170006395 142.99484551087113 158.82711025245126
 71598080 8 4078.15 4084.11 4148.006 276.17348673073275 280.49422762854084 280.9041550703137 138.08674336536637 140.24711381427042 140.45207753515686
 78757888 8 3880.978 4503.965 4626.036 272.3987033391007 279.78152760956175 324.6929531679901 136.19935166955034 139.89076380478087 162.34647658399504
 86633664 8 3893.137 4951.954 5086.899 272.49187058756223 279.91750811901727 356.0467109171858 136.24593529378112 139.95875405950864 178.0233554585929
 95297024 8 4721.88 5465.031 5465.984 278.9529541250029 279.0015983440899 322.9121417740391 139.47647706250146 139.50079917204496 161.45607088701956
 104826688 8 5998.85 6000.042 6078.959 275.9069452516459 279.5358779155212 279.591423022746 137.95347262582294 139.7679389577606 139.795711511373
 115309312 8 6363.869 6618.977 6806.135 271.07146596416317 278.73627480500386 289.9099576059784 135.53573298208158 139.36813740250193 144.9549788029892
 126840192 8 7236.004 7546.186 7781.982 260.78742818988786 268.93626422672327 280.4646144474215 130.39371409494393 134.46813211336163 140.23230722371076
 139524160 4 4132.986 4618.883 4770.041 234.00077273968924 241.65870406329844 270.0694558365308 117.00038636984462 120.82935203164922 135.0347279182654
 153476544 4 4554.033 4868.984 7757.902 158.26603017155927 252.1701348782415 269.60989347244515 79.13301508577963 126.08506743912075 134.80494673622258
 168824192 4 5436.182 5728.006 6757.021 199.8800264199268 235.78773066927656 248.44523895631167 99.9400132099634 117.89386533463828 124.22261947815583
 185706560 4 6973.982 7023.096 8352.995 177.8586578825918 211.53811367522243 213.02786270454956 88.9293289412959 105.76905683761122 106.51393135227478
 204277184 4 7595.062 8136.034 8337.021 196.01935415539916 200.8616817481343 215.1684175850046 98.00967707769958 100.43084087406714 107.5842087925023
 224704896 4 8919.954 9466.887 10940.075 164.31689618215594 189.88704185441316 201.53009398927395 82.15844809107797 94.94352092720658 100.76504699463698
 247175360 4 9829.998 9962.797 10892.153 181.5438031397466 198.47868826394836 201.16004906613412 90.7719015698733 99.23934413197418 100.58002453306706
 271892864 2 6600.857 6605.864 7269.859 149.60007559981563 164.63727621398203 164.76215982258063 74.80003779990781 82.31863810699102 82.38107991129031
 299082112 2 6525.993 6774.187 7761.002 154.1461331925955 176.60103684766895 183.31745804814685 77.07306659629775 88.30051842383448 91.65872902407342
 328990272 2 6704.807 6938.934 8525.848 154.34958352529858 189.64888381990662 196.2712853628747 77.17479176264929 94.82444190995331 98.13564268143735
 361889280 2 7014.99 7133.007 9094.0 159.17716296459204 202.93785215688138 206.3519862465948 79.58858148229602 101.46892607844069 103.1759931232974
 398078208 2 8476.973 8590.937 11109.114 143.33391771837069 185.3479814832771 187.83979045350267 71.66695885918534 92.67399074163855 93.91989522675134
 437886016 2 9110.928 9522.915 11759.043 148.95294319444193 183.92940228910996 192.24650485658543 74.47647159722096 91.96470114455498 96.12325242829272
 481674560 2 10418.892 10909.081 13004.065 148.16122804676843 176.61416575786723 184.92352545740948 74.08061402338421 88.30708287893361 92.46176272870474
 529841984 2 11936.188 12089.014 14164.925 149.62083710291444 175.31354798662656 177.55818993467597 74.81041855145722 87.65677399331328 88.77909496733798
 582826176 1 6518.841 6781.101 7832.766 148.81746141784396 171.8972113820455 178.81282148161 74.40873070892198 85.94860569102275 89.406410740805
 641108736 1 7190.943 7396.936 8677.959 147.7556499172213 173.34440530511552 178.31005919529608 73.87782495861065 86.67220265255776 89.15502959764804
 705219584 1 7999.182 8147.001 9625.912 146.52525059443715 173.1237258961917 176.3229250190832 73.26262529721858 86.56186294809585 88.1614625095416
 775741504 1 8877.993 9029.15 10657.072 145.58248344385774 171.83046111760243 174.75605218431687 72.79124172192887 85.91523055880121 87.37802609215844
 853315648 1 9867.907 9994.984 11765.957 145.04823500544833 170.74877718663683 172.9476469528949 72.52411750272417 85.37438859331841 86.47382347644745
 938647168 1 10985.851 11085.033 13036.013 144.00832033536634 169.35396908606407 170.88292349859833 72.00416016768317 84.67698454303203 85.44146174929917
 1032511872 1 12238.979 12287.855 14432.907 143.07746485167542 168.05404555961962 168.72516441118168 71.53873242583771 84.02702277980981 84.36258220559084
 
META_DATA
 FLOPS          8
 MPI_PROCS      1
 OPENMP_THREADS 8
 ERT_VERSION  1.1.0
 HOSTNAME  ('c3cpu-c11-u13-2.rc.int.colorado.edu', [], ['10.225.64.253'])
 UNAME  uname_result(system='Linux', node='c3cpu-c11-u13-2.rc.int.colorado.edu', release='4.18.0-305.34.2.el8_4.x86_64', version='#1 SMP Mon Jan 17 09:42:23 EST 2022', machine='x86_64', processor='x86_64')
 TIMESTAMP_DATA  1728533797.8514097
 CONFIG  {'nux': ['workstation,', 'MPI', 'and', 'OpenMP', '(8-core', 'Intel', 'Xeon', 'CPU', 'E5530,', '2.40', 'GHz)'], 'ERT_RESULTS': ['Results.alpine'], 'ERT_DRIVER': ['driver1'], 'ERT_KERNEL': ['kernel1'], 'ERT_MPI': ['True'], 'ERT_MPI_CFLAGS': ['-I/usr/include/mpi'], 'ERT_MPI_LDFLAGS': ['-lmpi'], 'ERT_OPENMP': ['True'], 'ERT_OPENMP_CFLAGS': ['-qopenmp'], 'ERT_OPENMP_LDFLAGS': ['-qopenmp'], 'ERT_FLOPS': ['1,2,4,8,16'], 'ERT_ALIGN': ['32'], 'ERT_CC': ['icpc'], 'ERT_CFLAGS': ['-O3', '-fno-alias', '-fno-fnalias', '-DERT_INTEL'], 'ERT_LD': ['icpc'], 'ERT_LDFLAGS': [], 'ERT_LDLIBS': [], 'ERT_PRECISION': ['FP64'], 'ERT_RUN': ['export', 'OMP_NUM_THREADS=ERT_OPENMP_THREADS;', 'mpirun', '-np', 'ERT_MPI_PROCS', 'ERT_CODE'], 'ERT_PROCS_THREADS': ['1-8'], 'ERT_MPI_PROCS': ['1,2,4,8'], 'ERT_OPENMP_THREADS': ['1,2,4,8'], 'ERT_NUM_EXPERIMENTS': ['3'], 'ERT_MEMORY_MAX': ['1073741824'], 'ERT_WORKING_SET_MIN': ['1'], 'ERT_TRIALS_MIN': ['1'], 'ERT_GNUPLOT': ['gnuplot'], 'ERT_GPU': [False], 'ERT_HIP': [False], 'ERT_OCL': [False], 'ERT_SYCL': [False], 'ERT_WSS_MULT': [1.1]}
 HOSTNAME  ('c3cpu-a7-u1-3.rc.int.colorado.edu', [], ['10.225.64.156'])
 UNAME  uname_result(system='Linux', node='c3cpu-a7-u1-3.rc.int.colorado.edu', release='4.18.0-305.34.2.el8_4.x86_64', version='#1 SMP Mon Jan 17 09:42:23 EST 2022', machine='x86_64', processor='x86_64')
 TIMESTAMP_DATA  1728533800.4254909
 TIMESTAMP_DATA  1728533804.4715707
 TIMESTAMP_DATA  1728533806.0250757
 TIMESTAMP_DATA  1728533811.6314957
 TIMESTAMP_DATA  1728533810.6362455
 