fp64
 32 33554432 326254.845 326429.844 326449.871 6.57829528748688 6.578698876564731 6.582227607991539 3.28914764374344 3.2893494382823656 3.2911138039957697
 64 16777216 168565.989 168661.833 168673.038 12.731635556359636 12.73248137887841 12.739720869789458 6.365817778179818 6.366240689439205 6.369860434894729
 96 8388608 84330.082 84345.818 84367.037 19.09054523273112 19.09534786893643 19.098911062365623 9.54527261636556 9.547673934468214 9.549455531182812
 128 8388608 85304.022 85316.896 85364.103 25.156752926929954 25.17067250079047 25.174471234193394 12.578376463464977 12.585336250395235 12.587235617096697
 160 4194304 42533.875 42551.994 42552.948 31.54134655958502 31.542053704933313 31.555490300378228 15.77067327979251 15.771026852466656 15.777745150189114
 192 4194304 42640.924 42667.15 42690.039 37.728068976465444 37.7483083824441 37.77152521366563 18.864034488232722 18.87415419122205 18.885762606832817
 224 4194304 42717.934 42732.0 42739.153 43.965499082305165 43.97285856032949 43.98733777714999 21.982749541152582 21.986429280164746 21.993668888574994
 256 4194304 42948.961 42964.22 42969.942 49.97641486227745 49.983070750498904 50.00082884426471 24.988207431138726 24.991535375249452 25.000414422132355
 288 2097152 21546.125 21552.086 21559.0 56.03040734727956 56.04838213804455 56.06388861106115 28.01520367363978 28.024191069022276 28.031944305530576
 320 2097152 21814.108 21857.977 21862.03 61.39307648923728 61.40446025723241 61.527946959829855 30.69653824461864 30.702230128616204 30.763973479914927
 352 2097152 22058.964 22233.963 22493.839 65.63552837734812 66.40269249346147 66.92948082239946 32.81776418867406 33.201346246730736 33.46474041119973
 384 2097152 21915.913 21934.986 21947.145 73.3859796342531 73.4266589456679 73.49056076285756 36.69298981712655 36.71332947283395 36.74528038142878
 416 2097152 22032.022 22034.168 22036.076 79.1806337934213 79.18749026511917 79.19520341800676 39.59031689671065 39.59374513255958 39.59760170900338
 448 2097152 22181.034 22189.856 22196.054 84.65685801629425 84.68050410061245 84.71418383831882 42.328429008147126 42.340252050306226 42.35709191915941
 480 2097152 22331.953 22338.152 22348.881 90.083522302526 90.12678936019417 90.15180714378181 45.041761151263 45.06339468009708 45.075903571890905
 512 2097152 22653.103 22673.845 22701.979 94.59455706482682 94.71193121413681 94.79865288212392 47.29727853241341 47.355965607068406 47.39932644106196
 544 1048576 11409.998 11440.992 11449.099 99.64545576905222 99.71606378188184 99.98693146133769 49.82272788452611 49.85803189094092 49.993465730668845
 576 1048576 11512.995 11516.094 11518.002 104.87578939472313 104.8931653388727 104.9213998616346 52.437894697361564 52.44658266943635 52.4606999308173
 608 1048576 11760.95 11766.911 11770.01 108.33197388957188 108.36050480878117 108.41542698506498 54.16598694478594 54.180252404390586 54.20771349253249
 640 1048576 11870.861 11872.053 11880.875 112.96956495207634 113.05351146933053 113.06486361856986 56.48478247603817 56.526755734665265 56.53243180928493
 704 1048576 12263.06 12353.897 12355.089 119.49691402465817 119.50844401568183 120.39368705690097 59.748457012329084 59.754222007840916 60.196843528450486
 768 1048576 12840.986 13061.047 13068.914 123.239982756027 123.314213324552 125.42749723424664 61.6199913780135 61.657106662276 62.71374861712332
 832 1048576 13838.053 14358.997 14573.812 119.72368409857353 121.5147871400767 126.08930345909212 59.861842049286764 60.75739357003835 63.04465172954606
 896 1048576 14477.968 14868.021 14868.021 126.38186292580565 126.38186292580565 129.7867347130481 63.190931462902824 63.190931462902824 64.89336735652405
 960 1048576 15519.142 15998.125 16107.082 124.99259145759608 125.84386732820252 129.72791408184807 62.49629572879804 62.92193366410126 64.86395704092403
 1056 524288 8380.89 8528.948 9263.039 119.53919831277832 129.8279994203271 132.12155940478874 59.76959915638916 64.91399971016355 66.06077970239437
 1152 524288 9202.957 9488.106 9625.912 125.49040049399993 127.3130329699099 131.25776334715025 62.745200246999964 63.65651648495495 65.62888167357512
 1248 524288 9802.818 10073.9 10087.967 129.7211666136497 129.90230675309462 133.49455717733412 64.86058330682485 64.95115337654731 66.74727858866706
 1344 524288 10509.014 10690.928 10705.948 131.63581067272136 131.82074970479644 134.10260410729305 65.81790533636068 65.91037485239822 67.05130205364652
 1472 524288 11456.013 11811.018 11831.045 130.46217574187233 130.683390034627 134.73307615834582 65.23108787093616 65.3416950173135 67.36653807917291
 1600 524288 11928.082 12639.046 12704.134 132.06107555225722 132.7411578373874 140.65309074837012 66.03053777612861 66.3705789186937 70.32654537418506
 1760 524288 13359.07 14024.019 14057.159 131.28497443900295 131.59521247083308 138.1453768862653 65.64248721950148 65.79760623541654 69.07268844313265
 1920 524288 14494.181 14703.989 14798.88 136.04177613441018 136.91971069891306 138.90166819360127 68.02088806720509 68.45985534945653 69.45083409680063
 2112 262144 7810.116 8229.017 8231.878 134.51320051147502 134.55996700456444 141.77718435936163 67.25660025573751 67.27998350228222 70.88859217968081
 2304 262144 8865.833 8873.94 8960.009 134.8167788670748 136.124376770634 136.2488501644459 67.4083894335374 68.062188385317 68.12442508222296
 2528 262144 9947.062 9991.169 10364.056 127.88430166722372 132.6571559344057 133.24538079686243 63.94215083361186 66.32857796720285 66.62269039843122
 2752 262144 10239.84 10609.865 10659.933 135.35174902131183 135.9904745253592 140.90460163440054 67.67587451065592 67.9952372626796 70.45230081720027
 3008 262144 11507.034 11582.136 11986.971 131.56437134952608 136.1629930783061 137.05167673963595 65.78218567476304 68.08149653915305 68.52583836981798
 3296 262144 12714.863 12743.95 13346.91 129.47215857453148 135.59793062590484 135.9081295645891 64.73607928726574 67.79896531295242 67.95406478229455
 3616 262144 13871.193 13988.018 14139.891 134.07638064536707 135.53209668446237 136.67356571276892 67.03819032268353 67.76604834223119 68.33678285638446
 3968 262144 15074.968 15210.152 15472.174 134.4591124686162 136.7754105284418 138.00193698586955 67.2295562343081 68.3877052642209 69.00096849293477
 4352 131072 8214.951 8331.06 8346.081 136.6929805737567 136.93943963913355 138.8749230518843 68.34649028687835 68.46971981956678 69.43746152594215
 4768 131072 9119.034 9127.855 9632.826 129.75450734810326 136.93278344145477 137.06524090161304 64.87725367405163 68.46639172072739 68.53262045080652
 5216 131072 9965.897 9967.804 10245.085 133.46332451121685 137.17596212766622 137.20221110051605 66.73166225560843 68.58798106383311 68.60110555025803
 5728 131072 10938.168 11016.846 11192.083 134.1627677350141 136.29679783124863 137.27717767728564 67.08138386750706 68.14839891562431 68.63858883864282
 6272 131072 11974.096 11986.017 12050.867 136.43559156366095 137.17377240496157 137.31033791611492 68.21779578183047 68.58688620248078 68.65516895805746
 6880 131072 13123.035 13206.005 13434.887 134.2438324937158 136.57050107129294 137.43396401823207 67.1219162468579 68.28525053564647 68.71698200911604
 7552 131072 14276.028 14319.181 14775.991 133.98163872731106 138.25591617285932 138.67383056407567 66.99081936365553 69.12795808642966 69.33691528203784
 8288 65536 7886.887 7894.993 7925.034 137.07508838447885 137.59666867342375 137.73808804411675 68.53754419223942 68.79833433671187 68.86904402205838
 9088 65536 8622.169 8630.991 8711.1 136.74304462123035 138.01223243078346 138.1534432925172 68.37152231061518 69.00611621539173 69.0767216462586
 9984 65536 9011.03 9435.892 9466.887 138.23159059572592 138.68565346021342 145.2245579029256 69.11579529786296 69.34282673010671 72.6122789514628
 10976 65536 9916.067 10434.151 10438.919 137.81563704057862 137.87861341090425 145.08234686191614 68.90781852028931 68.93930670545213 72.54117343095807
 12064 65536 11444.092 11465.073 11642.933 135.81222257312655 137.91910509422834 138.1719587713905 67.90611128656327 68.95955254711417 69.08597938569525
 13248 65536 12501.955 12506.008 12619.972 137.59474711988267 138.8486122829923 138.89362551696914 68.79737355994133 69.42430614149615 69.44681275848457
 14560 65536 13784.885 13827.801 13932.943 136.970941458671 138.01242294418324 138.4420921901053 68.4854707293355 69.00621147209162 69.22104609505266
 16000 65536 15166.998 15179.873 15331.03 136.79133104559835 138.1534614947042 138.27073755795314 68.39566552279918 69.0767307473521 69.13536877897657
 17600 32768 8327.007 8331.776 8449.078 136.51591333397565 138.43790327536414 138.51718870898034 68.25795666698782 69.21895163768207 69.25859435449017
 19360 32768 9132.147 9140.015 9150.028 138.6637243077289 138.8156321406475 138.93523176970322 69.33186215386445 69.40781607032375 69.46761588485161
 21280 32768 10053.873 10061.979 10328.054 135.03086641491223 138.60156933342836 138.7133177433214 67.51543320745611 69.30078466671418 69.3566588716607
 23392 32768 11027.098 11072.159 11308.908 135.5584563956131 138.45701746154475 139.02280654438727 67.77922819780655 69.22850873077238 69.51140327219363
 25728 32768 11554.956 12153.864 12155.056 138.7167782690594 138.73038302880468 145.9209544372129 69.3583891345297 69.36519151440234 72.96047721860646
 28288 32768 13359.07 13375.044 13791.084 134.42615301306265 138.6075715339703 138.7733104175665 67.21307650653132 69.30378576698514 69.38665520878325
 31104 32768 14686.823 14688.969 14883.041 136.9633896728498 138.77296248633922 138.79323962711337 68.4816948364249 69.38648124316961 69.39661981355668
 34208 16384 8059.978 8072.853 8164.883 137.28644292882092 138.85149946369643 139.07330069635427 68.64322146441046 69.42574973184821 69.53665034817713
 37600 16384 8879.9 8882.046 9032.965 136.3978272914818 138.71542660328484 138.74894987556166 68.1989136457409 69.35771330164242 69.37447493778083
 41344 16384 9745.836 9746.075 9999.99 135.4761546761547 139.0057219957778 139.00913087394454 67.73807733807735 69.5028609978889 69.50456543697227
 45472 16384 10719.061 10730.028 10895.967 136.75027613427977 138.86510790092998 139.007185051004 68.37513806713989 69.43255395046499 69.503592525502
 50016 16384 11794.806 11807.919 11929.989 137.3785246574829 138.79874074339432 138.9530517076754 68.68926232874145 69.39937037169716 69.4765258538377
 55008 16384 12984.037 12986.898 13036.013 138.27096858525684 138.79389396913723 138.82447685569596 69.13548429262842 69.39694698456861 69.41223842784798
 60480 16384 14267.921 14277.935 14620.066 135.5540145988397 138.8021895323098 138.8996084292869 67.77700729941985 69.4010947661549 69.44980421464345
 66528 8192 7499.933 7883.072 7889.986 138.1491363863003 138.27030274491975 145.33393191645845 69.07456819315016 69.13515137245987 72.66696595822923
 73152 8192 8665.085 8668.9 8795.977 136.25801522673376 138.25541510456918 138.31628518358445 68.12900761336688 69.12770755228459 69.15814259179223
 80448 8192 9485.006 9540.081 9740.114 135.3228547427679 138.16025587204132 138.96248795203715 67.66142737138395 69.08012793602066 69.48124397601858
 88480 8192 10485.172 10485.888 10686.874 135.64830276842417 138.2483123985303 138.25775294864022 67.82415138421209 69.12415619926514 69.12887647432011
 97312 8192 11514.902 11515.141 11652.946 136.82032062965024 138.45768870741574 138.46056249545154 68.41016031482512 69.22884435370787 69.23028124772577
 107040 8192 12660.027 12665.987 12737.989 137.67819708432785 138.46085267575282 138.52603631887987 68.83909854216392 69.23042633787641 69.26301815943994
 117728 8192 13922.93 13935.089 14296.77 134.91547755192255 138.41716776979322 138.5380485285784 67.45773877596127 69.20858388489661 69.2690242642892
 129472 8192 15228.033 15297.89 15314.102 138.51737751256977 138.6641718563802 139.30027916277828 69.25868875628488 69.3320859281901 69.65013958138914
 142400 4096 8451.939 8453.131 8620.024 135.32918237814653 138.00103180703104 138.02049446878402 67.66459118907326 69.00051590351552 69.01024723439201
 156640 4096 9203.911 9313.822 9323.12 137.635778580561 137.77318054822177 139.41843635819598 68.8178892902805 68.88659027411089 69.70921817909799
 172288 4096 10238.886 10241.985 10438.919 135.20397044943064 137.80368707823726 137.84539607140852 67.60198522471532 68.90184353911863 68.92269803570426
 189504 4096 11250.973 11263.132 11548.042 134.43116746544567 137.83171217384293 137.9806678053534 67.21558373272283 68.91585608692147 68.9903339026767
 208448 4096 12383.938 12385.13 12535.095 136.22601312554872 137.87550199311593 137.88877302195795 68.11300656277436 68.93775099655797 68.94438651097897
 229280 4096 13490.915 13608.932 13618.946 137.91535409568405 138.01683776507957 139.22419346649207 68.95767704784203 69.00841888253979 69.61209673324603
 252192 4096 14972.925 14978.886 15367.985 134.43251434719645 137.9246002673363 137.97951061666308 67.21625717359822 68.96230013366815 68.98975530833154
 277408 2048 8229.971 8231.163 8385.897 135.49691440283607 138.0440610883298 138.06405490371716 67.74845720141803 69.0220305441649 69.03202745185858
 305120 2048 9041.071 9042.978 9294.987 134.45651080523297 138.20353427819907 138.23268504361928 67.22825540261648 69.10176713909954 69.11634252180964
 335616 2048 9950.876 9952.068 10279.179 133.73472103170886 138.13040023440354 138.1469466607764 66.86736051585443 69.06520011720177 69.0734733303882
 369152 2048 10943.174 10944.843 11187.077 135.1601130482967 138.15151044194968 138.17258064250825 67.58005652414835 69.07575522097484 69.08629032125413
 406048 2048 11548.042 12027.025 12037.992 138.16030181777825 138.28628509544131 144.02204356374872 69.08015090888912 69.14314254772066 72.01102178187436
 446624 2048 12612.104 13226.032 13247.013 138.09693581488898 138.3160046792568 145.04890730365054 69.04846790744449 69.1580023396284 72.52445365182527
 491264 2048 13871.908 14549.971 14572.144 138.08656735755562 138.29700031704533 145.0569989362675 69.04328367877781 69.14850015852267 72.52849946813375
 540384 1024 7628.918 8003.95 8013.01 138.11369660090276 138.27003317112175 145.06728634388259 69.05684830045138 69.13501658556088 72.53364317194129
 594400 1024 8388.996 8802.176 8805.99 138.2389941392166 138.29889336454985 145.1104756755159 69.1194970696083 69.14944668227493 72.55523783775794
 653824 1024 9230.137 9674.072 9682.894 138.2883621363613 138.4144703491973 145.0716876683412 69.14418106818064 69.20723517459865 72.5358438341706
 719200 1024 10149.956 10653.973 10658.979 138.1859932363128 138.2509229186145 145.1160576459642 69.0929966181564 69.12546145930725 72.5580288229821
 791104 1024 11185.169 11708.021 11721.849 138.21889294086625 138.38213921891668 144.8508280920923 69.10944647043313 69.19106960945834 72.42541404604616
 870208 1024 12305.975 12877.941 12879.133 138.37779173489398 138.39060017436017 144.82281850889507 69.18889586744699 69.19530008718009 72.41140925444753
 957216 1024 13535.976 14165.878 14182.091 138.22914886105298 138.38735361126223 144.82726387812744 69.11457443052649 69.19367680563111 72.41363193906372
 1052928 512 7447.004 7793.903 7796.049 138.30060226660967 138.3386824290731 144.7828243411713 69.15030113330484 69.16934121453654 72.39141217058565
 1158208 512 8162.022 8565.903 8569.956 138.39102464470062 138.45650505264885 145.3077426157391 69.19551232235031 69.22825252632443 72.65387130786955
 1274016 512 8986.95 9239.912 9432.077 138.31443318369858 141.19099662421027 145.1651988716973 69.15721659184929 70.59549831210514 72.58259943584865
 1401408 512 9886.98 10370.016 10380.03 138.2502547680498 138.3837587135835 145.1446035088571 69.1251273840249 69.19187935679174 72.57230175442855
 1541536 512 10874.987 11401.892 11411.905 138.32334426197906 138.44481810562667 145.1526207801444 69.16167213098953 69.22240905281333 72.5763103900722
 1695680 512 12077.093 12542.009 12546.062 138.40010674265758 138.44483128659851 143.77436027030677 69.20005337132879 69.22241564329926 71.88718013515339
 1865248 512 13283.968 13797.998 13808.012 138.32649855750412 138.42689004593277 143.78339002322195 69.16324927875206 69.21344502296638 71.89169501161098
 2051744 512 14647.961 15279.055 15281.916 137.48183513114455 137.50757857734 143.43196681094386 68.74091756557227 68.75378928867 71.71598340547193
 2256896 256 8067.131 8435.965 8445.978 136.81432179908592 136.97671244487145 143.23936874212157 68.40716089954296 68.48835622243573 71.61968437106079
 2482560 256 8857.012 9258.032 9289.98 136.82168529964542 137.2938352340973 143.51010476219292 68.41084264982271 68.64691761704864 71.75505238109646
 2730816 256 9744.883 10178.089 10214.09 136.88716194981637 137.37134662508848 143.47815073818742 68.44358097490819 68.68567331254424 71.73907536909371
 3003872 256 10719.061 11178.97 11198.997 137.33216144267206 137.578190477298 143.4810814118886 68.66608072133603 68.789095238649 71.7405407059443
 3304256 256 11783.838 12297.153 12328.863 137.22101316236544 137.57485753003155 143.56774694288907 68.61050658118272 68.78742876501578 71.78387347144454
 3634656 256 12951.851 13525.963 13540.03 137.44015869979606 137.58309644939882 143.68169244689426 68.72007934989803 68.79154822469941 71.84084622344713
 3998112 256 14256.001 14880.896 14940.023 137.0167464936299 137.5611619085302 143.5909932946834 68.50837324681495 68.7805809542651 71.7954966473417
 4397920 128 7837.057 8158.922 8227.11 136.84848263849636 137.9921906349883 143.6594782965085 68.42424131924818 68.99609531749415 71.82973914825425
 4837696 128 8625.031 9008.884 9043.217 136.94796619388873 137.4698770680142 143.5879101188158 68.47398309694437 68.7349385340071 71.7939550594079
 5321440 128 9487.867 9922.981 9941.101 137.03599229099473 137.28622880563816 143.58218132695157 68.51799614549736 68.64311440281908 71.79109066347579
 5853568 128 10436.058 10920.048 10941.982 136.9508200616671 137.2258993733361 143.58998464745977 68.47541003083354 68.61294968666805 71.79499232372989
 6438912 128 11483.908 12029.171 12030.125 137.01948001371557 137.03034664649792 143.53663160659247 68.50974000685778 68.51517332324896 71.76831580329623
 7082784 128 12624.979 13211.012 13232.946 137.02109144857084 137.24858504405262 143.6194629709879 68.51054572428542 68.62429252202631 71.80973148549396
 7791040 128 13886.929 14548.063 14550.924 137.07076196673145 137.0977180948419 143.62471645098785 68.53538098336573 68.54885904742095 71.81235822549392
 8570144 64 7658.005 7844.925 8002.043 137.0872953319546 139.8328769236162 143.2459801214546 68.5436476659773 69.9164384618081 71.6229900607273
 9427136 64 8435.011 8804.083 8807.182 137.01015920870034 137.05838620558208 143.05534491893368 68.50507960435017 68.52919310279104 71.52767245946684
 10369824 64 9243.965 9674.072 9691.0 136.96599649159012 137.20566396446088 143.5896254475217 68.48299824579506 68.60283198223044 71.79481272376086
 11406784 64 10164.022 10655.165 10661.125 136.9525591342377 137.02916397822088 143.65064853263797 68.47627956711885 68.51458198911044 71.82532426631899
 12547456 64 11168.957 11678.934 11713.028 137.11863132231903 137.51891807933842 143.79806171695353 68.55931566115952 68.75945903966921 71.89903085847676
 13802176 64 12290.001 12863.159 12894.869 137.00631840463055 137.34406361609928 143.74925827914905 68.50315920231527 68.67203180804964 71.87462913957452
 15182368 64 13520.002 14174.938 14186.859 136.98191431944167 137.09711492212523 143.7383740031991 68.49095715972084 68.54855746106261 71.86918700159956
 16700576 64 14880.896 15584.946 15599.012 137.0390463190874 137.1627292131779 143.65221879112656 68.5195231595437 68.58136460658895 71.82610939556328
 18370624 32 8188.963 8589.029 8595.943 136.7761438157512 136.88624593070998 143.57372673438624 68.3880719078756 68.44312296535499 71.78686336719312
 20207680 32 8996.01 9437.799 9449.005 136.87065675168972 137.03317055173562 143.76279261583744 68.43532837584486 68.51658527586781 71.88139630791872
 22228448 32 9888.887 10372.877 10383.129 137.01271283444518 137.14812891351164 143.8605448722389 68.50635641722259 68.57406445675582 71.93027243611945
 24451264 32 10881.186 11408.806 11429.787 136.91251604251244 137.16430062883003 143.81528778204876 68.45625802125622 68.58215031441502 71.90764389102438
 26896384 32 12095.928 12643.099 12668.133 135.8817890528936 136.1508421313477 142.30975713479774 67.9408945264468 68.07542106567385 71.15487856739887
 29586016 32 13165.951 13756.037 13817.072 137.04097539623444 137.649020862622 143.8183253150494 68.52048769811722 68.824510431311 71.9091626575247
 32544608 32 14489.889 15196.085 15208.006 136.95779131070833 137.06523173567405 143.74540150031518 68.47889565535417 68.53261586783702 71.87270075015759
 35799040 16 8285.999 8413.076 8435.965 135.79587871689841 136.1653312058515 138.25361069920476 67.89793935844921 68.08266560292574 69.12680534960238
 39378944 16 8850.098 9250.879 9260.893 136.0696217956519 136.21691603576267 142.3855654479758 68.03481089782595 68.10845801788133 71.1927827239879
 43316832 16 9734.154 10178.089 10214.09 135.7084795610769 136.1884951094454 142.39949604249122 67.85423978053845 68.0942475547227 71.19974802124561
 47648512 16 11086.941 11318.922 11355.162 134.27834706365263 134.70826850825546 137.52687815331566 67.13917353182632 67.35413425412773 68.76343907665783
 52413344 16 12139.082 12346.029 12362.003 135.6759910186076 135.8515363927948 138.1675326025477 67.8379955093038 67.9257681963974 69.08376630127385
 57654656 16 12978.792 13504.028 13621.092 135.44795028181292 136.62212430246737 142.15105627704028 67.72397514090646 68.31106215123368 71.07552813852014
 63420096 16 14806.986 14913.082 15028.0 135.04412243811552 136.084752434138 137.05983594500594 67.52206121905776 68.042376217069 68.52991797250297
 69762080 8 8479.834 8548.975 8612.156 129.60671868925735 130.56457411561036 131.6291427402942 64.80335934462867 65.28228705780518 65.8145713701471
 76738272 8 9023.19 9099.007 9386.063 130.81228540656502 134.93915896536842 136.07297995498266 65.40614270328251 67.46957948268421 68.03648997749133
 84412096 8 9613.991 9979.01 10251.999 131.73953060276344 135.3434394794674 140.48208865600145 65.86976530138172 67.6717197397337 70.24104432800073
 92853280 8 10835.886 10867.119 10945.082 135.73698945334533 136.71079519788088 137.1048458797001 67.86849472667267 68.35539759894044 68.55242293985005
 102138592 8 11444.092 11880.875 11922.121 137.07439070615038 137.55026224920303 142.80009912538276 68.53719535307519 68.77513112460151 71.40004956269138
 112352448 8 12551.069 13076.067 13151.169 136.69044691008077 137.475524406536 143.22598083079615 68.34522345504038 68.737762203268 71.61299041539807
 123587680 8 13792.038 14368.773 14422.178 137.10847834494902 137.61807497411226 143.37278363067153 68.55423917247451 68.80903748705613 71.68639181533577
 135946432 4 8260.965 8265.972 8308.887 130.89255588624565 131.57211952810874 131.6518658534445 65.44627794312282 65.78605976405437 65.82593292672225
 149541056 4 9320.974 9528.875 9651.184 123.9566511217691 125.54771135102519 128.34800826608893 61.97832556088455 62.77385567551259 64.17400413304446
 164495136 4 10419.13 10485.888 10603.905 124.10155390867797 125.49829713992747 126.30239645728578 62.050776954338986 62.74914856996374 63.15119822864289
 180944640 4 11569.023 11787.176 11824.131 122.42397517415867 122.8077972196224 125.12354068273527 61.211987587079335 61.4038986098112 62.561770341367634
 199039104 4 12883.902 13075.829 13123.989 121.32841866904948 121.77528721123534 123.58933124452513 60.66420933452474 60.88764360561767 61.79466562226256
 218943008 4 14304.876 14567.137 14580.011 120.13324708739931 120.23941725817502 122.44384809766963 60.066623543699656 60.11970862908751 61.221924048834815
 240837280 4 15927.792 16161.203 16215.086 118.82133958463125 119.21750132091033 120.96455302781452 59.41066979231562 59.608750660455165 60.48227651390726
 264920992 4 17674.208 17930.031 17955.065 118.03733019067323 118.20213450830065 119.91303576375248 59.018665095336615 59.10106725415032 59.95651788187624
 291413088 2 9924.173 10079.861 10097.98 115.43421080255655 115.64170894816901 117.45586780883403 57.717105401278275 57.820854474084506 58.727933904417014
 320554368 2 10976.076 11149.883 11152.983 114.9663253319762 114.99828939909055 116.81929607630268 57.4831626659881 57.499144699545276 58.40964803815134
 352609792 2 12145.042 12331.009 12380.123 113.92771848874199 114.3814888140946 116.13291810765249 56.963859244370994 57.1907444070473 58.06645905382624
 387870752 2 13480.186 13637.066 13664.007 113.5452439390583 113.76956069582708 115.09359054837967 56.77262196952915 56.88478034791354 57.54679527418983
 426657824 2 14919.996 15092.134 15110.97 112.93989042397676 113.0808470160681 114.38550626957273 56.46994521198838 56.54042350803405 57.192753134786365
 469323584 2 16639.948 16729.116 16742.945 112.12449996102838 112.21718684956215 112.81852178864982 56.06224998051419 56.10859342478108 56.40926089432491
 516255936 2 18311.977 18452.883 18500.805 111.61804818763292 111.90791942917535 112.7690223726253 55.80902409381646 55.953959714587675 56.38451118631265
 567881504 1 10178.804 10276.079 10416.031 109.03990281902962 110.52493932753923 111.58118458710868 54.51995140951481 55.262469663769615 55.79059229355434
 624669632 1 11224.031 11302.948 11351.824 110.05625739088273 110.53216063632249 111.309320510608 55.02812869544137 55.266080318161244 55.654660255304
 687136576 1 12428.999 12476.921 12627.125 108.83500020788581 110.14521547423439 110.5698980263817 54.417500103942906 55.072607737117195 55.28494901319085
 755850208 1 13688.087 13787.031 13924.837 108.56144427399762 109.64655232877912 110.43912973376047 54.28072213699881 54.82327616438956 55.21956486688023
 831435200 1 15189.886 15207.052 15286.922 108.77731959383323 109.34863640895027 109.47221065385219 54.38865979691661 54.674318204475135 54.73610532692609
 914578720 1 16668.797 16764.879 16870.975 108.4203752302401 109.1065101036518 109.73542001861323 54.21018761512005 54.5532550518259 54.86771000930661
 1006036576 1 18429.041 18504.858 18624.067 108.03618522205706 108.7321584418535 109.17948210110337 54.01809261102853 54.36607922092675 54.58974105055169
 
META_DATA
 FLOPS          8
 MPI_PROCS      2
 OPENMP_THREADS 2
 ERT_VERSION  1.1.0
 HOSTNAME  ('c3cpu-c11-u13-2.rc.int.colorado.edu', [], ['10.225.64.253'])
 UNAME  uname_result(system='Linux', node='c3cpu-c11-u13-2.rc.int.colorado.edu', release='4.18.0-305.34.2.el8_4.x86_64', version='#1 SMP Mon Jan 17 09:42:23 EST 2022', machine='x86_64', processor='x86_64')
 TIMESTAMP_DATA  1728533859.846406
 CONFIG  {'nux': ['workstation,', 'MPI', 'and', 'OpenMP', '(8-core', 'Intel', 'Xeon', 'CPU', 'E5530,', '2.40', 'GHz)'], 'ERT_RESULTS': ['Results.alpine'], 'ERT_DRIVER': ['driver1'], 'ERT_KERNEL': ['kernel1'], 'ERT_MPI': ['True'], 'ERT_MPI_CFLAGS': ['-I/usr/include/mpi'], 'ERT_MPI_LDFLAGS': ['-lmpi'], 'ERT_OPENMP': ['True'], 'ERT_OPENMP_CFLAGS': ['-qopenmp'], 'ERT_OPENMP_LDFLAGS': ['-qopenmp'], 'ERT_FLOPS': ['1,2,4,8,16'], 'ERT_ALIGN': ['32'], 'ERT_CC': ['icpc'], 'ERT_CFLAGS': ['-O3', '-fno-alias', '-fno-fnalias', '-DERT_INTEL'], 'ERT_LD': ['icpc'], 'ERT_LDFLAGS': [], 'ERT_LDLIBS': [], 'ERT_PRECISION': ['FP64'], 'ERT_RUN': ['export', 'OMP_NUM_THREADS=ERT_OPENMP_THREADS;', 'mpirun', '-np', 'ERT_MPI_PROCS', 'ERT_CODE'], 'ERT_PROCS_THREADS': ['1-8'], 'ERT_MPI_PROCS': ['1,2,4,8'], 'ERT_OPENMP_THREADS': ['1,2,4,8'], 'ERT_NUM_EXPERIMENTS': ['3'], 'ERT_MEMORY_MAX': ['1073741824'], 'ERT_WORKING_SET_MIN': ['1'], 'ERT_TRIALS_MIN': ['1'], 'ERT_GNUPLOT': ['gnuplot'], 'ERT_GPU': [False], 'ERT_HIP': [False], 'ERT_OCL': [False], 'ERT_SYCL': [False], 'ERT_WSS_MULT': [1.1]}
 HOSTNAME  ('c3cpu-a7-u1-3.rc.int.colorado.edu', [], ['10.225.64.156'])
 UNAME  uname_result(system='Linux', node='c3cpu-a7-u1-3.rc.int.colorado.edu', release='4.18.0-305.34.2.el8_4.x86_64', version='#1 SMP Mon Jan 17 09:42:23 EST 2022', machine='x86_64', processor='x86_64')
 TIMESTAMP_DATA  1728533866.8384097
 TIMESTAMP_DATA  1728533876.0308614
 TIMESTAMP_DATA  1728533885.2363179
 