fp64
 8 134217728 2348165.035 2348417.997 2348656.178 0.9143456875959988 0.9144384222669539 0.9145369324520242 0.9143456875959988 0.9144384222669539 0.9145369324520242
 16 67108864 1195842.028 1196062.803 1196070.194 1.7954495135592354 1.7954606084342881 1.7957920843370796 1.7954495135592354 1.7954606084342881 1.7957920843370796
 24 33554432 598284.96 598294.02 598340.034 2.6918017255719846 2.692008748474538 2.692049514331766 2.6918017255719846 2.692008748474538 2.692049514331766
 32 33554432 600183.01 600281.0 600291.967 3.5773986094336663 3.577463967708457 3.578048049044241 3.5773986094336663 3.577463967708457 3.578048049044241
 40 16777216 300256.014 300293.922 300399.065 4.467980884028384 4.469545274379546 4.470109564566457 4.467980884028384 4.469545274379546 4.470109564566457
 48 16777216 302816.153 302877.903 326429.129 4.934034964753406 5.317696405207877 5.318780785118818 4.934034964753406 5.317696405207877 5.318780785118818
 56 16777216 303193.808 303315.163 327282.19 5.741370136884013 6.195035465470613 6.197515062708669 5.741370136884013 6.195035465470613 6.197515062708669
 64 16777216 304967.88 305063.963 321761.847 6.674140107108474 7.039453716137557 7.041671562264196 6.674140107108474 7.039453716137557 7.041671562264196
 72 8388608 153011.084 153015.137 153050.9 7.8925347841796425 7.894379442995891 7.894588551506504 7.8925347841796425 7.894379442995891 7.894588551506504
 80 8388608 153905.869 153912.067 153990.984 8.715947162205289 8.720416184131944 8.720767367227563 8.715947162205289 8.720416184131944 8.720767367227563
 88 8388608 154874.086 154939.89 154947.042 9.528384594783036 9.52882442345867 9.53287309795649 9.528384594783036 9.52882442345867 9.53287309795649
 96 8388608 155435.085 155476.093 155478.001 10.359103703680884 10.359230830427416 10.361963877074471 10.359103703680884 10.359230830427416 10.361963877074471
 104 8388608 157651.901 157675.028 157717.943 11.062980094788582 11.065991147310912 11.067614490738046 11.062980094788582 11.065991147310912 11.067614490738046
 112 8388608 158318.996 158352.852 169284.105 11.099968257504152 11.866209975176195 11.8687475254075 11.099968257504152 11.866209975176195 11.8687475254075
 120 8388608 169936.895 169988.871 181979.895 11.063122769688375 11.843516038176404 11.847138433357866 11.063122769688375 11.843516038176404 11.847138433357866
 128 8388608 158473.015 158563.137 169451.952 12.673112482056272 13.543397845364273 13.551099838669693 12.673112482056272 13.543397845364273 13.551099838669693
 136 4194304 82848.072 82873.821 87291.002 13.069510738346205 13.766116660652102 13.77039513967205 13.069510738346205 13.766116660652102 13.77039513967205
 144 4194304 86951.971 87000.847 92996.836 12.989254301081813 13.884457377754035 13.892261878687027 12.989254301081813 13.884457377754035 13.892261878687027
 152 4194304 99364.996 99406.004 107332.945 11.879562384130985 12.826875286124569 12.832168946094459 11.879562384130985 12.826875286124569 12.832168946094459
 160 4194304 99287.987 99320.173 107254.982 12.51389217519052 13.513642188279315 13.518022880250358 12.51389217519052 13.513642188279315 13.518022880250358
 176 4194304 105688.095 105711.222 105720.043 13.965138171576415 13.966303482897965 13.969359633173443 13.965138171576415 13.966303482897965 13.969359633173443
 192 4194304 111912.012 111922.979 111932.993 14.389079509381116 14.39036693260282 14.391777140062498 14.389079509381116 14.39036693260282 14.391777140062498
 208 4194304 117918.015 117934.942 126944.065 13.74487624923623 14.794855828224344 14.796979613335589 13.74487624923623 14.794855828224344 14.796979613335589
 224 4194304 130051.851 130140.066 136368.99 13.779145772070322 14.438660204767377 14.448454040073601 13.779145772070322 14.438660204767377 14.448454040073601
 240 4194304 143771.172 143784.046 152476.072 13.20381548129073 14.002011878285856 14.003265689452679 13.20381548129073 14.002011878285856 14.003265689452679
 264 2097152 71839.094 71856.022 77606.916 14.268010031477091 15.409929817712426 15.413560978372027 14.268010031477091 15.409929817712426 15.413560978372027
 288 2097152 81014.872 81037.998 87053.061 13.876129548161437 14.906088277254824 14.910343276232046 13.876129548161437 14.906088277254824 14.910343276232046
 312 2097152 94675.064 94728.947 101823.092 12.851926044437935 13.81439242642484 13.822254696336936 12.851926044437935 13.81439242642484 13.822254696336936
 336 2097152 98554.85 98561.049 106256.962 13.263000536378971 14.298611452481598 14.299510820624251 13.263000536378971 14.298611452481598 14.299510820624251
 368 2097152 105170.965 105173.111 111639.977 13.825727248223995 14.675841166284414 14.67614062493389 13.825727248223995 14.675841166284414 14.67614062493389
 400 2097152 106515.169 106523.991 106544.971 15.746605252724692 15.749706561407374 15.751011013276429 15.746605252724692 15.749706561407374 15.751011013276429
 440 2097152 125890.017 125900.03 125948.906 14.652717666320976 14.658406038505314 14.659571934127229 14.652717666320976 14.658406038505314 14.659571934127229
 480 2097152 131492.138 131524.801 131555.08 15.303596942056513 15.307120061713682 15.310922391420844 15.303596942056513 15.307120061713682 15.310922391420844
 528 1048576 69921.97 69945.812 69948.912 15.830071181092851 15.830772770212457 15.83617074862164 15.830071181092851 15.830772770212457 15.83617074862164
 576 1048576 78911.066 78923.941 78960.18 15.298338377648076 15.30536281760182 15.307860015476155 15.298338377648076 15.30536281760182 15.307860015476155
 632 1048576 87743.998 87755.919 87795.973 15.096365114604973 15.103255473855846 15.105307419431698 15.096365114604973 15.103255473855846 15.105307419431698
 688 1048576 92254.877 92267.99 92288.971 15.633943691928257 15.637498725180855 15.639721420906561 15.633943691928257 15.637498725180855 15.639721420906561
 752 1048576 101474.047 101499.081 101500.988 15.537368995856474 15.537660917343674 15.541494112282717 15.537368995856474 15.537660917343674 15.541494112282717
 824 1048576 112723.827 112730.026 112743.855 15.327249968523784 15.329130217711473 15.329973209656908 15.327249968523784 15.329130217711473 15.329973209656908
 904 1048576 118197.918 118232.012 118268.013 16.029908340474105 16.034789359754786 16.039414569045118 16.029908340474105 16.034789359754786 16.039414569045118
 992 1048576 132257.938 132320.881 132325.888 15.721600780037841 15.722195682781162 15.72967804775544 15.721600780037841 15.722195682781162 15.72967804775544
 1088 524288 72393.179 72403.908 72461.128 15.744313116406358 15.756755671254654 15.759090894461202 15.744313116406358 15.756755671254654 15.759090894461202
 1192 524288 79344.034 79353.094 79361.916 15.749400405101108 15.751151328768605 15.752949894128147 15.749400405101108 15.751151328768605 15.752949894128147
 1304 524288 86029.053 86032.152 86041.927 15.891590898469767 15.893396505994641 15.893969029276656 15.891590898469767 15.893396505994641 15.893969029276656
 1432 524288 94522.953 94523.907 94552.04 15.880787257472184 15.885513830908407 15.88567416001064 15.880787257472184 15.885513830908407 15.88567416001064
 1568 524288 102831.841 102869.034 102888.107 15.980147909612137 15.983110796977058 15.988891689685882 15.980147909612137 15.983110796977058 15.988891689685882
 1720 524288 114567.995 114582.062 114586.115 15.739696908303419 15.74025365331617 15.74218628858784 15.739696908303419 15.74025365331617 15.74218628858784
 1888 524288 123980.045 123986.006 123999.834 15.96543659889093 15.967217203528598 15.967984912410703 15.96543659889093 15.967217203528598 15.967984912410703
 2072 262144 67945.004 67965.031 67975.044 15.981228875703264 15.983583322429437 15.988294533031448 15.981228875703264 15.983583322429437 15.988294533031448
 2272 262144 74087.143 74115.992 74120.998 16.070781130065193 16.071866595268673 16.078124864391114 16.070781130065193 16.071866595268673 16.078124864391114
 2496 262144 81780.91 81785.917 81794.024 15.999003154558087 16.000589050068363 16.00156867904747 15.999003154558087 16.000589050068363 16.00156867904747
 2744 262144 90023.994 90029.001 90034.008 15.978920676284899 15.97980935054472 15.980698123658009 15.978920676284899 15.97980935054472 15.980698123658009
 3016 262144 98716.021 98757.029 98783.016 16.007332758497675 16.01154494025939 16.018196357407884 16.007332758497675 16.01154494025939 16.018196357407884
 3312 262144 107940.197 107969.999 107969.999 16.082632880268896 16.082632880268896 16.087073252237996 16.082632880268896 16.082632880268896 16.087073252237996
 3640 262144 118930.101 118978.024 118993.998 16.0378536067004 16.0400068503407 16.046470186719173 16.0378536067004 16.0400068503407 16.046470186719173
 4000 262144 129587.889 129593.849 129601.002 16.181603287295573 16.182496439317884 16.18324070392103 16.181603287295573 16.182496439317884 16.18324070392103
 4400 131072 71503.878 71519.136 71521.997 16.126976991428247 16.127622123399256 16.131063548749065 16.126976991428247 16.127622123399256 16.131063548749065
 4840 131072 78704.834 78718.901 78722.0 16.117184014633775 16.11781851476814 16.120699269882202 16.117184014633775 16.11781851476814 16.120699269882202
 5320 131072 86443.901 86448.908 86458.206 16.13040733230111 16.132142235966707 16.13307664123117 16.13040733230111 16.132142235966707 16.13307664123117
 5848 131072 94950.199 94986.916 95021.009 16.133464884591994 16.13925555810234 16.145496567100402 16.133464884591994 16.13925555810234 16.145496567100402
 6432 131072 104156.971 104187.012 104225.874 16.177462882201404 16.183497113824515 16.18816476527529 16.177462882201404 16.183497113824515 16.18816476527529
 7072 131072 114367.962 114370.108 114417.076 16.202846924702044 16.20950089511151 16.20980505012409 16.202846924702044 16.20950089511151 16.20980505012409
 7776 131072 125862.837 125897.884 125921.965 16.18805538811279 16.1911517432652 16.195660232893047 16.18805538811279 16.1911517432652 16.195660232893047
 8552 65536 69231.033 69247.961 69252.968 16.18598850521468 16.18715883923283 16.1911168362893 16.18598850521468 16.18715883923283 16.1911168362893
 9400 65536 76059.818 76062.202 76071.024 16.196400879262516 16.198279402954963 16.198787117791944 16.196400879262516 16.198279402954963 16.198787117791944
 10336 65536 83611.012 83611.965 83619.833 16.201421880380938 16.202946456287687 16.203131137797975 16.201421880380938 16.202946456287687 16.203131137797975
 11368 65536 91944.933 91949.94 92000.008 16.195938765570542 16.204757675752695 16.20564013027232 16.195938765570542 16.204757675752695 16.20564013027232
 12504 65536 101082.087 101101.875 101172.209 16.199352610754993 16.21062208786929 16.213795506616318 16.199352610754993 16.21062208786929 16.213795506616318
 13752 65536 111266.851 111289.978 111341.953 16.188885639539663 16.196446224474947 16.199812682754903 16.188885639539663 16.196446224474947 16.199812682754903
 15120 65536 121953.011 121963.978 121973.038 16.24792390593731 16.249130870427987 16.250592123551584 16.24792390593731 16.249130870427987 16.250592123551584
 16632 32768 67273.14 67288.16 67333.937 16.18789574119214 16.198908574703186 16.202525287209724 16.18789574119214 16.198908574703186 16.202525287209724
 18288 32768 73961.02 73961.02 73972.94 16.202172956759593 16.204784195783127 16.204784195783127 16.202172956759593 16.204784195783127 16.204784195783127
 20112 32768 81298.828 81300.974 81321.955 16.207923579800806 16.212106290387123 16.212534232350805 16.207923579800806 16.212106290387123 16.212534232350805
 22120 32768 89396.954 89401.007 89468.002 16.203070232863816 16.215212430437166 16.21594758139075 16.203070232863816 16.215212430437166 16.21594758139075
 24328 32768 98264.933 98277.092 98304.987 16.218503828295102 16.223107293406688 16.225114690710676 16.218503828295102 16.223107293406688 16.225114690710676
 26760 32768 108094.931 108098.03 108106.136 16.222422009422296 16.223638488138963 16.22410360759655 16.222422009422296 16.223638488138963 16.22410360759655
 29432 32768 118896.961 118923.187 118953.943 16.215145991419554 16.21933956411713 16.222917186251717 16.215145991419554 16.21933956411713 16.222917186251717
 32368 32768 130710.125 130717.039 130728.006 16.226586122640008 16.227947513407184 16.228805901608617 16.226586122640008 16.227947513407184 16.228805901608617
 35600 16384 72145.939 72184.086 72185.04 16.16042326775742 16.16063684729623 16.169181747014203 16.16042326775742 16.16063684729623 16.169181747014203
 39160 16384 79509.974 79512.119 79530.001 16.134727321328715 16.13835596558557 16.13879134207741 16.134727321328715 16.13835596558557 16.13879134207741
 43072 16384 87408.066 87414.98 87436.914 16.14173272400716 16.145782976784986 16.147060112278425 16.14173272400716 16.145782976784986 16.147060112278425
 47376 16384 96094.847 96112.013 96177.816 16.141110627839584 16.152161624166585 16.15504698186366 16.141110627839584 16.152161624166585 16.15504698186366
 52112 16384 105684.042 105690.956 105809.927 16.138429204284396 16.156595423358645 16.157652410758473 16.138429204284396 16.156595423358645 16.157652410758473
 57320 16384 116214.991 116229.057 116245.031 16.15778105818562 16.160001711103963 16.16195762558722 16.15778105818562 16.160001711103963 16.16195762558722
 63048 16384 127758.026 127789.974 127809.048 16.16440225734253 16.166814964685727 16.170857743215286 16.16440225734253 16.166814964685727 16.170857743215286
 69352 8192 70261.955 70266.962 70278.883 16.167917296010522 16.170660231475495 16.17181258335325 16.167917296010522 16.170660231475495 16.17181258335325
 76280 8192 77283.859 77318.907 77322.006 16.163206112371167 16.163853945840177 16.171184205488498 16.163206112371167 16.163853945840177 16.171184205488498
 83904 8192 84932.089 84995.031 84999.084 16.172917063435648 16.173688271259056 16.185674368612315 16.172917063435648 16.173688271259056 16.185674368612315
 92288 8192 93430.996 93439.102 93501.091 16.171432609272976 16.182160997223626 16.183564948831325 16.171432609272976 16.182160997223626 16.183564948831325
 101512 8192 102770.09 102782.011 102807.045 16.177613197616953 16.18155348215555 16.18343049033041 16.177613197616953 16.18155348215555 16.18343049033041
 111656 8192 113018.036 113026.142 113034.01 16.184260860956805 16.18538748318951 16.186548348796293 16.184260860956805 16.18538748318951 16.186548348796293
 122816 8192 124291.182 124301.91 124313.116 16.186685755668776 16.188145009195757 16.189542263746436 16.186685755668776 16.188145009195757 16.189542263746436
 135096 4096 68363.905 68366.051 68381.071 16.184397462859273 16.187953169914696 16.188461323267006 16.184397462859273 16.187953169914696 16.188461323267006
 148600 4096 75166.941 75206.041 75211.048 16.18553699717095 16.186614583262003 16.195034463355373 16.18553699717095 16.186614583262003 16.195034463355373
 163456 4096 82657.099 82669.973 82860.947 16.15998368930058 16.197314495312586 16.19983725777746 16.15998368930058 16.197314495312586 16.19983725777746
 179800 4096 90933.084 90972.9 91022.015 16.182036840208383 16.190773296223384 16.197862595312397 16.182036840208383 16.190773296223384 16.197862595312397
 197776 4096 100022.078 100031.137 100153.923 16.176909934920875 16.196766732742425 16.19823367396946 16.176909934920875 16.196766732742425 16.19823367396946
 217552 4096 110044.956 110069.036 110140.085 16.181084152967557 16.19152896006103 16.195071984944043 16.181084152967557 16.19152896006103 16.195071984944043
 239304 4096 121026.993 121026.993 121188.164 16.176318736869387 16.197860654110443 16.197860654110443 16.176318736869387 16.197860654110443 16.197860654110443
 263232 2048 66565.037 66581.011 66587.925 16.192098972899366 16.193780415860616 16.197666531756006 16.192098972899366 16.193780415860616 16.197666531756006
 289552 2048 73202.848 73235.035 73269.129 16.186967256018562 16.19450297251855 16.201623630818297 16.186967256018562 16.19450297251855 16.201623630818297
 318504 2048 80554.008 80555.916 80556.87 16.194675686878103 16.194867475655048 16.19525106683705 16.194675686878103 16.194867475655048 16.19525106683705
 350352 2048 88593.96 88598.967 88646.889 16.18829276682231 16.197048798548632 16.1979641953018 16.18829276682231 16.197048798548632 16.1979641953018
 385384 2048 97491.026 98179.102 98220.11 16.071381553125935 16.078094338243183 16.191570945206795 16.071381553125935 16.078094338243183 16.191570945206795
 423920 2048 107266.903 108029.842 108088.017 16.06446642461763 16.073117278094326 16.187437797099445 16.06446642461763 16.073117278094326 16.187437797099445
 466312 2048 117973.089 118860.006 118925.095 16.06064684665587 16.06944182721983 16.19025125297855 16.06064684665587 16.06944182721983 16.19025125297855
 512936 2048 129852.057 130600.929 130746.841 16.06911371571876 16.08706670072768 16.17984269590739 16.06911371571876 16.08706670072768 16.17984269590739
 564224 1024 71837.902 71895.123 71974.993 16.054614301942344 16.072449754345644 16.085251932886347 16.054614301942344 16.072449754345644 16.085251932886347
 620640 1024 79104.9 79127.073 79129.934 16.063083282743545 16.06366407613738 16.06816670016649 16.063083282743545 16.06366407613738 16.06816670016649
 682704 1024 86812.973 86924.076 86956.024 16.079136644978156 16.085046357007005 16.10563195433936 16.079136644978156 16.085046357007005 16.10563195433936
 750968 1024 95384.121 95438.957 95718.145 16.067825635358894 16.114828916246434 16.124093275441517 16.067825635358894 16.114828916246434 16.124093275441517
 826064 1024 104974.985 105003.119 105198.145 16.081833686325933 16.111703043792442 16.116021088262123 16.081833686325933 16.111703043792442 16.116021088262123
 908664 1024 115390.062 115579.128 115833.044 16.06574262176862 16.10103748143869 16.127418945316105 16.06574262176862 16.10103748143869 16.127418945316105
 999528 1024 127264.977 127307.892 127393.007 16.06864766132728 16.07939077335441 16.084812901824513 16.06864766132728 16.07939077335441 16.084812901824513
 1099480 512 69952.965 70011.139 70019.007 16.079455682654853 16.08126272592137 16.09463616016848 16.079455682654853 16.08126272592137 16.09463616016848
 1209424 512 76849.937 76983.929 77048.063 16.073735377357895 16.087126132520464 16.115174902485606 16.073735377357895 16.087126132520464 16.115174902485606
 1330360 512 84699.154 84702.969 84719.896 16.07991397912009 16.08312738128459 16.083851793844364 16.07991397912009 16.08312738128459 16.083851793844364
 1463392 512 93176.842 93180.895 93224.049 16.074322281367547 16.08176663252698 16.08246615612922 16.074322281367547 16.08176663252698 16.08246615612922
 1609728 512 102488.041 102512.121 102555.037 16.072945027556276 16.07967385632378 16.083451843908303 16.072945027556276 16.07967385632378 16.083451843908303
 1770696 512 112743.139 112771.034 112823.963 16.070989316338764 16.07853222308842 16.08251038672961 16.070989316338764 16.07853222308842 16.08251038672961
 1947760 512 123940.945 124041.796 130772.829 15.251686877554663 16.079307977772267 16.092391743503327 15.251686877554663 16.079307977772267 16.092391743503327
 2142536 256 68172.932 68239.927 73628.187 14.8988923494748 16.07531661046472 16.09111416830363 14.8988923494748 16.07531661046472 16.09111416830363
 2356784 256 75032.949 75057.03 81279.993 14.845884743124913 16.076754009584445 16.081913667021137 14.845884743124913 16.076754009584445 16.081913667021137
 2592456 256 82489.014 82537.889 88996.887 14.914425849524378 16.081553430570537 16.09108180151117 14.914425849524378 16.081553430570537 16.09108180151117
 2851696 256 90778.828 90782.166 98230.839 14.863645336471166 16.08320682720877 16.083798217795895 14.863645336471166 16.08320682720877 16.083798217795895
 3136864 256 99836.111 99857.092 107530.117 14.936042225267922 16.083728614888965 16.0871086815471 14.936042225267922 16.083728614888965 16.0871086815471
 3450544 256 109837.055 109843.969 118784.904 14.8729212930963 16.083527790223968 16.084540212772456 14.8729212930963 16.083527790223968 16.084540212772456
 3795592 256 120763.063 120806.932 130635.977 14.876017683857489 16.086354249936583 16.092197860201676 14.876017683857489 16.086354249936583 16.092197860201676
 4175144 256 132907.867 132928.133 132942.915 16.07963634617159 16.08142444910439 16.083876569924943 16.07963634617159 16.08142444910439 16.083876569924943
 4592656 128 73081.017 73098.898 73101.044 16.083490353434623 16.083962524305086 16.087897846303914 16.083490353434623 16.083962524305086 16.087897846303914
 5051920 128 80371.141 80397.844 80403.09 16.085097226984683 16.086146787717343 16.0914913476219 16.085097226984683 16.086146787717343 16.0914913476219
 5557112 128 88400.841 88429.928 88438.034 16.08607301243264 16.08754755516707 16.092840926705666 16.08607301243264 16.08754755516707 16.092840926705666
 6112816 128 97223.043 97256.184 97279.072 16.086511351588552 16.090297106454436 16.095781902238958 16.086511351588552 16.090297106454436 16.095781902238958
 6724096 128 106942.892 106998.92 107007.027 16.086500337963784 16.08771916576354 16.09614761493452 16.086500337963784 16.08771916576354 16.09614761493452
 7396504 128 117657.9 117706.06 117714.882 16.085519450293464 16.086725050519913 16.093309705510638 16.085519450293464 16.086725050519913 16.093309705510638
 8136152 128 129462.957 129547.119 133041.859 15.655635960408524 16.07797169152021 16.088423748887493 15.655635960408524 16.07797169152021 16.088423748887493
 8949760 64 71187.973 71223.021 77288.866 14.82191859303512 16.084255679073202 16.09217444637734 14.82191859303512 16.084255679073202 16.09217444637734
 9844736 64 78299.046 78343.868 85025.072 14.820642645265858 16.084554415924423 16.09376195975619 14.820642645265858 16.084554415924423 16.09376195975619
 10829208 64 86153.03 86183.071 93277.931 14.860306281879259 16.083653180564895 16.0892614455928 14.860306281879259 16.083653180564895 16.0892614455928
 11912128 64 94718.933 94779.968 102825.88 14.828488547824728 16.087285279522355 16.097651606780662 14.828488547824728 16.087285279522355 16.097651606780662
 13103336 64 104215.145 104264.021 111545.086 15.036314625280758 16.08634495306871 16.093889309466487 15.036314625280758 16.08634495306871 16.093889309466487
 14413664 64 114647.15 114763.021 123646.021 14.921216041396107 16.076162651730822 16.09241042625133 14.921216041396107 16.076162651730822 16.09241042625133
 15855024 64 126120.806 126121.044 133172.035 15.239258542531095 16.091232736703322 16.09126310214034 15.239258542531095 16.091232736703322 16.09126310214034
 17440520 32 69386.005 69386.959 72387.934 15.41960404616604 16.086499481840676 16.08672065786177 15.41960404616604 16.086499481840676 16.08672065786177
 19184568 32 76281.071 76287.985 76317.072 16.088305274604874 16.09443940615288 16.09589818160786 16.088305274604874 16.09443940615288 16.09589818160786
 21103024 32 83944.082 83966.97 83985.09 16.081348915623 16.084819256905423 16.089204906666325 16.081348915623 16.084819256905423 16.089204906666325
 23213320 32 92319.012 92340.946 92351.913 16.08686200144008 16.088772579826074 16.092595098396416 16.08686200144008 16.088772579826074 16.092595098396416
 25534648 32 101596.117 101606.846 109071.97 14.982927987823086 16.08373388541162 16.085432398956744 14.982927987823086 16.08373388541162 16.085432398956744
 28088112 32 111713.886 111793.995 120949.984 14.86266561225837 16.07992601033714 16.091456777360694 14.86266561225837 16.07992601033714 16.091456777360694
 30896920 32 122965.097 123108.149 132569.075 14.916019290320914 16.062323217937426 16.081009394072208 14.916019290320914 16.062323217937426 16.081009394072208
 33986608 16 68109.989 68115.95 73323.965 14.83241469552281 15.966472698391495 15.96787008730834 14.83241469552281 15.966472698391495 15.96787008730834
 37385264 16 75655.937 75931.072 81809.998 14.623254825162078 15.755453156252027 15.812750399218503 14.623254825162078 15.755453156252027 15.812750399218503
 41123784 16 83597.898 83620.071 89994.907 14.622617344334827 15.737383050057444 15.741557138195027 14.622617344334827 15.737383050057444 15.741557138195027
 45236160 16 92069.149 92087.03 99098.921 14.60719355360085 15.719446267297359 15.722499183738517 14.60719355360085 15.719446267297359 15.722499183738517
 49759776 16 101402.998 101471.901 105998.993 15.021961878449165 15.692155328793929 15.702818096167135 15.021961878449165 15.692155328793929 15.702818096167135
 54735752 16 111613.989 111696.005 111701.965 15.68051254962256 15.681349247898346 15.692872190062126 15.68051254962256 15.681349247898346 15.692872190062126
 60209320 16 122528.791 122895.002 122964.144 15.66878097406997 15.677596392406585 15.724453202186577 15.66878097406997 15.677596392406585 15.724453202186577
 66230248 16 134881.973 135124.922 135384.083 15.654483814024134 15.68450811760691 15.712759005979253 15.654483814024134 15.68450811760691 15.712759005979253
 72853272 8 74109.077 74199.915 74222.088 15.704925358607532 15.709618427460464 15.728874237632184 15.704925358607532 15.709618427460464 15.728874237632184
 80138592 8 81681.013 81794.977 81833.124 15.668685360221614 15.675992817994189 15.697864471881608 15.668685360221614 15.675992817994189 15.697864471881608
 88152448 8 89891.911 90064.049 90090.99 15.655718379829102 15.660401499381846 15.690390295518359 15.655718379829102 15.660401499381846 15.690390295518359
 96967688 8 98861.933 99110.126 99138.021 15.6497274441256 15.654132131766232 15.69343184904143 15.6497274441256 15.654132131766232 15.69343184904143
 106664456 8 108749.151 108978.033 109066.01 15.647691668559254 15.660323911333581 15.693283858372375 15.647691668559254 15.660323911333581 15.693283858372375
 117330896 8 119674.206 119890.928 119953.156 15.650228794313673 15.658351864621485 15.686708094808667 15.650228794313673 15.658351864621485 15.686708094808667
 129063984 8 131640.196 131867.886 131978.989 15.646609809990286 15.659792589683283 15.686878375659667 15.646609809990286 15.659792589683283 15.686878375659667
 141970376 4 72381.02 72411.06 72732.925 15.615527740703403 15.684938295337757 15.691447951410467 15.615527740703403 15.684938295337757 15.691447951410467
 156167408 4 79869.032 79895.973 79941.988 15.628073497496713 15.637074274068858 15.642348889366781 15.628073497496713 15.637074274068858 15.642348889366781
 171784144 4 87644.815 87645.054 87863.922 15.640926568244925 15.679985227688947 15.680027985682894 15.640926568244925 15.679985227688947 15.680027985682894
 188962552 4 96438.885 96623.898 96653.938 15.640339620719852 15.645202142434783 15.675216651457555 15.640339620719852 15.645202142434783 15.675216651457555
 207858800 4 106074.81 106277.943 106287.956 15.644956047513041 15.646430040521203 15.676392915528202 15.644956047513041 15.646430040521203 15.676392915528202
 228644680 4 116711.14 116883.039 116976.023 15.63702879520874 15.649468525540303 15.672517979003546 15.63702879520874 15.649468525540303 15.672517979003546
 251509144 4 128343.105 128597.021 128645.182 15.640485875328002 15.646343409463583 15.677298379215621 15.640485875328002 15.646343409463583 15.677298379215621
 276660056 2 70643.902 70816.04 70895.91 15.609366238475532 15.626971290684992 15.66504953251308 15.609366238475532 15.626971290684992 15.66504953251308
 304326056 2 77674.866 77685.118 77692.986 15.668135396417895 15.669722275507132 15.671790460507523 15.668135396417895 15.669722275507132 15.671790460507523
 334758656 2 85434.914 85448.027 85643.053 15.635064107301266 15.670749472073826 15.673154701133075 15.635064107301266 15.670749472073826 15.673154701133075
 368234520 2 93985.081 94208.002 94220.161 15.632939536157236 15.634957208836676 15.672041395591284 15.632939536157236 15.634957208836676 15.672041395591284
 405057968 2 103390.932 103411.198 103603.84 15.638724124511214 15.66785709222709 15.67092820093739 15.638724124511214 15.66785709222709 15.67092820093739
 445563760 2 113708.973 113950.014 114178.896 15.609321007973312 15.640674164375266 15.673829364372148 15.609321007973312 15.640674164375266 15.673829364372148
 490120136 2 125123.024 125343.084 125354.052 15.639546649836257 15.640915170078312 15.668423614825677 15.639546649836257 15.640915170078312 15.668423614825677
 539132144 1 68830.967 69082.022 69087.982 15.60711800787581 15.60846450035872 15.66539502488756 15.60711800787581 15.60846450035872 15.66539502488756
 593045352 1 75742.96 75953.007 75958.014 15.615083143169068 15.616112525999133 15.659418433079454 15.615083143169068 15.616112525999133 15.659418433079454
 652349880 1 83301.067 83523.989 83534.956 15.618608334455818 15.620659113874458 15.662461562467143 15.618608334455818 15.620659113874458 15.662461562467143
 717584864 1 91645.002 91829.062 91850.042 15.625139594383635 15.628709438412862 15.660098168801394 15.625139594383635 15.628709438412862 15.660098168801394
 789343344 1 100793.123 100995.064 101042.986 15.623911668643679 15.63132519030831 15.66264285709254 15.623911668643679 15.63132519030831 15.66264285709254
 868277672 1 110846.996 111300.945 111321.926 15.599400822439955 15.60234141767619 15.66623730606105 15.599400822439955 15.60234141767619 15.66623730606105
 955105432 1 121948.957 122148.991 122194.052 15.632601036914629 15.638367933796522 15.664019693091758 15.632601036914629 15.638367933796522 15.664019693091758
 1050615968 1 134114.981 134618.044 134629.965 15.607461058167846 15.608843165185197 15.667391668944129 15.607461058167846 15.608843165185197 15.667391668944129
 
META_DATA
 FLOPS          16
 MPI_PROCS      1
 OPENMP_THREADS 1
 ERT_VERSION  1.1.0
 HOSTNAME  ('c3cpu-c11-u13-2.rc.int.colorado.edu', [], ['10.225.64.253'])
 UNAME  uname_result(system='Linux', node='c3cpu-c11-u13-2.rc.int.colorado.edu', release='4.18.0-305.34.2.el8_4.x86_64', version='#1 SMP Mon Jan 17 09:42:23 EST 2022', machine='x86_64', processor='x86_64')
 TIMESTAMP_DATA  1728533964.5719538
 CONFIG  {'nux': ['workstation,', 'MPI', 'and', 'OpenMP', '(8-core', 'Intel', 'Xeon', 'CPU', 'E5530,', '2.40', 'GHz)'], 'ERT_RESULTS': ['Results.alpine'], 'ERT_DRIVER': ['driver1'], 'ERT_KERNEL': ['kernel1'], 'ERT_MPI': ['True'], 'ERT_MPI_CFLAGS': ['-I/usr/include/mpi'], 'ERT_MPI_LDFLAGS': ['-lmpi'], 'ERT_OPENMP': ['True'], 'ERT_OPENMP_CFLAGS': ['-qopenmp'], 'ERT_OPENMP_LDFLAGS': ['-qopenmp'], 'ERT_FLOPS': ['1,2,4,8,16'], 'ERT_ALIGN': ['32'], 'ERT_CC': ['icpc'], 'ERT_CFLAGS': ['-O3', '-fno-alias', '-fno-fnalias', '-DERT_INTEL'], 'ERT_LD': ['icpc'], 'ERT_LDFLAGS': [], 'ERT_LDLIBS': [], 'ERT_PRECISION': ['FP64'], 'ERT_RUN': ['export', 'OMP_NUM_THREADS=ERT_OPENMP_THREADS;', 'mpirun', '-np', 'ERT_MPI_PROCS', 'ERT_CODE'], 'ERT_PROCS_THREADS': ['1-8'], 'ERT_MPI_PROCS': ['1,2,4,8'], 'ERT_OPENMP_THREADS': ['1,2,4,8'], 'ERT_NUM_EXPERIMENTS': ['3'], 'ERT_MEMORY_MAX': ['1073741824'], 'ERT_WORKING_SET_MIN': ['1'], 'ERT_TRIALS_MIN': ['1'], 'ERT_GNUPLOT': ['gnuplot'], 'ERT_GPU': [False], 'ERT_HIP': [False], 'ERT_OCL': [False], 'ERT_SYCL': [False], 'ERT_WSS_MULT': [1.1]}
 HOSTNAME  ('c3cpu-a7-u1-3.rc.int.colorado.edu', [], ['10.225.64.156'])
 UNAME  uname_result(system='Linux', node='c3cpu-a7-u1-3.rc.int.colorado.edu', release='4.18.0-305.34.2.el8_4.x86_64', version='#1 SMP Mon Jan 17 09:42:23 EST 2022', machine='x86_64', processor='x86_64')
 TIMESTAMP_DATA  1728533982.2024755
 TIMESTAMP_DATA  1728534013.1159601
 TIMESTAMP_DATA  1728534043.4922013
 TIMESTAMP_DATA  1728534060.9409513
 TIMESTAMP_DATA  1728534104.764689
 