fp64
 64 16777216 293741.941 293752.909 293865.919 7.307698882904487 7.310510235662041 7.310783202048768 7.307698882904487 7.310510235662041 7.310783202048768
 128 8388608 149586.916 149589.062 149640.799 14.350923426972615 14.355886849534494 14.356092801592355 14.350923426972615 14.355886849534494 14.356092801592355
 192 4194304 74816.942 74833.155 74858.189 21.515518308892034 21.522715913821887 21.527379934881594 21.515518308892034 21.522715913821887 21.527379934881594
 256 4194304 75085.878 75117.111 75132.132 28.582759344563787 28.588474974763074 28.600366742731573 28.582759344563787 28.588474974763074 28.600366742731573
 320 2097152 37545.919 37552.118 37567.139 35.72742869772436 35.741719814578765 35.74762093318317 35.72742869772436 35.741719814578765 35.74762093318317
 384 2097152 37876.844 37884.951 37890.911 42.50657198503356 42.513259051067536 42.52235840979782 42.50657198503356 42.513259051067536 42.52235840979782
 448 2097152 37919.998 37922.859 37924.051 49.547665464325 49.549222857907424 49.55296126334184 49.547665464325 49.549222857907424 49.55296126334184
 512 2097152 38151.979 38160.086 38181.067 56.24472590040503 56.275650112528574 56.2876082522482 56.24472590040503 56.275650112528574 56.2876082522482
 576 1048576 19133.091 19145.012 19146.919 63.0889780230438 63.0952622019772 63.13457412605208 63.0889780230438 63.0952622019772 63.13457412605208
 640 1048576 19245.148 19246.817 19250.87 69.72034406756681 69.73502579673304 69.74107343835443 69.72034406756681 69.73502579673304 69.74107343835443
 704 1048576 19378.185 19385.099 19392.967 76.130434708624 76.16133443527939 76.18850826328676 76.130434708624 76.16133443527939 76.18850826328676
 768 1048576 19446.135 19447.088 19454.002 82.79081784817335 82.82025236888936 82.82431115489017 82.79081784817335 82.82025236888936 82.82431115489017
 832 1048576 19741.058 19758.94 20123.005 86.70824581119967 88.30587389809374 88.38586381743065 86.70824581119967 88.30587389809374 88.38586381743065
 896 1048576 19852.877 19852.877 20346.88 92.35067941620532 94.64865933536987 94.64865933536987 92.35067941620532 94.64865933536987 94.64865933536987
 960 1048576 21364.927 21366.119 22583.008 89.14959070111473 94.22702925131138 94.23228640097857 89.14959070111473 94.22702925131138 94.23228640097857
 1024 1048576 19824.982 19832.85 19864.082 108.10887953442804 108.27912518876512 108.32209824957218 108.10887953442804 108.27912518876512 108.32209824957218
 1088 524288 10365.009 10374.069 11904.955 95.82990343096635 109.9713803715784 110.06750577833556 95.82990343096635 109.9713803715784 110.06750577833556
 1152 524288 10881.186 10885.0 12427.807 97.19812610543435 110.97469471750114 111.01359281975328 97.19812610543435 110.97469471750114 111.01359281975328
 1216 524288 12438.059 12438.059 12679.815 100.55891320180933 102.51345615903575 102.51345615903575 100.55891320180933 102.51345615903575 102.51345615903575
 1280 524288 12417.078 12420.893 12789.011 104.947699239605 108.05803415261688 108.0912337024862 104.947699239605 108.05803415261688 108.0912337024862
 1408 524288 13225.079 13230.085 13442.993 109.8263614360284 111.59376587527593 111.63600671118864 109.8263614360284 111.59376587527593 111.63600671118864
 1536 524288 13994.932 13995.886 14408.827 111.77958733212635 115.07758322695683 115.08542778199994 111.77958733212635 115.07758322695683 115.08542778199994
 1664 524288 14747.858 14753.103 15371.799 113.50854015200173 118.26871025031143 118.31077191006314 113.50854015200173 118.26871025031143 118.31077191006314
 1792 524288 16279.936 16284.943 17248.869 108.9374724800797 115.38561676267457 115.42110435814982 108.9374724800797 115.38561676267457 115.42110435814982
 1920 524288 17976.999 17978.907 19185.066 104.93922303942034 111.97932777559836 111.99121277138636 104.93922303942034 111.97932777559836 111.99121277138636
 2112 262144 8985.996 9001.017 9745.121 113.62570623802414 123.01901618450448 123.22465489635205 113.62570623802414 123.01901618450448 123.22465489635205
 2304 262144 10137.081 10138.035 10953.903 110.27663399977158 119.15125090809018 119.16246422416866 110.27663399977158 119.15125090809018 119.16246422416866
 2496 262144 11851.788 11852.98 12240.887 106.90588418960161 110.40454366749965 110.41564766430179 106.90588418960161 110.40454366749965 110.41564766430179
 2688 262144 12321.949 12323.856 12833.834 109.81022070255855 114.35431767459795 114.37201566083417 109.81022070255855 114.35431767459795 114.37201566083417
 2944 262144 13154.03 13165.951 14082.909 109.60121037493036 117.23451439246585 117.34075959990969 109.60121037493036 117.23451439246585 117.34075959990969
 3200 262144 13331.89 13334.036 14255.047 117.69316509443988 125.82248915482153 125.84274247687313 117.69316509443988 125.82248915482153 125.84274247687313
 3520 262144 15748.978 15751.123 16014.099 115.24181035723583 117.16585287283962 117.1818107816266 115.24181035723583 117.16585287283962 117.1818107816266
 3840 262144 16448.021 16453.028 17179.012 117.19334732404866 122.36446203094044 122.40171142777601 117.19334732404866 122.36446203094044 122.40171142777601
 4224 131072 8744.955 8749.008 9356.022 118.35118130333596 126.5624921133916 126.62114968001549 118.35118130333596 126.5624921133916 126.62114968001549
 4608 131072 9868.86 9874.105 10290.861 117.38177709328694 122.33610560146971 122.4011235340252 117.38177709328694 122.33610560146971 122.4011235340252
 5056 131072 10977.983 11411.905 11554.003 114.7134948813844 116.14187675063893 120.73256662904288 114.7134948813844 116.14187675063893 120.73256662904288
 5504 131072 11540.89 12290.001 12639.999 114.14878877759406 117.39954911313677 125.01987073787204 114.14878877759406 117.39954911313677 125.01987073787204
 6016 131072 12698.889 13314.009 13715.982 114.97961312576817 118.45104686349543 124.1886832777261 114.97961312576817 118.45104686349543 124.1886832777261
 6592 131072 14096.975 14544.964 15101.194 114.43156402069928 118.80766758858941 122.58326683561543 114.43156402069928 118.80766758858941 122.58326683561543
 7232 131072 14787.912 15635.014 15696.049 120.78360662610062 121.25511419433332 128.20102040098698 120.78360662610062 121.25511419433332 128.20102040098698
 7936 131072 16541.004 17117.023 17871.857 116.40507105668985 121.53835301851261 125.77076844912195 116.40507105668985 121.53835301851261 125.77076844912195
 8704 65536 9057.999 9392.977 9459.972 120.59768126163587 121.4578389790585 125.94952682154192 120.59768126163587 121.4578389790585 125.94952682154192
 9536 65536 9924.889 10289.907 10632.992 117.54947168210037 121.46879383846716 125.93617842980412 117.54947168210037 121.46879383846716 125.93617842980412
 10432 65536 10762.93 11113.882 11454.821 119.36835189305881 123.03019808920051 127.04190253025894 119.36835189305881 123.03019808920051 127.04190253025894
 11456 65536 11825.085 12200.117 12773.037 117.55707213562444 123.07757638717727 126.98097578156944 117.55707213562444 123.07757638717727 126.98097578156944
 12544 65536 12866.974 13313.055 13454.199 122.20476061042356 123.50036621947405 127.78196085575367 122.20476061042356 123.50036621947405 127.78196085575367
 13760 65536 14328.003 14771.938 15316.963 117.74858501649446 122.09303342594588 125.87593120967381 117.74858501649446 122.09303342594588 125.87593120967381
 15104 65536 15512.943 15990.019 16685.009 118.65210788918365 123.80920172765272 127.61675769710493 118.65210788918365 123.80920172765272 127.61675769710493
 16576 32768 8514.881 8758.068 9109.974 119.24564614564211 124.03702917127384 127.57955583877214 119.24564614564211 124.03702917127384 127.57955583877214
 18176 32768 9297.848 9600.163 10027.885 118.78699606148255 124.07938656874889 128.11376740080073 118.78699606148255 124.07938656874889 128.11376740080073
 19968 32768 10238.886 10550.022 10926.962 119.76090408294638 124.0398217179073 127.80910423262841 119.76090408294638 124.0398217179073 127.80910423262841
 21952 32768 11267.9 11577.129 12053.013 119.35988719169222 124.26623837395263 127.67652109088651 119.35988719169222 124.26623837395263 127.67652109088651
 24128 32768 12356.043 12713.909 13343.096 118.50717464672368 124.37186769230456 127.97402922602326 118.50717464672368 124.37186769230456 127.97402922602326
 26496 32768 13512.135 13936.996 14621.019 118.76339508210746 124.59226191928305 128.50980662937425 118.76339508210746 124.59226191928305 128.50980662937425
 29120 32768 14879.942 15267.134 15635.967 122.05246531922201 125.00108533795537 128.25374722562765 122.05246531922201 125.00108533795537 128.25374722562765
 32000 32768 16231.06 16743.898 17645.121 118.8516644346049 125.24873240388827 129.20610237409016 118.8516644346049 125.24873240388827 129.20610237409016
 35200 16384 8941.889 9213.924 9735.823 118.47314808414244 125.18375450025418 128.9921626179882 118.47314808414244 125.18375450025418 128.9921626179882
 38720 16384 9839.058 10119.915 10666.847 118.94582907207726 125.37427043606591 128.95309286722366 118.94582907207726 125.37427043606591 128.95309286722366
 42560 16384 10811.09 11131.048 11814.833 118.03857743905478 125.28973731853459 128.99773103359604 118.03857743905478 125.28973731853459 128.99773103359604
 46784 16384 11887.074 12233.019 13062.0 117.36473066911651 125.31805206874934 128.96513574324513 117.36473066911651 125.31805206874934 128.96513574324513
 51456 16384 13031.006 13387.918 14111.996 119.48063250584822 125.94267517921756 129.39217494029242 119.48063250584822 125.94267517921756 129.39217494029242
 56576 16384 14325.142 14719.009 15545.845 119.25259566141308 125.95157513661417 129.41458925852186 119.25259566141308 125.95157513661417 129.41458925852186
 62208 16384 15754.938 16201.019 17072.916 119.39564067438742 125.82120569082721 129.38367285228287 119.39564067438742 125.82120569082721 129.38367285228287
 68416 8192 8664.846 8893.967 9420.872 118.98343847575896 126.03237048214817 129.36499321511312 118.98343847575896 126.03237048214817 129.36499321511312
 75200 8192 9522.915 9818.077 10273.933 119.92260412833137 125.49064343251739 129.38021603679124 119.92260412833137 125.49064343251739 129.38021603679124
 82688 8192 10462.999 10760.069 11201.143 120.9483882135957 125.90627364936044 129.4810591112548 120.9483882135957 125.90627364936044 129.4810591112548
 90944 8192 11516.809 11821.032 12355.089 120.60022360016994 126.04876596222734 129.3784151495436 120.60022360016994 126.04876596222734 129.3784151495436
 100032 8192 12646.914 12997.15 13818.979 118.59952084737954 126.09874380152571 129.59084627285358 118.59952084737954 126.09874380152571 129.59084627285358
 110016 8192 13928.89 14100.075 14289.856 126.13857998289136 127.83635150876857 129.4074505577975 126.13857998289136 127.83635150876857 129.4074505577975
 120960 8192 15255.928 15697.956 16634.941 119.13529720363901 126.24628582217966 129.90416839932647 119.13529720363901 126.24628582217966 129.90416839932647
 133056 4096 8423.09 8660.078 9172.201 118.83677123953127 125.86431115285566 129.4055687402129 118.83677123953127 125.86431115285566 129.4055687402129
 146304 4096 9251.833 9519.815 10097.98 118.68931885386978 125.89765326321991 129.54431494818377 118.68931885386978 125.89765326321991 129.54431494818377
 160896 4096 10172.844 10472.059 10862.827 121.33674153146323 125.86445817388922 129.56652357983668 121.33674153146323 125.86445817388922 129.56652357983668
 176960 4096 11188.984 11511.803 11940.002 121.41173175682886 125.92782555434628 129.56103252985258 121.41173175682886 125.92782555434628 129.56103252985258
 194624 4096 12295.961 12642.86 13012.171 122.52834734495882 126.10752693615211 129.6653273379771 122.52834734495882 126.10752693615211 129.6653273379771
 214080 4096 13517.857 13912.201 14575.005 120.32540366195417 126.05793720202865 129.7353093763309 120.32540366195417 126.05793720202865 129.7353093763309
 235456 4096 14878.035 15309.095 16212.94 118.97012830492186 125.99409383768275 129.64450964122614 118.97012830492186 125.99409383768275 129.64450964122614
 258944 4096 16346.931 16819.0 17717.838 119.72506171464035 126.12338712170758 129.76559624555824 119.72506171464035 126.12338712170758 129.76559624555824
 284800 2048 9027.958 9338.856 9727.955 119.91634418539148 124.91260171481389 129.2142475629594 119.91634418539148 124.91260171481389 129.2142475629594
 313280 2048 9948.969 10313.988 10939.837 117.29561235693001 124.41306699212758 128.97767396802624 117.29561235693001 124.41306699212758 128.97767396802624
 344576 2048 10936.022 11343.002 11883.02 118.7731145786172 124.42766879526249 129.05819831013505 118.7731145786172 124.42766879526249 129.05819831013505
 379008 2048 12022.018 12473.822 12972.832 119.66675957878742 124.45397793875846 129.13112989849125 119.66675957878742 124.45397793875846 129.13112989849125
 416896 2048 13223.171 13718.843 14194.965 120.29659925191784 124.4715765024791 129.1374070561441 120.29659925191784 124.4715765024791 129.1374070561441
 458560 2048 14532.089 15082.836 15588.045 120.49373478200762 124.52974758858349 129.24926072225404 120.49373478200762 124.52974758858349 129.24926072225404
 504384 2048 15985.966 16583.92 17224.073 119.94589572396725 124.57590629959624 129.23565982812673 119.94589572396725 124.57590629959624 129.23565982812673
 554816 1024 8792.877 8801.937 9129.047 124.46678914020268 129.09239954796314 129.2254137070267 124.46678914020268 129.09239954796314 129.2254137070267
 610240 1024 9668.112 9669.065 10029.078 124.61479709301292 129.25464044351753 129.26738126327044 124.61479709301292 129.25464044351753 129.26738126327044
 671232 1024 10630.846 10632.038 11026.144 124.67487600379607 129.29629634506574 129.31079389166206 124.67487600379607 129.29629634506574 129.31079389166206
 738304 1024 11686.802 11692.047 12120.962 124.74641798233507 129.322657700572 129.38069730282072 124.74641798233507 129.322657700572 129.38069730282072
 812096 1024 12856.96 12867.928 13327.837 124.78938690501691 129.2494493285943 129.3597092936433 124.78938690501691 129.2494493285943 129.3597092936433
 893248 1024 14133.93 14141.083 14656.067 124.8201106067542 129.3657567811461 129.43122712508128 124.8201106067542 129.3657567811461 129.43122712508128
 982528 1024 15547.037 15549.183 16107.082 124.92749114954528 129.4098438483874 129.4277066427513 124.92749114954528 129.4098438483874 129.4277066427513
 1080768 512 8555.889 8573.055 8862.972 124.86854657782965 129.0912553343003 129.35025594651825 124.86854657782965 129.0912553343003 129.35025594651825
 1188800 512 9407.997 9408.951 9743.929 124.93227321340294 129.38011899519938 129.3932385395106 124.93227321340294 129.38011899519938 129.3932385395106
 1307648 512 10343.075 10346.174 10715.008 124.96785368709011 129.42287187514918 129.46164965447898 124.96785368709011 129.42287187514918 129.46164965447898
 1438400 512 11386.871 11387.825 11785.984 124.97230608831642 129.3417838788355 129.35262022376472 124.97230608831642 129.3417838788355 129.35262022376472
 1582208 512 12515.068 12530.088 12982.13 124.80086025944897 129.30324128609473 129.45842499617262 124.80086025944897 129.30324128609473 129.45842499617262
 1740416 512 13762.951 13771.057 14273.882 124.85643246875658 129.4153371088363 129.49155918668896 124.85643246875658 129.4153371088363 129.49155918668896
 1914432 512 15136.003 15146.971 15697.956 124.88112261239617 129.42378829404242 129.51757263790182 124.88112261239617 129.42378829404242 129.51757263790182
 2105856 256 8335.114 8337.021 8641.958 124.763192785709 129.32656304931942 129.35615181747966 124.763192785709 129.32656304931942 129.35615181747966
 2316416 256 9157.896 9164.095 9493.113 124.93320073194116 129.41867058340188 129.50627436695066 124.93320073194116 129.41867058340188 129.50627436695066
 2548032 256 10078.907 10081.053 10454.178 124.79148374936796 129.41032886147906 129.43788289742133 124.79148374936796 129.41032886147906 129.43788289742133
 2802816 256 11077.881 11085.987 11489.868 124.89628183718038 129.44646173588336 129.54118138658467 124.89628183718038 129.44646173588336 129.54118138658467
 3083072 256 12196.064 12248.993 12644.053 124.84389807603621 128.87041930712184 129.4296966627922 124.84389807603621 128.87041930712184 129.4296966627922
 3391360 256 13465.881 13492.107 13893.127 124.98095785059763 128.69571224123854 128.9463585783953 124.98095785059763 128.69571224123854 128.9463585783953
 3730496 256 14810.085 14837.98 15282.154 124.98329437067574 128.72466144313444 128.96711612391152 124.98329437067574 128.72466144313444 128.96711612391152
 4103488 256 16294.956 16355.991 16879.082 124.47275604206436 128.4535957497164 128.93473636872662 124.47275604206436 128.4535957497164 128.93473636872662
 4513792 128 8962.87 8992.91 9292.126 124.35590649545648 128.4935301253988 128.9241896847773 124.35590649545648 128.4935301253988 128.9241896847773
 4965120 128 9859.085 9888.172 10215.998 124.41963281511997 128.54456010676188 128.92380175239387 124.41963281511997 128.54456010676188 128.92380175239387
 5461632 128 10842.085 10846.138 11240.005 124.3929866579241 128.9101975283737 128.9583868785386 124.3929866579241 128.9101975283737 128.9583868785386
 6007744 128 11934.042 11937.141 12374.878 124.28263648336572 128.84010199762238 128.87355884954988 124.28263648336572 128.84010199762238 128.87355884954988
 6608512 128 13123.989 13140.917 13613.939 124.26815427922809 128.74132543413828 128.90738265629454 124.26815427922809 128.74132543413828 128.90738265629454
 7269312 128 14416.933 14427.9 14965.057 124.35260834622949 128.98231010750004 129.08042730031414 124.35260834622949 128.98231010750004 129.08042730031414
 7996224 128 15876.055 15879.869 16476.154 124.24218321824377 128.90744526922734 128.9384134786633 124.24218321824377 128.90744526922734 128.9384134786633
 8795840 64 8728.981 8735.18 9057.045 124.30848251278424 128.8888746425374 128.9804067622555 124.30848251278424 128.8888746425374 128.9804067622555
 9675392 64 9601.116 9603.977 9963.036 124.30449674175622 128.9518056946617 128.99023155224873 124.30449674175622 128.9518056946617 128.99023155224873
 10642880 64 10555.029 10565.042 10957.003 124.33040677272791 128.94304064290517 129.065362113169 124.33040677272791 128.94304064290517 129.065362113169
 11707136 64 11615.038 11621.952 12053.967 124.3170325586589 128.93818594329076 129.01493804841618 124.3170325586589 128.93818594329076 129.01493804841618
 12877824 64 12770.891 12776.136 13256.073 124.34764594310849 129.0187793868193 129.07176734967044 124.34764594310849 129.0187793868193 129.07176734967044
 14165568 64 14052.868 14055.967 14579.058 124.36967491315282 128.99807633299082 129.02652355376853 124.36967491315282 128.99807633299082 129.02652355376853
 15582080 64 15459.776 15460.014 16041.04 124.33771376419485 129.01063608351197 129.01262217512078 124.33771376419485 129.01063608351197 129.01262217512078
 17140288 32 8502.007 8502.007 8817.911 124.40343659626413 129.02582084441946 129.02582084441946 124.40343659626413 129.02582084441946 129.02582084441946
 18854272 32 9356.022 9359.121 9701.014 124.38631755402064 128.93020701409887 128.97291263316822 124.38631755402064 128.93020701409887 128.97291263316822
 20739648 32 10287.046 10293.961 10677.099 124.31630277100548 128.9433165717259 129.02999286675688 124.31630277100548 128.9433165717259 129.02999286675688
 22813568 32 11317.968 11326.075 11747.122 124.29157984398222 128.9121211010875 129.00446016458076 124.29157984398222 128.9121211010875 129.00446016458076
 25094912 32 12446.88 12447.119 12910.843 124.39732773452516 129.03181595676878 129.03429357397198 124.39732773452516 129.03181595676878 129.03429357397198
 27604352 32 13687.134 13699.77 14186.859 124.52922299432171 128.95680204850154 129.07585532515427 124.52922299432171 128.95680204850154 129.07585532515427
 30364736 32 15164.137 15182.972 15610.933 124.48603193672024 127.9949079798079 128.1538872934213 124.48603193672024 127.9949079798079 128.1538872934213
 33401152 32 16563.177 16571.045 17163.992 124.5440878788571 129.00053846936027 129.06181754865025 124.5440878788571 129.00053846936027 129.06181754865025
 36741248 16 9119.987 9124.994 9454.012 124.3620101180324 128.84610510428826 128.91684341216714 124.3620101180324 128.84610510428826 128.91684341216714
 40415360 16 10141.85 10143.995 10502.1 123.14599175403013 127.49331205309149 127.52027687256268 123.14599175403013 127.49331205309149 127.52027687256268
 44456896 16 11032.104 11040.926 11435.986 124.39860209692458 128.8497606088475 128.95279739929939 124.39860209692458 128.8497606088475 128.95279739929939
 48902528 16 12133.121 12135.029 12592.077 124.27504183781595 128.95567830946263 128.97595729903298 124.27504183781595 128.95567830946263 128.97595729903298
 53792768 16 13464.928 13465.881 13956.07 123.34192763435551 127.83185712097115 127.84090460788205 123.34192763435551 127.83185712097115 127.84090460788205
 59172032 16 14688.969 14693.975 15238.047 124.26166056581921 128.86268174540925 128.90659814177565 124.26166056581921 128.86268174540925 128.90659814177565
 65089216 16 16154.051 16168.118 16746.998 124.37183738840838 128.82482129336267 128.9370023655367 124.37183738840838 128.82482129336267 128.9370023655367
 71598080 8 8924.007 8926.868 9244.919 123.91339285936415 128.32824233538568 128.36938384293066 123.91339285936415 128.32824233538568 128.36938384293066
 78757888 8 9813.786 9866.953 10164.022 123.97909095434858 127.71178782345473 128.40367703147388 123.97909095434858 127.71178782345473 128.40367703147388
 86633664 8 10796.07 10819.912 11196.136 123.80508989887224 128.10997205892247 128.39288963483935 123.80508989887224 128.10997205892247 128.39288963483935
 95297024 8 11876.106 11907.816 12321.949 123.74279296237955 128.04635073299755 128.3882430823706 123.74279296237955 128.04635073299755 128.3882430823706
 104826688 8 13065.1 13071.06 13541.937 123.85429115495073 128.3160667918287 128.37460164866707 123.85429115495073 128.3160667918287 128.37460164866707
 115309312 8 14383.793 14385.939 14909.029 123.7470925839637 128.2466853223832 128.26581917579043 123.7470925839637 128.2466853223832 128.26581917579043
 126840192 8 15820.98 15848.875 16444.921 123.40850235765804 128.04966106427113 128.27543375947636 123.40850235765804 128.04966106427113 128.27543375947636
 139524160 4 8857.965 8865.118 9080.887 122.91676793247179 125.90845152878958 126.01012535046142 122.91676793247179 125.90845152878958 126.01012535046142
 153476544 4 9649.992 9660.006 9985.924 122.95430568067611 127.10264900456585 127.23454610117811 122.95430568067611 127.10264900456585 127.23454610117811
 168824192 4 10617.018 10634.899 10996.819 122.8167469156308 126.99636696126593 127.21025206889543 122.8167469156308 126.99636696126593 127.21025206889543
 185706560 4 11718.988 11722.803 12121.916 122.55921258652509 126.7318473235454 126.7731036161143 122.55921258652509 126.7318473235454 126.7731036161143
 204277184 4 13005.972 13013.124 13340.95 122.49633436899171 125.58225618998175 125.6513140271254 122.49633436899171 125.58225618998175 125.6513140271254
 224704896 4 14361.143 14381.886 14723.063 122.09681966313667 124.9932844690884 125.17382272427758 122.09681966313667 124.9932844690884 125.17382272427758
 247175360 4 15837.908 15856.981 16438.007 120.29456369011157 124.70235538530318 124.85252976592618 120.29456369011157 124.70235538530318 124.85252976592618
 271892864 2 8850.098 8852.959 9037.018 120.3462752868258 122.84835567407463 122.88806926205788 120.3462752868258 122.84835567407463 122.88806926205788
 299082112 2 9737.015 9742.022 10070.086 118.80022156712467 122.80083621244131 122.86398326386475 118.80022156712467 122.80083621244131 122.86398326386475
 328990272 2 10599.136 10601.997 10951.042 120.16765966197555 124.12388798072664 124.15739245161113 120.16765966197555 124.12388798072664 124.15739245161113
 361889280 2 11620.998 11661.053 12049.913 120.13008890603608 124.13605529449184 124.5639247162765 120.13008890603608 124.13605529449184 124.5639247162765
 398078208 2 12748.957 12782.097 13221.025 120.43792610633442 124.57367769936342 124.89749804631076 120.43792610633442 124.57367769936342 124.89749804631076
 437886016 2 14162.064 14202.118 14720.917 118.98335300715301 123.3297782767331 123.67858696303024 118.98335300715301 123.3297782767331 123.67858696303024
 481674560 2 15499.115 15503.883 16001.94 120.40404101002753 124.27198012265701 124.31020997005312 120.40404101002753 124.27198012265701 124.31020997005312
 529841984 2 17001.867 17065.048 17648.22 120.08961447670076 124.19349397669437 124.65501206426333 120.08961447670076 124.19349397669437 124.65501206426333
 582826176 1 9389.877 9411.097 9743.929 119.6285761113407 123.8593494467223 124.13925677620698 119.6285761113407 123.8593494467223 124.13925677620698
 641108736 1 10360.003 10370.016 10721.207 119.59637305762307 123.64662426750354 123.76612941135247 119.59637305762307 123.64662426750354 123.76612941135247
 705219584 1 11435.032 11456.966 11826.038 119.26557043026581 123.10756338109059 123.3437010058214 119.26557043026581 123.10756338109059 123.3437010058214
 775741504 1 12568.951 12629.032 13029.099 119.07830372614406 122.8505088909427 123.43774814620569 119.07830372614406 122.8505088909427 123.43774814620569
 853315648 1 13863.087 13910.055 14374.018 118.73028794036574 122.69047793125189 123.10615204247078 118.73028794036574 122.69047793125189 123.10615204247078
 938647168 1 15321.97 15323.877 15815.02 118.70325399525262 122.5077919902385 122.52303953081753 118.70325399525262 122.5077919902385 122.52303953081753
 1032511872 1 16835.928 16846.18 17621.994 117.18445392729109 122.58112782838602 122.65577187072788 117.18445392729109 122.58112782838602 122.65577187072788
 
META_DATA
 FLOPS          16
 MPI_PROCS      4
 OPENMP_THREADS 2
 ERT_VERSION  1.1.0
 HOSTNAME  ('c3cpu-a7-u1-3.rc.int.colorado.edu', [], ['10.225.64.156'])
 UNAME  uname_result(system='Linux', node='c3cpu-a7-u1-3.rc.int.colorado.edu', release='4.18.0-305.34.2.el8_4.x86_64', version='#1 SMP Mon Jan 17 09:42:23 EST 2022', machine='x86_64', processor='x86_64')
 TIMESTAMP_DATA  1728534437.8687768
 CONFIG  {'nux': ['workstation,', 'MPI', 'and', 'OpenMP', '(8-core', 'Intel', 'Xeon', 'CPU', 'E5530,', '2.40', 'GHz)'], 'ERT_RESULTS': ['Results.alpine'], 'ERT_DRIVER': ['driver1'], 'ERT_KERNEL': ['kernel1'], 'ERT_MPI': ['True'], 'ERT_MPI_CFLAGS': ['-I/usr/include/mpi'], 'ERT_MPI_LDFLAGS': ['-lmpi'], 'ERT_OPENMP': ['True'], 'ERT_OPENMP_CFLAGS': ['-qopenmp'], 'ERT_OPENMP_LDFLAGS': ['-qopenmp'], 'ERT_FLOPS': ['1,2,4,8,16'], 'ERT_ALIGN': ['32'], 'ERT_CC': ['icpc'], 'ERT_CFLAGS': ['-O3', '-fno-alias', '-fno-fnalias', '-DERT_INTEL'], 'ERT_LD': ['icpc'], 'ERT_LDFLAGS': [], 'ERT_LDLIBS': [], 'ERT_PRECISION': ['FP64'], 'ERT_RUN': ['export', 'OMP_NUM_THREADS=ERT_OPENMP_THREADS;', 'mpirun', '-np', 'ERT_MPI_PROCS', 'ERT_CODE'], 'ERT_PROCS_THREADS': ['1-8'], 'ERT_MPI_PROCS': ['1,2,4,8'], 'ERT_OPENMP_THREADS': ['1,2,4,8'], 'ERT_NUM_EXPERIMENTS': ['3'], 'ERT_MEMORY_MAX': ['1073741824'], 'ERT_WORKING_SET_MIN': ['1'], 'ERT_TRIALS_MIN': ['1'], 'ERT_GNUPLOT': ['gnuplot'], 'ERT_GPU': [False], 'ERT_HIP': [False], 'ERT_OCL': [False], 'ERT_SYCL': [False], 'ERT_WSS_MULT': [1.1]}
 TIMESTAMP_DATA  1728534446.1702435
 TIMESTAMP_DATA  1728534454.6378496
 