fp64
 32 33554432 130605.936 130658.865 130671.978 16.43415582183963 16.435805163315937 16.44246589220876 1.027134738864977 1.027237822707246 1.0276541182630474
 64 16777216 70737.123 70750.952 70765.972 30.34627501477688 30.35271734576801 30.358651255861787 1.896642188423555 1.8970448341105006 1.8974157034913617
 96 8388608 35368.919 35372.019 35386.086 45.515424791540944 45.53352569441965 45.53751659755279 2.844714049471309 2.8458453559012282 2.8460947873470492
 128 8388608 35602.093 35634.041 35640.001 60.25487058768602 60.2649485642114 60.31902809758966 3.7659294117303763 3.7665592852632126 3.7699392560993537
 160 4194304 17858.982 17884.97 17979.86 74.64892830088777 75.04498358118576 75.15418739993132 4.665558018805486 4.69031147382411 4.697136712495707
 192 4194304 17767.906 17768.86 17780.066 90.58530693868065 90.64243491141244 90.64730171355026 5.66158168366754 5.665152181963277 5.665456357096891
 224 4194304 17726.898 17733.097 17760.038 105.80203668483142 105.96277638361757 105.9998309912992 6.612627292801964 6.622673523976098 6.6249894369562
 256 4194304 17689.943 17692.089 17753.839 120.9588330726667 121.38101091397404 121.39573587094091 7.559927067041669 7.586313182123377 7.587233491933807
 288 2097152 8851.051 8854.151 8855.82 136.40290249801825 136.42861433015995 136.4763972097777 8.52518140612614 8.526788395634997 8.529774825611106
 320 2097152 8866.072 8873.94 8883.953 151.07883618925044 151.24930752292667 151.38353038414306 9.442427261828152 9.453081720182917 9.461470649008941
 352 2097152 8850.098 8852.959 8855.104 166.7281387096075 166.76853558228382 166.8224473898481 10.420508669350468 10.423033473892739 10.426402961865506
 384 2097152 8888.006 8899.927 8904.934 180.86745348140704 180.96920750024128 181.21193167511365 11.30421584258794 11.31057546876508 11.325745729694603
 416 2097152 8858.919 8862.019 8862.972 196.86742370392236 196.8885943485339 196.95749154044643 12.304213981495147 12.305537146783369 12.309843221277902
 448 2097152 8930.922 8966.923 8969.069 209.5031482085822 209.5532873428265 210.39800728301063 13.093946763036387 13.097080458926657 13.149875455188164
 480 2097152 9078.026 9078.979 9107.113 221.0652179236164 221.75025627881726 221.7735353478829 13.816576120226024 13.859391017426079 13.860845959242681
 512 2097152 9030.819 9031.057 9035.826 237.66323610038535 237.78873812888128 237.79500486057802 14.853952256274084 14.86179613305508 14.862187803786126
 544 1048576 4765.034 4765.987 4765.987 239.3734368138226 239.3734368138226 239.4213111595846 14.960839800863912 14.960839800863912 14.963831947474038
 576 1048576 4690.886 4734.993 4757.881 253.8860370824743 255.11327091719033 257.5120248072539 15.867877317654644 15.944579432324396 16.09450155045337
 608 1048576 4951.0 4971.981 5007.982 254.60722822086822 256.45078209269104 257.53755120177743 15.912951763804264 16.02817388079319 16.09609695011109
 640 1048576 5070.925 5099.058 5154.133 260.40796386123526 263.22063408574684 264.68095663020057 16.275497741327204 16.451289630359177 16.542559789387536
 704 1048576 5464.077 5473.852 5477.19 269.5533673288675 269.71774319071835 270.200256694772 16.84708545805422 16.857358949419897 16.88751604342325
 768 1048576 5785.942 5787.849 5789.995 278.17169721217374 278.27483681761566 278.36655396822164 17.38573107576086 17.39217730110098 17.397909623013852
 832 1048576 6124.973 6128.073 6131.887 284.55032912380807 284.7274280185631 284.8715355969733 17.784395570238004 17.795464251160194 17.80447097481083
 896 1048576 6463.051 6464.005 6473.78 290.2551819802341 290.69411177745064 290.7370206424179 18.140948873764632 18.168381986090665 18.17106379015112
 960 1048576 6805.897 6805.897 6808.996 295.67735390063376 295.81198775121044 295.81198775121044 18.47983461878961 18.488249234450652 18.488249234450652
 1056 524288 3744.125 3744.841 3746.986 295.51651807612836 295.6857863925331 295.74233125229523 18.469782379758023 18.480361649533318 18.483895703268452
 1152 524288 3914.833 3915.071 3930.092 307.3616475135951 308.5409056438568 308.559663209133 19.210102969599692 19.28380660274105 19.284978950570814
 1248 524288 4254.103 4254.818 4255.056 307.54538788678695 307.56259092633337 307.6142839042684 19.221586742924185 19.222661932895836 19.225892744016775
 1344 524288 4593.134 4596.949 4601.955 306.23640257238503 306.56988885454246 306.8245219930444 19.139775160774064 19.160618053408903 19.176532624565276
 1472 524288 4935.98 4935.98 4938.126 312.56875016959873 312.7046446703593 312.7046446703593 19.53554688559992 19.544040291897456 19.544040291897456
 1600 524288 5357.981 5367.041 5373.955 312.1949476688956 312.5971275419733 313.12570910572475 19.512184229305976 19.53732047137333 19.570356819107797
 1760 524288 5700.827 5706.072 5830.05 316.54853045857243 323.4263009650071 323.723866730213 19.784283153660777 20.214143810312944 20.232741670638312
 1920 524288 6210.089 6211.996 6211.996 324.0932415281658 324.0932415281658 324.1927643871126 20.25582759551036 20.25582759551036 20.26204777419454
 2112 262144 3791.094 4224.062 4293.203 257.91844830072085 262.1401522989009 292.0782908574675 16.119903018795053 16.383759518681305 18.25489317859172
 2304 262144 4291.058 4444.838 4566.908 264.5027121194471 271.76683424682744 281.5062280677632 16.531419507465444 16.985427140426715 17.5941392542352
 2528 262144 4379.988 4726.887 4835.129 274.11886301275524 280.3959696942195 302.6035833888129 17.132428938297203 17.52474810588872 18.912723961800808
 2752 262144 4549.98 4550.934 4552.126 316.95971860181373 317.04273804014736 317.10921278774856 19.80998241261336 19.81517112750921 19.819325799234285
 3008 262144 4892.111 4894.018 4894.972 322.17922880866325 322.24203180290715 322.36764537844704 20.136201800541453 20.140126987681697 20.14797783615294
 3296 262144 5403.042 5403.996 5404.949 319.7168461719065 319.77322855161253 319.8296900153654 19.982302885744158 19.985826784475783 19.989355625960336
 3616 262144 5996.943 6000.996 6000.996 315.9184588691611 315.9184588691611 316.1319705723399 19.74490367932257 19.74490367932257 19.758248160771245
 3968 262144 6509.066 6510.019 6515.98 319.2727393270084 319.56508636917954 319.61187426890433 19.954546207938026 19.97281789807372 19.97574214180652
 4352 131072 3593.922 3594.16 3600.121 316.89231778598554 317.4178912457987 317.4389115846143 19.805769861624096 19.83861820286242 19.839931974038393
 4768 131072 3953.934 3955.841 3957.987 315.7924955286614 315.9638094655473 316.1162002198317 19.737030970541337 19.747738091596705 19.75726251373948
 5216 131072 4318.953 4319.906 4319.906 316.52149468067125 316.52149468067125 316.591336835571 19.782593417541953 19.782593417541953 19.786958552223187
 5728 131072 4741.907 4742.146 4745.007 316.4507095563821 316.6416284947785 316.6575877595238 19.77816934727388 19.790101780923656 19.791099234970236
 6272 131072 5210.161 5210.876 5213.976 315.3384610899629 315.52605895822506 315.5693591810311 19.70865381812268 19.720378684889067 19.723084948814442
 6880 131072 5678.892 5686.998 5728.96 314.8129363793778 317.13581049263604 317.5884873316837 19.67580852371111 19.820988155789752 19.849280458230233
 7552 131072 6230.831 6231.07 6235.123 317.50961256097116 317.71613671488205 317.72832355748375 19.844350785060698 19.85725854468013 19.858020222342734
 8288 65536 3432.035 3433.943 3435.135 316.2393140298707 316.34908791438875 316.52495851586593 19.764957126866918 19.771817994649297 19.78280990724162
 9088 65536 3751.993 3753.901 3755.808 317.15740953744177 317.3185270469306 317.479892952892 19.82233809609011 19.832407940433164 19.84249330955575
 9984 65536 4137.993 4137.993 4138.947 316.1728932503847 316.2457858193573 316.2457858193573 19.760805828149042 19.765361613709832 19.765361613709832
 10976 65536 4540.92 4540.92 4543.066 316.6685828469144 316.8182377139434 316.8182377139434 19.79178642793215 19.801139857121463 19.801139857121463
 12064 65536 4987.001 4989.147 4990.101 316.87787641973586 316.93846823915993 317.07485280231543 19.80486727623349 19.808654264947496 19.817178300144715
 13248 65536 5473.852 5475.998 5476.952 317.0452938057518 317.100527794203 317.2248456845381 19.815330862859486 19.818782987137688 19.82655285528363
 14560 65536 6029.844 6031.99 6034.136 316.2686953028569 316.3812141598378 316.4938131069394 19.766793456428555 19.77382588498986 19.780863319183712
 16000 65536 6642.818 6649.971 6653.07 315.21568238422265 315.36257827289774 315.7021613417679 19.700980149013915 19.71016114205611 19.731385083860495
 17600 32768 3651.857 3653.049 3654.003 315.663013960306 315.74544989678486 315.8485121405356 19.728938372519124 19.734090618549054 19.740532008783475
 19360 32768 4003.048 4004.002 4006.147 316.7075396883839 316.87720435704085 316.9527220258164 19.794221230523995 19.804825272315053 19.809545126613525
 21280 32768 4406.929 4408.836 4409.075 316.3035511983806 316.32069779869335 316.4575785087529 19.768971949898788 19.770043612418334 19.778598656797055
 23392 32768 4844.904 4858.971 4946.947 309.8917599076764 315.50262637912437 316.41867661361294 19.368234994229773 19.718914148695273 19.77616728835081
 25728 32768 5344.868 5346.06 5347.013 315.33684470189246 315.3930573169774 315.4633955412931 19.70855279386828 19.712066082311086 19.71646222133082
 28288 32768 5873.919 5874.872 5875.111 315.54848376481743 315.56132082537283 315.6125183203922 19.72178023530109 19.722582551585802 19.725782395024513
 31104 32768 6448.03 6449.938 6452.799 315.8988438970437 316.0389671962738 316.13248449526446 19.743677743565232 19.752435449767113 19.75828028095403
 34208 16384 3541.946 3546.953 3547.192 316.00424899469783 316.02554192288426 316.4722850094271 19.750265562168615 19.751596370180266 19.779517813089193
 37600 16384 3898.144 3901.005 3903.866 315.60427535166417 315.83573976449657 316.0675439388591 19.72526720947901 19.739733735281035 19.754221496178694
 41344 16384 4287.958 4287.958 4288.912 315.8750265801676 315.9453035687384 315.9453035687384 19.742189161260477 19.74658147304615 19.74658147304615
 45472 16384 4713.058 4715.919 4719.973 315.68538548843395 315.9567617679608 316.14855917325866 19.730336593027122 19.74729761049755 19.759284948328666
 50016 16384 5186.081 5187.035 5187.988 315.90749400345567 315.9655348383036 316.0236579413241 19.74421837521598 19.747845927393975 19.751478621332755
 55008 16384 5710.125 5712.032 5712.986 315.5096378671329 315.5623329841289 315.66772075917777 19.719352366695805 19.722645811508055 19.72923254744861
 60480 16384 6279.945 6281.137 6283.045 315.4216848677671 315.5174994590947 315.57738801852565 19.713855304235445 19.71984371619342 19.723586751157853
 66528 8192 3480.911 3482.103 3483.057 312.9419794163575 313.0277168710977 313.13490979803845 19.558873713522345 19.564232304443607 19.570931862377403
 73152 8192 3832.102 3833.055 3835.917 312.44741948274685 312.6807123821599 312.7584725041243 19.52796371767168 19.542544523884995 19.54740453150777
 80448 8192 4199.982 4204.988 4207.134 313.29166886531306 313.45155610432175 313.8251621078376 19.580729304082066 19.59072225652011 19.61407263173985
 88480 8192 4621.029 4622.936 4623.89 313.51444779179434 313.57914537428167 313.70855279202965 19.594652986987146 19.598696585892604 19.606784549501853
 97312 8192 5080.938 5082.13 5086.184 313.4687632220934 313.7188163230772 313.79241549493423 19.591797701380838 19.607426020192325 19.61202596843339
 107040 8192 5591.869 5591.869 5592.108 313.6104238330161 313.6238277398845 313.6238277398845 19.600651489563507 19.601489233742782 19.601489233742782
 117728 8192 6137.133 6137.848 6140.947 314.0974107088044 314.2559985193508 314.292610572396 19.631088169300273 19.640999907459424 19.64328816077475
 129472 8192 6752.014 6752.968 6752.968 314.1239893332828 314.1239893332828 314.16837228121864 19.632749333330175 19.632749333330175 19.635523267576165
 142400 4096 3720.999 3722.191 3730.774 312.68063945980106 313.40164972727086 313.50204609031067 19.542539966237566 19.58760310795443 19.593877880644417
 156640 4096 4100.084 4112.005 4119.873 311.4646689351832 312.06063222199384 312.9679489493386 19.46654180844895 19.503789513874615 19.560496809333664
 172288 4096 4536.152 4537.821 4538.059 311.01034517180136 311.02665706734575 311.1410940374132 19.438146573237585 19.43916606670911 19.446318377338326
 189504 4096 5010.128 5021.095 5037.069 308.1984320643612 309.1789277040167 309.8557098740791 19.262402004022576 19.323682981501044 19.365981867129943
 208448 4096 5545.139 5549.908 5559.921 307.12774803814654 307.6818599515523 307.94647636425344 19.19548425238416 19.23011624697202 19.24665477276584
 229280 4096 6114.006 6130.934 6132.841 306.26291469157604 306.3581764214066 307.2063979001656 19.141432168223503 19.147386026337912 19.20039986876035
 252192 4096 6752.014 6757.021 6757.975 305.70649699059254 305.74965861435095 305.9763892669654 19.106656061912034 19.109353663396934 19.123524329185337
 277408 2048 3720.045 3720.045 3732.92 304.3899060253099 305.4433932922854 305.4433932922854 19.02436912658187 19.090212080767838 19.090212080767838
 305120 2048 4088.879 4089.832 4096.985 305.04664283613437 305.5801607498792 305.6513826894853 19.065415177258398 19.09876004686745 19.10321141809283
 335616 2048 4494.905 4497.051 4499.912 305.49111538181194 305.6854672095113 305.83141045250125 19.093194711363246 19.105341700594455 19.114463153281328
 369152 2048 4940.987 4942.894 4942.894 305.9030988728465 305.9030988728465 306.0211637877209 19.118943679552906 19.118943679552906 19.126322736732558
 406048 2048 5444.05 5444.05 5445.957 305.3958391518699 305.50281646935645 305.50281646935645 19.08723994699187 19.093926029334778 19.093926029334778
 446624 2048 5980.015 5987.883 5989.075 305.4514935945868 305.51229942201616 305.91426677023384 19.090718349661675 19.09451871387601 19.119641673139615
 491264 2048 6572.008 6583.929 6597.042 305.0181193328768 305.62561412797737 306.17999004261713 19.0636324583048 19.101600882998586 19.13624937766357
 540384 1024 3619.909 3622.055 3625.87 305.2250720516731 305.54655630574354 305.72769425971757 19.07656700322957 19.09665976910897 19.107980891232348
 594400 1024 3975.153 3978.014 3983.974 305.55701417730137 306.01481040539323 306.23505560666473 19.097313386081336 19.125925650337077 19.139690975416546
 653824 1024 4369.02 4372.12 4379.988 305.71580378759023 306.2659652525548 306.48327359453606 19.10723773672439 19.141622828284675 19.155204599658504
 719200 1024 4811.049 4813.91 4816.055 305.8357099327146 305.97198535078553 306.1539385693224 19.114731870794664 19.123249084424096 19.13462116058265
 791104 1024 5289.078 5297.899 5303.144 305.5132940006909 305.81575677452514 306.32578910728864 19.09458087504318 19.11348479840782 19.14536181920554
 870208 1024 5822.897 5832.911 5832.911 305.53971833275017 305.53971833275017 306.0651740877436 19.096232395796886 19.096232395796886 19.129073380483977
 957216 1024 6405.115 6410.122 6572.008 298.2921457186297 305.82543795578306 306.064507506891 18.643259107414355 19.11408987223644 19.129031719180688
 1052928 512 3529.072 3554.106 3602.982 299.25163989162314 303.36694291053783 305.5189216881945 18.703227493226446 18.960433931908614 19.094932605512156
 1158208 512 3876.925 3902.197 3990.173 297.23147141740475 303.93262872171755 305.91383428877265 18.576966963587797 18.995789295107347 19.11961464304829
 1274016 512 4295.826 4315.138 4375.935 298.1288305242194 302.32923813792286 303.68836726627194 18.63305190776371 18.89557738362018 18.980522954141996
 1401408 512 4716.873 4769.087 4805.803 298.6060377422878 300.9049304405644 304.23583420626335 18.662877358892988 18.806558152535274 19.01473963789146
 1541536 512 5171.061 5260.944 5286.932 298.5725679846081 300.0474561219431 305.2628588214295 18.660785499038006 18.752966007621445 19.078928676339345
 1695680 512 5699.158 5733.013 5815.029 298.6014893476885 302.8732570465129 304.67243055904044 18.662593084230533 18.929578565407056 19.042026909940027
 1865248 512 6363.153 6365.061 6413.937 297.7911931470484 300.0778707383951 300.167849492225 18.611949571690523 18.754866921149695 18.760490593264063
 2051744 512 6974.22 6990.194 7040.024 298.4344735188402 300.5618808290585 301.25029838462217 18.652154594927513 18.785117551816157 18.828143649038886
 2256896 256 3856.182 3875.971 3903.151 296.0507425923312 298.12677958632815 299.65669462696525 18.5031714120207 18.63292372414551 18.728543414185328
 2482560 256 4221.916 4248.857 4275.084 297.32064212071623 299.1559188741819 301.0649003911968 18.582540132544764 18.69724492963637 18.8165562744498
 2730816 256 4679.918 4681.11 4706.86 297.05106844053154 298.68509648352637 298.76117316585464 18.56569177753322 18.667818530220398 18.672573322865915
 3003872 256 5107.88 5146.98 5158.186 298.1634365259415 298.8125976786387 301.09996006170854 18.635214782871344 18.67578735491492 18.818747503856784
 3304256 256 5620.956 5665.064 5673.885 298.169432760798 298.63370863947875 300.97710638546187 18.635589547549873 18.664606789967422 18.811069149091367
 3634656 256 6191.015 6227.97 6263.018 297.13212895125 298.8042447217954 300.5878473885138 18.570758059453127 18.67526529511221 18.786740461782113
 3998112 256 6796.837 6826.878 6837.845 299.36819919141186 299.84911756149734 301.17440568311406 18.71051244946324 18.740569847593584 18.82340035519463
 4397920 128 3720.045 3740.072 3752.947 299.99558213851674 301.0283010594448 302.6488980644051 18.749723883657296 18.8142688162153 18.91555612902532
 4837696 128 4099.846 4112.005 4122.972 300.3780224556461 301.17915128994247 302.0723646693071 18.77362640347788 18.823696955621404 18.879522791831693
 5321440 128 4515.886 4518.986 4528.046 300.85574218989825 301.45892020909116 301.66586136142496 18.80348388686864 18.841182513068198 18.85411633508906
 5853568 128 4950.047 4976.034 4994.154 300.0535041570604 301.1461352555067 302.72710703554935 18.753344009816274 18.82163345346917 18.920444189721835
 6438912 128 5445.004 5468.845 5481.005 300.74073495645416 301.4094332532738 302.7291572237596 18.796295934778385 18.838089578329612 18.920572326484976
 7082784 128 5991.22 6014.824 6046.057 299.896726742735 301.4539916712443 302.64164961393504 18.743545421420936 18.84087447945277 18.91510310087094
 7791040 128 6598.949 6623.03 6631.136 300.77896758564447 301.1470943057785 302.2460455445254 18.79868547410278 18.821693394111158 18.890377846532836
 8570144 64 3627.062 3647.089 3676.176 298.4020438629707 300.7819200463712 302.44270210986195 18.650127741435668 18.7988700028982 18.902668881866372
 9427136 64 3991.127 3998.995 4025.936 299.7249355181006 301.7441652215119 302.3390155211799 18.732808469881288 18.859010326344492 18.896188470073742
 10369824 64 4410.982 4415.035 4415.989 300.57535741144284 300.6403056827409 300.9165469276456 18.785959838215177 18.790019105171307 18.80728418297785
 11406784 64 4842.997 4848.003 5195.141 281.044990309214 301.1690281544793 301.48033376853215 17.565311894325873 18.823064259654956 18.84252086053326
 12547456 64 5311.966 5335.808 5976.2 268.74508349787493 300.99928033392507 302.35027257328073 16.796567718617183 18.812455020870317 18.896892035830046
 13802176 64 5857.229 5883.932 6447.077 274.0278312171547 300.2547493750778 301.62360529185383 17.12673945107217 18.76592183594236 18.851475330740865
 15182368 64 6444.931 6453.037 6898.88 281.68965165360174 301.1517063980882 301.5304747250204 17.60560322835011 18.821981649880513 18.845654670313774
 16700576 64 7094.86 7097.006 7549.047 283.17133646141036 301.2078231299227 301.2989302114489 17.698208528838148 18.82548894562017 18.831183138215557
 18370624 32 3968.954 3978.014 4037.142 291.2258067712258 295.5544993054323 296.22916667716476 18.201612923201612 18.472156206589517 18.514322917322797
 20207680 32 4300.117 4317.999 4547.119 284.4199854897134 299.5117692245876 300.75728637151036 17.776249093107086 18.719485576536727 18.797330398219398
 22228448 32 4755.974 4849.911 5216.837 272.6979340163398 293.3292326395268 299.1228867104824 17.043620876021237 18.333077039970426 18.69518041940515
 24451264 32 5234.957 5236.864 5676.985 275.6535196059176 298.82022828929684 298.92908308511414 17.22834497536985 18.676264268081052 18.683067692819634
 26896384 32 5800.962 6240.129 6375.074 270.01546585969044 275.85464595363334 296.73846786102024 16.875966616230652 17.240915372102084 18.546154241313765
 29586016 32 6311.893 6409.883 6921.053 273.58626266841185 295.4039916173197 299.9900384876613 17.09914141677574 18.462749476082482 18.749377405478832
 32544608 32 6922.96 7188.082 7430.077 280.3275002399033 289.7650460860074 300.8619018454534 17.520468764993957 18.11031538037546 18.80386886534084
 35799040 16 4284.859 4657.984 5450.964 210.15902508253583 245.93671425234604 267.3528533844404 13.13493906765849 15.371044640771627 16.709553336527524
 39378944 16 4826.069 5609.035 6124.02 205.76781395227314 224.66007218710527 261.10820379899246 12.860488372017072 14.04125451169408 16.31926273743703
 43316832 16 7111.073 7234.812 7270.098 190.6629902375456 191.59290165383703 194.92678868575808 11.9164368898466 11.974556353364814 12.18292429285988
 47648512 16 5345.821 6111.145 7092.953 214.9672194359669 249.50355195303007 285.22323961090353 13.435451214747932 15.59397199706438 17.82645247568147
 52413344 16 5828.857 7534.981 8357.048 200.6961080036874 222.59206864622487 287.7454375703504 12.543506750230463 13.912004290389055 17.9840898481469
 57654656 16 6124.973 6613.016 9166.002 201.28175752089075 278.9875288370692 301.21748977505695 12.580109845055672 17.436720552316824 18.82609311094106
 63420096 16 6762.981 6785.154 8344.173 243.216801952692 299.10051739429935 300.08114350757455 15.20105012204325 18.69378233714371 18.75507146922341
 69762080 8 4863.024 5487.919 6561.041 170.12441775626766 203.3909902824732 229.52658263664748 10.632776109766729 12.711936892654576 14.345411414790467
 76738272 8 4831.076 4952.192 5119.085 239.84996381189217 247.93310760164385 254.14883806423245 14.99062273824326 15.495819225102741 15.884302379014528
 84412096 8 4998.922 5641.937 5661.964 238.53799423662886 239.3847247851226 270.17695735200516 14.908624639789304 14.961545299070162 16.886059834500323
 92853280 8 5172.968 5512.953 5573.034 266.57875763901677 269.483973471205 287.19537410631574 16.661172352438548 16.842748341950312 17.949710881644734
 102138592 8 5652.905 5653.143 5697.966 286.8071645215152 289.0812194207718 289.0933903895431 17.9254477825947 18.067576213798237 18.068336899346445
 112352448 8 5862.951 5959.988 6723.166 267.37985764444903 301.61791735151144 306.60995938734607 16.711241102778065 18.851119834469465 19.16312246170913
 123587680 8 6736.994 6809.235 7997.036 247.26697241327912 290.4001521463131 293.5141221737766 15.454185775829945 18.150009509144567 18.34463263586104
 135946432 4 4697.084 5509.853 5899.191 184.35942419901306 197.38665550605432 231.54183659478946 11.522464012438316 12.336665969128395 14.471364787174341
 149541056 4 6745.1 7168.055 7266.045 164.6464408078948 166.8972193991257 177.36259625505923 10.290402550493425 10.431076212445356 11.085162265941202
 164495136 4 7634.878 7713.079 8172.989 161.01344171636592 170.61423693443305 172.36177028630973 10.06334010727287 10.663389808402066 10.772610642894358
 180944640 4 9008.884 9034.872 9371.996 154.45558448808558 160.21888522604416 160.68106993052635 9.653474030505349 10.01368032662776 10.042566870657897
 199039104 4 10277.033 10344.982 10946.989 145.45669425629276 153.92127622841682 154.93896263639516 9.091043391018298 9.620079764276051 9.683685164774698
 218943008 4 11556.149 11568.069 12254.0 142.9365157499592 151.41196547150608 151.5681447167218 8.93353223437245 9.46324784196913 9.473009044795113
 240837280 4 12925.863 12951.851 13875.008 138.86105435038309 148.75852416770388 149.0576095383341 8.678815896898943 9.297407760481493 9.316100596145882
 264920992 4 14441.013 14443.159 15516.043 136.59203806021935 146.73853109281706 146.7603371037752 8.53700237876371 9.171158193301066 9.17252106898595
 291413088 2 8217.812 8230.925 8740.187 133.3669808208909 141.61863362866262 141.844611680092 8.33543630130568 8.851164601791414 8.86528823000575
 320554368 2 9100.914 9143.829 9735.107 131.71067066854016 140.2276302411167 140.8888680851176 8.23191691678376 8.764226890069795 8.80555425531985
 352609792 2 10118.008 10143.995 10756.969 131.11864206357757 139.04178462233074 139.39889828116364 8.194915128973598 8.690111538895671 8.712431142572727
 387870752 2 11261.94 11267.9 11275.053 137.60316763034285 137.69051979517036 137.76338783548837 8.600197976896428 8.605657487198147 8.610211739718023
 426657824 2 12472.868 12501.001 13190.031 129.38796701842475 136.5195711927389 136.8274959696519 8.086747938651547 8.532473199546182 8.551718498103243
 469323584 2 13834.953 13848.066 14779.091 127.02366715246559 135.5636473714091 135.69213686522826 7.9389791970290995 8.472727960713069 8.480758554076766
 516255936 2 15360.832 15362.024 16244.888 127.11837373086226 134.42393684582186 134.4343681383925 7.944898358178891 8.401496052863866 8.402148008649531
 567881504 1 8579.016 8613.11 9043.932 125.58287788983817 131.86444942651377 132.38849397180283 7.848929868114886 8.24152808915711 8.274280873237677
 624669632 1 9469.986 9500.027 9862.9 126.67058005252007 131.5090224480415 131.92619967970384 7.916911253282504 8.219313903002593 8.24538747998149
 687136576 1 10490.894 10499.954 11050.94 124.35803216739933 130.88373072872508 130.99676271631378 7.772377010462458 8.180233170545318 8.187297669769611
 755850208 1 11604.071 11627.913 12264.013 123.26311265325631 130.00616843280474 130.27328219553291 7.70394454082852 8.125385527050296 8.142080137220807
 831435200 1 12818.098 12825.966 13401.985 124.07642599211984 129.64874536545628 129.7283263086302 7.75477662450749 8.103046585341017 8.108020394289387
 914578720 1 14148.951 14190.912 14756.918 123.95253805706585 128.89639792002092 129.27866101168914 7.747033628566616 8.056024870001307 8.079916313230571
 1006036576 1 15638.113 15681.028 16105.89 124.92778430748008 128.3125795069048 128.6647021926495 7.807986519217505 8.01953621918155 8.041543887040593
 
META_DATA
 FLOPS          1
 MPI_PROCS      1
 OPENMP_THREADS 4
 ERT_VERSION  1.1.0
 HOSTNAME  ('c3cpu-a7-u1-3.rc.int.colorado.edu', [], ['10.225.64.156'])
 UNAME  uname_result(system='Linux', node='c3cpu-a7-u1-3.rc.int.colorado.edu', release='4.18.0-305.34.2.el8_4.x86_64', version='#1 SMP Mon Jan 17 09:42:23 EST 2022', machine='x86_64', processor='x86_64')
 TIMESTAMP_DATA  1728532937.1926932
 CONFIG  {'nux': ['workstation,', 'MPI', 'and', 'OpenMP', '(8-core', 'Intel', 'Xeon', 'CPU', 'E5530,', '2.40', 'GHz)'], 'ERT_RESULTS': ['Results.alpine'], 'ERT_DRIVER': ['driver1'], 'ERT_KERNEL': ['kernel1'], 'ERT_MPI': ['True'], 'ERT_MPI_CFLAGS': ['-I/usr/include/mpi'], 'ERT_MPI_LDFLAGS': ['-lmpi'], 'ERT_OPENMP': ['True'], 'ERT_OPENMP_CFLAGS': ['-qopenmp'], 'ERT_OPENMP_LDFLAGS': ['-qopenmp'], 'ERT_FLOPS': ['1,2,4,8,16'], 'ERT_ALIGN': ['32'], 'ERT_CC': ['icpc'], 'ERT_CFLAGS': ['-O3', '-fno-alias', '-fno-fnalias', '-DERT_INTEL'], 'ERT_LD': ['icpc'], 'ERT_LDFLAGS': [], 'ERT_LDLIBS': [], 'ERT_PRECISION': ['FP64'], 'ERT_RUN': ['export', 'OMP_NUM_THREADS=ERT_OPENMP_THREADS;', 'mpirun', '-np', 'ERT_MPI_PROCS', 'ERT_CODE'], 'ERT_PROCS_THREADS': ['1-8'], 'ERT_MPI_PROCS': ['1,2,4,8'], 'ERT_OPENMP_THREADS': ['1,2,4,8'], 'ERT_NUM_EXPERIMENTS': ['3'], 'ERT_MEMORY_MAX': ['1073741824'], 'ERT_WORKING_SET_MIN': ['1'], 'ERT_TRIALS_MIN': ['1'], 'ERT_GNUPLOT': ['gnuplot'], 'ERT_GPU': [False], 'ERT_HIP': [False], 'ERT_OCL': [False], 'ERT_SYCL': [False], 'ERT_WSS_MULT': [1.1]}
 TIMESTAMP_DATA  1728532944.199257
 HOSTNAME  ('c3cpu-c11-u13-2.rc.int.colorado.edu', [], ['10.225.64.253'])
 UNAME  uname_result(system='Linux', node='c3cpu-c11-u13-2.rc.int.colorado.edu', release='4.18.0-305.34.2.el8_4.x86_64', version='#1 SMP Mon Jan 17 09:42:23 EST 2022', machine='x86_64', processor='x86_64')
 TIMESTAMP_DATA  1728532944.2002952
 TIMESTAMP_DATA  1728532952.1180024
 