fp64
 64 16777216 65324.068 65382.957 70366.144 30.518705813977814 32.84470061517713 32.874309787320655 3.8148382267472267 4.1055875768971415 4.109288723415082
 128 8388608 35368.919 35375.118 38012.028 56.49484547364851 60.70604903706611 60.71668879673705 7.061855684206064 7.588256129633264 7.589586099592132
 192 4194304 17690.182 17704.964 19032.955 84.6223161878962 90.96955723829768 91.04557183187826 10.577789523487025 11.37119465478721 11.380696478984783
 256 4194304 17827.034 17832.041 19226.789 111.69226686785818 120.42837093073082 120.46219511333183 13.961533358482273 15.053546366341353 15.057774389166479
 320 2097152 8934.975 9017.944 9635.21 139.29922440714836 148.83406683385925 150.21612035847892 17.412403050893545 18.604258354232407 18.777015044809865
 384 2097152 8887.053 8889.914 9693.861 166.14770275744615 181.17303901927508 181.23136387281588 20.76846284468077 22.646629877409385 22.653920484101985
 448 2097152 8876.085 8882.046 9655.952 194.59999304056194 211.55578253028634 211.69785913496776 24.324999130070243 26.444472816285792 26.46223239187097
 512 2097152 8846.998 8850.098 9500.98 226.0275937850622 242.6508325670518 242.73585774519222 28.253449223132776 30.331354070881474 30.341982218149028
 576 1048576 4427.91 4431.009 4990.101 242.07116288828624 272.6150075524559 272.8058049960365 30.25889536103578 34.07687594405699 34.10072562450456
 640 1048576 4438.877 4440.069 4788.16 280.31170219875696 302.28748246930394 302.368657658232 35.03896277484462 37.78593530866299 37.796082207279
 704 1048576 4428.864 4431.963 4801.035 307.5159851990248 333.12439837606945 333.3574948338897 38.4394981498781 41.64054979700868 41.66968685423621
 768 1048576 4453.897 4454.136 4703.045 342.4616893948495 361.59936203115484 361.6187657684944 42.807711174356186 45.199920253894355 45.2023457210618
 832 1048576 4435.062 4470.825 4586.22 380.45066830636125 390.2703559186504 393.4173781561566 47.556333538295156 48.7837944898313 49.17717226951957
 896 1048576 4488.945 4490.852 4735.947 396.76292661214325 418.41685987425103 418.5946123198213 49.595365826517906 52.30210748428138 52.32432653997766
 960 1048576 4662.991 4664.183 5059.004 397.9569733489042 431.6438527390542 431.7541938210903 49.74462166861303 53.95548159238177 53.96927422763629
 1024 1048576 4518.986 4520.893 4662.991 460.5378067424964 475.01315514434873 475.21360942476923 57.56722584281205 59.37664439304359 59.401701178096154
 1088 524288 2383.947 2385.855 2516.031 453.43268346057744 478.17268358722555 478.55539070289734 56.67908543257218 59.771585448403194 59.81942383786217
 1152 524288 2412.081 2432.108 2475.023 488.05992994812567 496.67183858611537 500.7956001477562 61.00749124351571 62.08397982326442 62.599450018469526
 1216 524288 2498.15 2516.031 2609.015 488.7163991008102 506.7777050441748 510.4050661489502 61.08954988760127 63.34721313052185 63.800633268618775
 1280 524288 2614.021 2641.916 2658.129 504.9330863927221 508.0317769376467 513.453135992404 63.11663579909026 63.50397211720584 64.1816419990505
 1408 524288 2739.906 2774.954 3125.906 472.3094705982841 532.0430565695864 538.8487809435798 59.038683824785515 66.5053820711983 67.35609761794747
 1536 524288 2893.925 2902.985 3392.935 474.69601863873015 554.8126276918413 556.549577476956 59.33700232984127 69.35157846148016 69.5686971846195
 1664 524288 3065.109 3065.109 3215.075 542.7028806481965 569.2556003717976 569.2556003717976 67.83786008102456 71.1569500464747 71.1569500464747
 1792 524288 3234.148 3235.102 3237.009 580.4890230456573 580.8312047039012 581.0025366804488 72.56112788070716 72.60390058798765 72.6253170850561
 1920 524288 3404.14 3405.094 3635.883 553.7213161149574 591.2512018757778 591.4168982474281 69.21516451436968 73.90640023447223 73.92711228092851
 2112 262144 1873.016 1874.924 2192.974 504.92903974237714 590.5819414546936 591.1835542248436 63.11612996779714 73.8227426818367 73.89794427810546
 2304 262144 1967.907 1976.967 2074.957 582.1612457511168 611.0165480759163 613.8295925569653 72.7701557188896 76.37706850948953 76.72869906962066
 2496 262144 2128.839 2129.793 2274.036 575.4626786911025 614.4366367999144 614.7119852652079 71.93283483638781 76.8045795999893 76.83899815815099
 2688 262144 2299.07 2300.024 2437.115 578.2600098887415 612.7267124169139 612.9809636070236 72.28250123609268 76.59083905211423 76.62262045087795
 2944 262144 2476.931 2480.984 2819.061 547.5241124615608 622.1337469326687 623.1517438313784 68.4405140576951 77.76671836658359 77.8939679789223
 3200 262144 2723.932 2725.124 2948.046 569.096140290891 615.6496364936055 615.9190464372826 71.13701753636137 76.95620456170069 76.98988080466033
 3520 262144 2895.117 2899.885 3017.902 611.5154700185758 636.4023952673986 637.4504933652078 76.43943375232197 79.55029940842482 79.68131167065097
 3840 262144 3149.033 3149.986 3504.038 574.5559608657211 639.134878694699 639.3283017358027 71.81949510821514 79.89185983683737 79.91603771697534
 4224 131072 1979.828 1980.066 2212.048 500.5751484597079 559.2218926035798 559.2891180445978 62.57189355746349 69.90273657544748 69.91113975557472
 4608 131072 2118.111 2259.016 2265.93 533.0965881558566 534.7281967015726 570.3004006872161 66.63707351948207 66.84102458769658 71.28755008590201
 5056 131072 2251.148 2330.065 2351.999 563.5206749662735 568.8253606659042 588.7662934644901 70.44008437078419 71.10317008323803 73.59578668306126
 5504 131072 2319.098 2320.051 2437.115 592.028105362283 621.900370293584 622.155931314675 74.00351317028537 77.737546286698 77.76949141433437
 6016 131072 2490.997 2492.905 2842.903 554.7351787943521 632.6186934520167 633.103253034829 69.34189734929402 79.07733668150209 79.13790662935362
 6592 131072 2766.132 2766.848 2912.045 593.4157088918612 624.5566247224277 624.7182882089502 74.17696361148265 78.06957809030347 78.08978602611877
 7232 131072 3062.963 3063.917 3191.948 593.9399413774911 618.7587353051666 618.951455828882 74.24249267218639 77.34484191314583 77.36893197861025
 7936 131072 3323.078 3324.986 3435.135 605.6166013853895 625.6792612059119 626.0385052652991 75.70207517317368 78.20990765073898 78.25481315816239
 8704 65536 1831.055 1832.008 2182.007 522.844650819177 622.732372347719 623.0564827380936 65.35558135239712 77.84154654346487 77.8820603422617
 9536 65536 2017.021 2017.975 2132.893 586.0127967038197 619.3845771131952 619.6775303777205 73.25159958797747 77.4230721391494 77.45969129721506
 10432 65536 2211.809 2214.909 2563.953 533.2949176525467 617.3360187709743 618.201256980146 66.66186470656834 77.16700234637179 77.27515712251825
 11456 65536 2424.955 2428.055 2569.199 584.4470716359457 618.4212598149549 619.2118336216548 73.05588395449321 77.30265747686936 77.40147920270685
 12544 65536 2661.943 2686.024 3123.045 526.4628489182833 612.1193139003971 617.6567897960249 65.80785611478541 76.51491423754963 77.20709872450311
 13760 65536 2904.892 2907.038 3049.85 591.3571880584292 620.408374434734 620.8667034781329 73.91964850730365 77.55104680434175 77.60833793476661
 15104 65536 3180.981 3184.795 3298.044 600.2683675536166 621.6134752786286 622.3587905743542 75.03354594420207 77.70168440982857 77.79484882179428
 16576 32768 1761.913 1762.867 2113.104 514.0895743891451 616.2261452508895 616.5598051663163 64.26119679864314 77.0282681563612 77.06997564578954
 18176 32768 1921.892 1923.084 1943.111 613.028455914253 619.4125352818702 619.7967086600079 76.62855698928162 77.42656691023377 77.47458858250099
 19968 32768 2116.919 2125.025 2265.93 577.5213038355113 615.8152718203315 618.1733207553053 72.19016297943891 76.97690897754144 77.27166509441317
 21952 32768 2323.866 2324.82 2468.824 582.7253267142574 618.8204987913042 619.0745387212515 72.84066583928218 77.35256234891303 77.38431734015644
 24128 32768 2552.032 2552.986 2769.947 570.8602395641504 619.3737874003227 619.6053215633659 71.3575299455188 77.42172342504034 77.45066519542074
 26496 32768 2803.802 2804.041 2931.118 592.4162234341982 619.2640749546814 619.3168618896768 74.05202792927477 77.40800936933518 77.4146077362096
 29120 32768 3091.097 3092.051 3402.948 560.8103091789825 617.1982027463325 617.3886875759641 70.10128864737281 77.14977534329157 77.17358594699552
 32000 32768 3406.048 3407.955 3669.024 571.5830695029523 615.3696278266585 615.7141649207528 71.44788368786904 76.92120347833232 76.9642706150941
 35200 16384 1871.109 1872.063 2002.001 576.1403715582561 616.1296922165546 616.4438309045598 72.01754644478201 77.01621152706933 77.05547886306998
 38720 16384 2053.022 2053.976 2149.105 590.3745791852888 617.7175195815335 618.004561081177 73.7968223981611 77.21468994769168 77.25057013514713
 42560 16384 2259.016 2259.016 2389.193 583.7142834421496 617.3511298724754 617.3511298724754 72.9642854302687 77.16889123405943 77.16889123405943
 46784 16384 2484.083 2484.083 2629.995 582.8977287029063 617.1364290162606 617.1364290162606 72.86221608786329 77.14205362703258 77.14205362703258
 51456 16384 2737.045 2737.045 2884.865 584.4676295077933 616.0330604721515 616.0330604721515 73.05845368847416 77.00413255901894 77.00413255901894
 56576 16384 3012.18 3013.849 3296.137 562.4409325219189 615.1211849034241 615.4620135582868 70.30511656523986 76.89014811292802 76.93275169478585
 62208 16384 3302.097 3303.051 3592.014 567.4899218098816 617.1360187899006 617.3143139041645 70.9362402262352 77.14200234873758 77.16428923802056
 68416 8192 1816.988 1817.942 1840.115 609.1617882577991 616.5915876304085 616.9153258029222 76.14522353222489 77.07394845380107 77.11441572536528
 75200 8192 1998.901 2000.093 2000.093 616.009755546367 616.009755546367 616.3770992160192 77.00121944329588 77.00121944329588 77.0471374020024
 82688 8192 2197.981 2198.935 2200.127 615.7645408651409 616.0983348757467 616.3657429249843 76.97056760814262 77.01229185946833 77.04571786562303
 90944 8192 2416.849 2418.041 2703.19 551.2104202812234 616.212254465495 616.5161729177123 68.90130253515292 77.02653180818687 77.06452161471404
 100032 8192 2657.89 2659.798 2660.036 616.1286117932237 616.1837432767451 616.6260785811301 77.01607647415297 77.02296790959313 77.07825982264126
 110016 8192 2926.111 2928.019 3051.043 590.78228133789 615.604661035328 616.0060722235075 73.84778516723625 76.950582629416 77.00075902793844
 120960 8192 3222.942 3363.132 3481.15 569.2971115866883 589.2747117865133 614.9067032543558 71.16213894833604 73.65933897331416 76.86333790679447
 133056 4096 1781.94 1782.894 2135.992 510.2990797718343 611.3626227919327 611.6899289538368 63.787384971479284 76.42032784899159 76.4612411192296
 146304 4096 1963.854 2039.909 2080.917 575.9587566443063 587.5371734719539 610.29097275052 71.99484458053828 73.44214668399424 76.286371593815
 160896 4096 2155.066 2172.947 2438.068 540.6165997010747 606.5771654807963 611.6100537060119 67.57707496263434 75.82214568509954 76.45125671325148
 176960 4096 2372.026 2378.941 2439.022 594.3596736724803 609.3704383589169 611.1468929935845 74.29495920906004 76.17130479486461 76.39336162419806
 194624 4096 2603.054 2604.008 2732.038 583.5789282579525 612.2714707481698 612.4958637047099 72.94736603224406 76.53393384352123 76.56198296308874
 214080 4096 2868.891 2871.037 2923.965 599.7826102569627 610.8396931143695 611.2966160094614 74.97282628212034 76.35496163929619 76.41207700118268
 235456 4096 3146.887 3147.125 3148.079 612.7087509557415 612.8944836954363 612.9408370875725 76.58859386946769 76.61181046192954 76.61760463594656
 258944 4096 3530.979 3532.171 3533.84 600.2731442283747 600.5567816507186 600.7595196686245 75.03414302854684 75.06959770633982 75.09493995857807
 284800 2048 1912.117 1912.117 1914.024 609.470309672188 610.078148983561 610.078148983561 76.1837887090235 76.25976862294513 76.25976862294513
 313280 2048 2099.037 2099.991 2100.945 610.7703343019449 611.0477997286655 611.3255173682027 76.34629178774311 76.38097496608319 76.41568967102533
 344576 2048 2317.905 2321.005 2324.104 607.2806105062424 608.091450039961 608.9047204264194 75.9100763132803 76.01143125499513 76.11309005330243
 379008 2048 2542.019 2542.973 2542.973 610.4731619250382 610.4731619250382 610.7022677643243 76.30914524062977 76.30914524062977 76.33778347054054
 416896 2048 2798.08 2800.941 2804.041 608.9804022123784 609.6544040020835 610.2777676120768 76.1225502765473 76.20680050026044 76.2847209515096
 458560 2048 3082.991 3083.944 3087.997 608.2459795135811 609.0453523150875 609.2336176135448 76.03074743919764 76.13066903938594 76.1542022016931
 504384 2048 3392.22 3392.935 3393.173 608.8569206462506 608.8996293769259 609.0279710631976 76.10711508078133 76.11245367211573 76.1284963828997
 554816 1024 1862.049 1863.003 1865.864 608.9742703648283 609.9094676712813 610.2219479723681 76.12178379560353 76.23868345891016 76.27774349654601
 610240 1024 2050.877 2052.784 2056.122 607.8294575905516 608.817839577861 609.3839464775313 75.97868219881894 76.10222994723263 76.1729933096914
 671232 1024 2259.016 2261.877 2265.93 606.6750235002847 607.762109080202 608.5318280171543 75.83437793753559 75.97026363502525 76.06647850214429
 738304 1024 2480.984 2483.13 2492.905 606.5399973123724 608.9276807899706 609.4543906772474 75.81749966404655 76.11596009874633 76.18179883465592
 812096 1024 2732.038 2737.045 2743.959 606.1215229527846 607.6526355978801 608.7662792391613 75.76519036909808 75.95657944973502 76.09578490489517
 893248 1024 3001.213 3004.074 3010.035 607.7576852096405 608.9636620136521 609.5441756383168 75.96971065120506 76.12045775170651 76.1930219547896
 982528 1024 3303.051 3304.958 3308.058 608.2775283867454 608.8480833947058 609.1995987951746 76.03469104834318 76.10601042433822 76.14994984939682
 1080768 512 1816.988 1818.895 1820.803 607.8122850193018 608.4498731372619 609.0884650861756 75.97653562741273 76.05623414215773 76.13605813577195
 1188800 512 1996.04 2000.093 2003.193 607.6954142711162 608.637298365626 609.8731488346926 75.96192678388952 76.07966229570324 76.23414360433658
 1307648 512 2195.835 2202.988 2203.941 607.5623403711807 607.8251683622426 609.805177529277 75.94529254639758 75.97814604528033 76.22564719115962
 1438400 512 2415.895 2418.041 2422.094 608.1190903408373 609.138389299437 609.6794769640237 76.01488629260466 76.14229866242962 76.20993462050296
 1582208 512 2662.182 2672.911 2707.005 598.5142221754301 606.1484995198119 608.5913705374013 74.81427777192876 75.76856243997649 76.07392131717516
 1740416 512 2923.965 2924.919 2931.833 607.8743175344571 609.3112267382447 609.5100262828043 75.98428969180713 76.16390334228059 76.18875328535054
 1914432 512 3215.075 3219.128 3226.042 607.67292180325 608.9780735652636 609.7457658063964 75.95911522540625 76.12225919565795 76.21822072579955
 2105856 256 1771.927 1773.119 1775.98 607.1004583384948 608.0800397491653 608.4891036707495 75.88755729231185 76.01000496864566 76.06113795884369
 2316416 256 1943.827 1951.933 1954.079 606.9380982038085 607.6053798977731 610.1391697923735 75.86726227547607 75.95067248722164 76.26739622404669
 2548032 256 2145.052 2147.913 2152.92 605.9641714508667 607.3767345325439 608.1868336991364 75.74552143135834 75.92209181656798 76.02335421239205
 2802816 256 2362.967 2382.04 2398.014 598.4292802293899 602.4423569713356 607.3050499647265 74.80366002867373 75.30529462141695 75.91313124559082
 3083072 256 2598.047 2618.074 2635.956 598.8464390149153 602.9366870455151 607.5844139848125 74.85580487686441 75.36708588068939 75.94805174810156
 3391360 256 2865.076 2882.004 2887.011 601.444303468189 602.4892123675054 606.0489564674724 75.18053793352362 75.31115154593817 75.75611955843405
 3730496 256 3147.125 3180.981 3201.962 596.5136225851525 600.4480856691692 606.9075591214203 74.56420282314406 75.05601070864616 75.86344489017753
 4103488 256 3464.937 3504.038 3527.88 595.5377892672086 599.5899176892488 606.3561490439797 74.44222365840108 74.9487397111561 75.79451863049746
 4513792 128 1915.932 1932.859 1934.052 597.4662273816837 597.8349957239509 603.1167870258444 74.68327842271046 74.72937446549386 75.38959837823054
 4965120 128 2108.812 2125.025 2130.985 596.4709840754392 598.1438900718815 602.742548885344 74.5588730094299 74.76798625898519 75.342818610668
 5461632 128 2318.859 2333.164 2336.025 598.5286082126689 599.2625430531243 602.959383041401 74.81607602658362 74.90781788164054 75.36992288017512
 6007744 128 2560.854 2572.06 2573.967 597.51444521239 597.9574597793207 600.5740522497573 74.68930565154875 74.74468247241509 75.07175653121966
 6608512 128 2809.048 2821.922 2822.161 599.462281563667 599.5130524514852 602.2606491594306 74.93278519545838 74.93913155643565 75.28258114492883
 7269312 128 3098.965 3100.872 3101.11 600.0896040450032 600.1356624846172 600.5049660128462 75.0112005056254 75.01695781057715 75.06312075160578
 7996224 128 3395.081 3397.942 3403.187 601.5048082870557 602.4332799088389 602.9409442661308 75.18810103588196 75.30415998860487 75.36761803326635
 8795840 64 1869.917 1873.016 1876.116 600.1054945429813 601.0987199255104 602.0949165123371 75.01318681787266 75.1373399906888 75.26186456404214
 9675392 64 2054.214 2055.883 2062.798 600.3739464552516 602.3933151837922 602.8827454199027 75.04674330690645 75.29916439797402 75.36034317748783
 10642880 64 2254.963 2266.169 2269.03 600.383705812616 601.1416800776996 604.1290433590264 75.047963226577 75.14271000971245 75.5161304198783
 11707136 64 2490.997 2491.951 2593.04 577.8983000647888 601.3414421070077 601.5717433621959 72.2372875080986 75.16768026337596 75.19646792027449
 12877824 64 2732.992 2743.959 2815.008 585.5619138560174 600.7237979867775 603.1343933681474 73.19523923200218 75.09047474834719 75.39179917101842
 14165568 64 3006.935 3011.942 3015.995 601.1922115255496 602.0012018823735 603.0036246210842 75.1490264406937 75.25015023529669 75.37545307763553
 15582080 64 3301.859 3309.011 3326.893 599.5101856296551 602.7499576157347 604.0555456789644 74.93877320370689 75.34374470196684 75.50694320987056
 17140288 32 1832.962 1836.061 1836.061 597.4629557514702 597.4629557514702 598.4730900040481 74.68286946893377 74.68286946893377 74.80913625050601
 18854272 32 2022.028 2022.982 2027.035 595.2898731398323 596.4825233244784 596.7639458998589 74.41123414247903 74.5603154155598 74.59549323748236
 20739648 32 2214.193 2221.107 2225.161 596.5130037781535 597.6017688476962 599.4678295884776 74.56412547226918 74.70022110596203 74.9334786985597
 22813568 32 2426.147 2428.055 2428.055 601.3324871141717 601.3324871141717 601.8053943145242 75.16656088927147 75.16656088927147 75.22567428931552
 25094912 32 2676.964 2678.871 2773.046 579.1733595475878 599.534045499018 599.9611380653606 72.39666994344847 74.94175568737725 74.99514225817008
 27604352 32 2942.801 2943.039 2943.039 600.2905595202782 600.2905595202782 600.3391082169674 75.03631994003477 75.03631994003477 75.04238852712092
 30364736 32 3235.102 3237.009 3241.062 599.6007185299139 600.3514676666022 600.705357667239 74.95008981623924 75.04393345832527 75.08816970840488
 33401152 32 3558.874 3574.848 3581.047 596.9409862534617 597.9761175859786 600.6601323901887 74.61762328168271 74.74701469824733 75.08251654877358
 36741248 16 2130.985 2146.006 2146.959 547.6210472580053 547.8642352351299 551.7260496906359 68.45263090725066 68.48302940439123 68.96575621132949
 40415360 16 2317.905 2327.204 2331.018 554.8183325911682 555.727611331022 557.9570862481421 69.35229157389603 69.46595141637775 69.74463578101776
 44456896 16 2563.953 2578.974 2607.107 545.6702283412227 551.6227274877529 554.8544267387117 68.20877854265284 68.9528409359691 69.35680334233896
 48902528 16 2838.135 2845.049 2871.037 545.0577251355521 550.0365357503508 551.3764835006086 68.13221564194401 68.75456696879385 68.92206043757608
 53792768 16 3143.072 3147.125 3172.874 542.5266102593422 546.9654290820987 547.6707425092393 67.81582628241777 68.37067863526234 68.45884281365491
 59172032 16 3484.964 3521.919 3594.875 526.723467158107 537.634461212765 543.335605188461 65.84043339476338 67.20430765159563 67.91695064855763
 65089216 16 3854.036 3968.954 4280.09 486.63811088084594 524.7868612233854 540.4347317980424 60.82976386010574 65.59835765292317 67.5543414747553
 71598080 8 2645.016 2991.915 3308.058 346.2966126954243 382.8883106639059 433.1048583449022 43.28707658692804 47.861038832988235 54.138107293112775
 78757888 8 2829.075 2999.067 3000.021 420.03912905942985 420.1727430564239 445.41986621068725 52.50489113242873 52.521592882052985 55.677483276335906
 86633664 8 3104.925 3175.974 3464.937 400.04728051332535 436.44520515596156 446.43224039228 50.00591006416567 54.555650644495195 55.804030049035
 95297024 8 3885.984 4086.971 4106.045 371.3433203971218 373.07638933576965 392.37227533618255 46.41791504964022 46.634548666971206 49.04653441702282
 104826688 8 3882.17 4992.008 5183.935 323.5432172664202 335.98243592558345 432.033375148435 40.44290215830252 41.99780449069793 54.00417189355438
 115309312 8 4276.037 4392.862 4645.109 397.18099015545164 419.9879240458726 431.46235451189966 49.647623769431455 52.498490505734075 53.93279431398746
 126840192 8 5936.861 6231.07 6423.95 315.918254656403 325.6973636951599 341.83772737815485 39.489781832050376 40.712170461894985 42.72971592226936
 139524160 4 3701.925 3942.966 4137.039 269.8048725187266 283.08468295186924 301.51698913403163 33.725609064840825 35.385585368983655 37.689623641753954
 153476544 4 3760.099 3762.96 4332.066 283.4242026783525 326.28897251100193 326.5372406418022 35.428025334794064 40.78612156387524 40.81715508022528
 168824192 4 4565.954 4720.926 4773.855 282.9146540898289 286.08657199879855 295.7965708809156 35.36433176122861 35.76082149984982 36.97457136011445
 185706560 4 6135.941 6371.975 6381.035 232.82312038720988 233.15416020935422 242.1230060719293 29.102890048401235 29.144270026169277 30.265375758991162
 204277184 4 7581.949 7859.945 7884.979 207.2570481164249 207.91716379694768 215.54055190822308 25.907131014553112 25.98964547461846 26.942568988527885
 224704896 4 7409.096 8032.084 8193.016 219.41116287335458 223.80731675614945 242.62597866190424 27.426395359169323 27.97591459451868 30.32824733273803
 247175360 4 7940.054 8507.013 8679.152 227.83365010775245 232.44385308921002 249.0414901460368 28.479206263469056 29.055481636151253 31.1301862682546
 271892864 2 6145.954 6201.029 6267.071 173.5374397385956 175.38564260867028 176.9573049196268 21.69217996732445 21.923205326083785 22.11966311495335
 299082112 2 6195.068 6377.935 6742.001 177.44412200472829 187.57300725077945 193.10981703509952 22.180515250591036 23.446625906347432 24.13872712938744
 328990272 2 5640.03 5725.861 5874.872 223.99825698330105 229.8276343068754 233.32519295110131 27.99978212291263 28.728454288359426 29.165649118887664
 361889280 2 5980.968 6053.925 6206.989 233.21406240610384 239.1105142531498 242.0272303747487 29.15175780076298 29.888814281643725 30.25340379684359
 398078208 2 7205.963 7217.884 7220.03 220.54102711484578 220.6065977231 220.97155258776652 27.567628389355722 27.5758247153875 27.621444073470816
 437886016 2 7712.126 7712.841 7886.887 222.08306826254767 227.094538056729 227.1155922504378 27.76038353281846 28.386817257091124 28.389449031304725
 481674560 2 9581.804 9632.826 10056.973 191.57834469675913 200.013811107976 201.07886155884634 23.94729308709489 25.001726388497 25.134857694855793
 529841984 2 10804.176 10882.854 11116.028 190.65874393263493 194.7437626196217 196.16192257512284 23.832342991579367 24.34297032745271 24.520240321890356
 582826176 1 5894.899 5905.151 6019.115 193.65842852313008 197.3958586325735 197.73915583625774 24.20730356539126 24.674482329071687 24.717394479532217
 641108736 1 6525.04 6566.048 6620.169 193.68349539112975 195.27994190721725 196.50722018562337 24.21043692389122 24.409992738402156 24.56340252320292
 705219584 1 7276.058 7291.079 7310.867 192.92365296756182 193.44724806849575 193.84660869938088 24.115456620945228 24.18090600856197 24.23082608742261
 775741504 1 8131.027 8144.14 8156.061 190.22454687379118 190.50298840638789 190.81021474901016 23.778068359223898 23.812873550798486 23.85127684362627
 853315648 1 9055.138 9084.94 9094.954 187.64595137039726 187.85278669974707 188.47104218621516 23.455743921299657 23.481598337468384 23.558880273276895
 938647168 1 10143.995 10157.108 10159.016 184.79096164431675 184.82567439471944 185.06459595060917 23.098870205539594 23.10320929933993 23.133074493826147
 1032511872 1 11254.072 11289.12 11291.981 182.87524075713551 182.9215868021599 183.491250455835 22.85940509464194 22.86519835026999 22.936406306979375
 
META_DATA
 FLOPS          2
 MPI_PROCS      4
 OPENMP_THREADS 2
 ERT_VERSION  1.1.0
 HOSTNAME  ('c3cpu-a7-u1-3.rc.int.colorado.edu', [], ['10.225.64.156'])
 UNAME  uname_result(system='Linux', node='c3cpu-a7-u1-3.rc.int.colorado.edu', release='4.18.0-305.34.2.el8_4.x86_64', version='#1 SMP Mon Jan 17 09:42:23 EST 2022', machine='x86_64', processor='x86_64')
 TIMESTAMP_DATA  1728533330.7004788
 CONFIG  {'nux': ['workstation,', 'MPI', 'and', 'OpenMP', '(8-core', 'Intel', 'Xeon', 'CPU', 'E5530,', '2.40', 'GHz)'], 'ERT_RESULTS': ['Results.alpine'], 'ERT_DRIVER': ['driver1'], 'ERT_KERNEL': ['kernel1'], 'ERT_MPI': ['True'], 'ERT_MPI_CFLAGS': ['-I/usr/include/mpi'], 'ERT_MPI_LDFLAGS': ['-lmpi'], 'ERT_OPENMP': ['True'], 'ERT_OPENMP_CFLAGS': ['-qopenmp'], 'ERT_OPENMP_LDFLAGS': ['-qopenmp'], 'ERT_FLOPS': ['1,2,4,8,16'], 'ERT_ALIGN': ['32'], 'ERT_CC': ['icpc'], 'ERT_CFLAGS': ['-O3', '-fno-alias', '-fno-fnalias', '-DERT_INTEL'], 'ERT_LD': ['icpc'], 'ERT_LDFLAGS': [], 'ERT_LDLIBS': [], 'ERT_PRECISION': ['FP64'], 'ERT_RUN': ['export', 'OMP_NUM_THREADS=ERT_OPENMP_THREADS;', 'mpirun', '-np', 'ERT_MPI_PROCS', 'ERT_CODE'], 'ERT_PROCS_THREADS': ['1-8'], 'ERT_MPI_PROCS': ['1,2,4,8'], 'ERT_OPENMP_THREADS': ['1,2,4,8'], 'ERT_NUM_EXPERIMENTS': ['3'], 'ERT_MEMORY_MAX': ['1073741824'], 'ERT_WORKING_SET_MIN': ['1'], 'ERT_TRIALS_MIN': ['1'], 'ERT_GNUPLOT': ['gnuplot'], 'ERT_GPU': [False], 'ERT_HIP': [False], 'ERT_OCL': [False], 'ERT_SYCL': [False], 'ERT_WSS_MULT': [1.1]}
 TIMESTAMP_DATA  1728533335.0053337
 TIMESTAMP_DATA  1728533339.327928
 