fp64
 8 134217728 608319.998 608319.998 608319.998 3.5301874918798903 3.5301874918798903 3.5301874918798903 0.8825468729699726 0.8825468729699726 0.8825468729699726
 16 67108864 320568.085 320568.085 320568.085 6.698993906395891 6.698993906395891 6.698993906395891 1.6747484765989729 1.6747484765989729 1.6747484765989729
 24 33554432 160383.224 160383.224 160383.224 10.042276840625178 10.042276840625178 10.042276840625178 2.5105692101562944 2.5105692101562944 2.5105692101562944
 32 33554432 160531.998 160531.998 160531.998 13.377293466440257 13.377293466440257 13.377293466440257 3.3443233666100642 3.3443233666100642 3.3443233666100642
 40 16777216 80891.132 80891.132 80891.132 16.592390869248806 16.592390869248806 16.592390869248806 4.148097717312202 4.148097717312202 4.148097717312202
 48 16777216 80882.072 80882.072 80882.072 19.913099357790934 19.913099357790934 19.913099357790934 4.978274839447733 4.978274839447733 4.978274839447733
 56 16777216 80978.87 80978.87 80978.87 23.204178966686 23.204178966686 23.204178966686 5.8010447416715 5.8010447416715 5.8010447416715
 64 16777216 81290.96 81290.96 81290.96 26.41725042981409 26.41725042981409 26.41725042981409 6.604312607453522 6.604312607453522 6.604312607453522
 72 8388608 40129.9 40129.9 40129.9 30.10123503921016 30.10123503921016 30.10123503921016 7.52530875980254 7.52530875980254 7.52530875980254
 80 8388608 51867.008 51867.008 51867.008 25.877283686770596 25.877283686770596 25.877283686770596 6.469320921692649 6.469320921692649 6.469320921692649
 88 8388608 50307.989 50307.989 50307.989 29.347128306003242 29.347128306003242 29.347128306003242 7.3367820765008105 7.3367820765008105 7.3367820765008105
 96 8388608 41344.881 41344.881 41344.881 38.955553796369614 38.955553796369614 38.955553796369614 9.738888449092403 9.738888449092403 9.738888449092403
 104 8388608 40589.094 40589.094 40589.094 42.98766717976016 42.98766717976016 42.98766717976016 10.74691679494004 10.74691679494004 10.74691679494004
 112 8388608 41922.092 41922.092 41922.092 44.82238605840568 44.82238605840568 44.82238605840568 11.20559651460142 11.20559651460142 11.20559651460142
 120 8388608 42271.852 42271.852 42271.852 47.62663154668501 47.62663154668501 47.62663154668501 11.906657886671253 11.906657886671253 11.906657886671253
 128 8388608 43634.892 43634.892 43634.892 49.214826703363904 49.214826703363904 49.214826703363904 12.303706675840976 12.303706675840976 12.303706675840976
 136 4194304 21737.099 21737.099 21737.099 52.48403607123471 52.48403607123471 52.48403607123471 13.121009017808678 13.121009017808678 13.121009017808678
 144 4194304 21865.129 21865.129 21865.129 55.245937583995044 55.245937583995044 55.245937583995044 13.811484395998761 13.811484395998761 13.811484395998761
 152 4194304 21993.876 21993.876 21993.876 57.973793068579646 57.973793068579646 57.973793068579646 14.493448267144911 14.493448267144911 14.493448267144911
 160 4194304 22033.93 22033.93 22033.93 60.91411200816196 60.91411200816196 60.91411200816196 15.22852800204049 15.22852800204049 15.22852800204049
 176 4194304 22426.128 22426.128 22426.128 65.83370111862378 65.83370111862378 65.83370111862378 16.458425279655945 16.458425279655945 16.458425279655945
 192 4194304 24258.852 24258.852 24258.852 66.3927846214652 66.3927846214652 66.3927846214652 16.5981961553663 16.5981961553663 16.5981961553663
 208 4194304 27697.086 27697.086 27697.086 62.99689664104015 62.99689664104015 62.99689664104015 15.749224160260038 15.749224160260038 15.749224160260038
 224 4194304 28455.973 28455.973 28455.973 66.03352456090677 66.03352456090677 66.03352456090677 16.508381140226692 16.508381140226692 16.508381140226692
 240 4194304 30637.026 30637.026 30637.026 65.71349059794511 65.71349059794511 65.71349059794511 16.428372649486278 16.428372649486278 16.428372649486278
 264 2097152 15294.075 15294.075 15294.075 72.40034170095281 72.40034170095281 72.40034170095281 18.100085425238202 18.100085425238202 18.100085425238202
 288 2097152 15815.973 15815.973 15815.973 76.37592401049243 76.37592401049243 76.37592401049243 19.093981002623106 19.093981002623106 19.093981002623106
 312 2097152 17925.978 17925.978 17925.978 73.00147573538247 73.00147573538247 73.00147573538247 18.250368933845618 18.250368933845618 18.250368933845618
 336 2097152 18986.94 18986.94 18986.94 74.2239741632933 74.2239741632933 74.2239741632933 18.555993540823327 18.555993540823327 18.555993540823327
 368 2097152 21085.024 21085.024 21085.024 73.20379962574384 73.20379962574384 73.20379962574384 18.30094990643596 18.30094990643596 18.30094990643596
 400 2097152 25388.956 25388.956 25388.956 66.08076362021346 66.08076362021346 66.08076362021346 16.520190905053365 16.520190905053365 16.520190905053365
 440 2097152 24249.077 24249.077 24249.077 76.10573218931178 76.10573218931178 76.10573218931178 19.026433047327945 19.026433047327945 19.026433047327945
 480 2097152 26356.936 26356.936 26356.936 76.3846723306533 76.3846723306533 76.3846723306533 19.096168082663326 19.096168082663326 19.096168082663326
 528 1048576 13705.015 13705.015 13705.015 80.79496855713036 80.79496855713036 80.79496855713036 20.19874213928259 20.19874213928259 20.19874213928259
 576 1048576 15023.947 15023.947 15023.947 80.40227724445514 80.40227724445514 80.40227724445514 20.100569311113784 20.100569311113784 20.100569311113784
 632 1048576 17146.111 17146.111 17146.111 77.30033148624781 77.30033148624781 77.30033148624781 19.325082871561953 19.325082871561953 19.325082871561953
 688 1048576 17674.923 17674.923 17674.923 81.63207138158396 81.63207138158396 81.63207138158396 20.40801784539599 20.40801784539599 20.40801784539599
 752 1048576 19786.119 19786.119 19786.119 79.70528753011139 79.70528753011139 79.70528753011139 19.926321882527848 19.926321882527848 19.926321882527848
 824 1048576 21088.123 21088.123 21088.123 81.94438395489252 81.94438395489252 81.94438395489252 20.48609598872313 20.48609598872313 20.48609598872313
 904 1048576 22650.003 22650.003 22650.003 83.70088992924195 83.70088992924195 83.70088992924195 20.925222482310488 20.925222482310488 20.925222482310488
 992 1048576 25310.04 25310.04 25310.04 82.19563398556461 82.19563398556461 82.19563398556461 20.548908496391153 20.548908496391153 20.548908496391153
 1088 524288 13577.938 13577.938 13577.938 84.02238160168356 84.02238160168356 84.02238160168356 21.00559540042089 21.00559540042089 21.00559540042089
 1192 524288 14902.115 14902.115 14902.115 83.87417437055075 83.87417437055075 83.87417437055075 20.968543592637687 20.968543592637687 20.968543592637687
 1304 524288 16089.916 16089.916 16089.916 84.98136994624458 84.98136994624458 84.98136994624458 21.245342486561146 21.245342486561146 21.245342486561146
 1432 524288 17667.055 17667.055 17667.055 84.9921411350109 84.9921411350109 84.9921411350109 21.248035283752724 21.248035283752724 21.248035283752724
 1568 524288 19106.865 19106.865 19106.865 86.05112183500538 86.05112183500538 86.05112183500538 21.512780458751344 21.512780458751344 21.512780458751344
 1720 524288 21231.89 21231.89 21231.89 84.945368499931 84.945368499931 84.945368499931 21.23634212498275 21.23634212498275 21.23634212498275
 1888 524288 23233.891 23233.891 23233.891 85.2079183809548 85.2079183809548 85.2079183809548 21.3019795952387 21.3019795952387 21.3019795952387
 2072 262144 12582.064 12582.064 12582.064 86.33915198651032 86.33915198651032 86.33915198651032 21.58478799662758 21.58478799662758 21.58478799662758
 2272 262144 13894.796 13894.796 13894.796 85.72866676128243 85.72866676128243 85.72866676128243 21.432166690320607 21.432166690320607 21.432166690320607
 2496 262144 15164.137 15164.137 15164.137 86.29721876028948 86.29721876028948 86.29721876028948 21.57430469007237 21.57430469007237 21.57430469007237
 2744 262144 16669.989 16669.989 16669.989 86.30157296444524 86.30157296444524 86.30157296444524 21.57539324111131 21.57539324111131 21.57539324111131
 3016 262144 18334.866 18334.866 18334.866 86.24293234540137 86.24293234540137 86.24293234540137 21.560733086350343 21.560733086350343 21.560733086350343
 3312 262144 20111.799 20111.799 20111.799 86.33945953815468 86.33945953815468 86.33945953815468 21.58486488453867 21.58486488453867 21.58486488453867
 3640 262144 21997.929 21997.929 21997.929 86.75399943331028 86.75399943331028 86.75399943331028 21.68849985832757 21.68849985832757 21.68849985832757
 4000 262144 23984.909 23984.909 23984.909 87.43631255803389 87.43631255803389 87.43631255803389 21.859078139508473 21.859078139508473 21.859078139508473
 4400 131072 13180.971 13180.971 13180.971 87.5074833257732 87.5074833257732 87.5074833257732 21.8768708314433 21.8768708314433 21.8768708314433
 4840 131072 14606.953 14606.953 14606.953 86.86116536419335 86.86116536419335 86.86116536419335 21.71529134104834 21.71529134104834 21.71529134104834
 5320 131072 15993.118 15993.118 15993.118 87.20038706648697 87.20038706648697 87.20038706648697 21.800096766621742 21.800096766621742 21.800096766621742
 5848 131072 17587.9 17587.9 17587.9 87.16322653642561 87.16322653642561 87.16322653642561 21.790806634106403 21.790806634106403 21.790806634106403
 6432 131072 19179.106 19179.106 19179.106 87.91391048154173 87.91391048154173 87.91391048154173 21.978477620385434 21.978477620385434 21.978477620385434
 7072 131072 21121.025 21121.025 21121.025 87.77426133438126 87.77426133438126 87.77426133438126 21.943565333595316 21.943565333595316 21.943565333595316
 7776 131072 23240.089 23240.089 23240.089 87.71187339256747 87.71187339256747 87.71187339256747 21.927968348141867 21.927968348141867 21.927968348141867
 8552 65536 12792.826 12792.826 12792.826 87.62158916255096 87.62158916255096 87.62158916255096 21.90539729063774 21.90539729063774 21.90539729063774
 9400 65536 14019.012 14019.012 14019.012 87.88613634113445 87.88613634113445 87.88613634113445 21.97153408528361 21.97153408528361 21.97153408528361
 10336 65536 15403.032 15403.032 15403.032 87.95412435681496 87.95412435681496 87.95412435681496 21.98853108920374 21.98853108920374 21.98853108920374
 11368 65536 16944.885 16944.885 16944.885 87.93370365157392 87.93370365157392 87.93370365157392 21.98342591289348 21.98342591289348 21.98342591289348
 12504 65536 18658.161 18658.161 18658.161 87.83954045631828 87.83954045631828 87.83954045631828 21.95988511407957 21.95988511407957 21.95988511407957
 13752 65536 20449.877 20449.877 20449.877 88.1424442797382 88.1424442797382 88.1424442797382 22.03561106993455 22.03561106993455 22.03561106993455
 15120 65536 22464.991 22464.991 22464.991 88.21764673753931 88.21764673753931 88.21764673753931 22.054411684384828 22.054411684384828 22.054411684384828
 16632 32768 12534.857 12534.857 12534.857 86.95709508293552 86.95709508293552 86.95709508293552 21.73927377073388 21.73927377073388 21.73927377073388
 18288 32768 13771.057 13771.057 13771.057 87.03198076952262 87.03198076952262 87.03198076952262 21.757995192380655 21.757995192380655 21.757995192380655
 20112 32768 15089.035 15089.035 15089.035 87.35217540419251 87.35217540419251 87.35217540419251 21.838043851048127 21.838043851048127 21.838043851048127
 22120 32768 16594.172 16594.172 16594.172 87.35936448049354 87.35936448049354 87.35936448049354 21.839841120123385 21.839841120123385 21.839841120123385
 24328 32768 18208.981 18208.981 18208.981 87.55898026364024 87.55898026364024 87.55898026364024 21.88974506591006 21.88974506591006 21.88974506591006
 26760 32768 20001.888 20001.888 20001.888 87.67889111267897 87.67889111267897 87.67889111267897 21.919722778169742 21.919722778169742 21.919722778169742
 29432 32768 22037.983 22037.983 22037.983 87.52414193258974 87.52414193258974 87.52414193258974 21.881035483147436 21.881035483147436 21.881035483147436
 32368 32768 24200.201 24200.201 24200.201 87.65502600577572 87.65502600577572 87.65502600577572 21.91375650144393 21.91375650144393 21.91375650144393
 35600 16384 13583.899 13583.899 13583.899 85.87672802926464 85.87672802926464 85.87672802926464 21.46918200731616 21.46918200731616 21.46918200731616
 39160 16384 14956.951 14956.951 14956.951 85.79254421572952 85.79254421572952 85.79254421572952 21.44813605393238 21.44813605393238 21.44813605393238
 43072 16384 16798.973 16798.973 16798.973 84.01604645712567 84.01604645712567 84.01604645712567 21.004011614281417 21.004011614281417 21.004011614281417
 47376 16384 18463.135 18463.135 18463.135 84.08197026128012 84.08197026128012 84.08197026128012 21.02049256532003 21.02049256532003 21.02049256532003
 52112 16384 20332.813 20332.813 20332.813 83.98277287063036 83.98277287063036 83.98277287063036 20.99569321765759 20.99569321765759 20.99569321765759
 57320 16384 22378.922 22378.922 22378.922 83.92994801090062 83.92994801090062 83.92994801090062 20.982487002725154 20.982487002725154 20.982487002725154
 63048 16384 24617.91 24617.91 24617.91 83.92088784141302 83.92088784141302 83.92088784141302 20.980221960353255 20.980221960353255 20.980221960353255
 69352 8192 13540.983 13540.983 13540.983 83.91290115348346 83.91290115348346 83.91290115348346 20.978225288370865 20.978225288370865 20.978225288370865
 76280 8192 14895.916 14895.916 14895.916 83.90027978138437 83.90027978138437 83.90027978138437 20.975069945346092 20.975069945346092 20.975069945346092
 83904 8192 16361.952 16361.952 16361.952 84.01706202291757 84.01706202291757 84.01706202291757 21.004265505729393 21.004265505729393 21.004265505729393
 92288 8192 17963.171 17963.171 17963.171 84.17481479188724 84.17481479188724 84.17481479188724 21.04370369797181 21.04370369797181 21.04370369797181
 101512 8192 19778.967 19778.967 19778.967 84.08794089195861 84.08794089195861 84.08794089195861 21.021985222989652 21.021985222989652 21.021985222989652
 111656 8192 21753.073 21753.073 21753.073 84.09717119047961 84.09717119047961 84.09717119047961 21.024292797619903 21.024292797619903 21.024292797619903
 122816 8192 23637.056 23637.056 23637.056 85.12977859848537 85.12977859848537 85.12977859848537 21.282444649621343 21.282444649621343 21.282444649621343
 135096 4096 12891.054 12891.054 12891.054 85.85073276397725 85.85073276397725 85.85073276397725 21.462683190994312 21.462683190994312 21.462683190994312
 148600 4096 14031.172 14031.172 14031.172 86.75905334208719 86.75905334208719 86.75905334208719 21.689763335521796 21.689763335521796 21.689763335521796
 163456 4096 15493.155 15493.155 15493.155 86.42729979787848 86.42729979787848 86.42729979787848 21.60682494946962 21.60682494946962 21.60682494946962
 179800 4096 17138.958 17138.958 17138.958 85.93997371368785 85.93997371368785 85.93997371368785 21.484993428421962 21.484993428421962 21.484993428421962
 197776 4096 19016.027 19016.027 19016.027 85.20081466018114 85.20081466018114 85.20081466018114 21.300203665045284 21.300203665045284 21.300203665045284
 217552 4096 20877.838 20877.838 20877.838 85.36257365345972 85.36257365345972 85.36257365345972 21.34064341336493 21.34064341336493 21.34064341336493
 239304 4096 22951.126 22951.126 22951.126 85.41534598346068 85.41534598346068 85.41534598346068 21.35383649586517 21.35383649586517 21.35383649586517
 263232 2048 12734.89 12734.89 12734.89 84.66490656770496 84.66490656770496 84.66490656770496 21.16622664192624 21.16622664192624 21.16622664192624
 289552 2048 14003.038 14003.038 14003.038 84.69626319660061 84.69626319660061 84.69626319660061 21.174065799150153 21.174065799150153 21.174065799150153
 318504 2048 15401.125 15401.125 15401.125 84.70760311340892 84.70760311340892 84.70760311340892 21.17690077835223 21.17690077835223 21.17690077835223
 350352 2048 17416.0 17416.0 17416.0 82.39789802480477 82.39789802480477 82.39789802480477 20.599474506201194 20.599474506201194 20.599474506201194
 385384 2048 19186.02 19186.02 19186.02 82.27515993416038 82.27515993416038 82.27515993416038 20.568789983540096 20.568789983540096 20.568789983540096
 423920 2048 20444.87 20444.87 20444.87 84.92968260497621 84.92968260497621 84.92968260497621 21.232420651244052 21.232420651244052 21.232420651244052
 466312 2048 22506.952 22506.952 22506.952 84.86328810760337 84.86328810760337 84.86328810760337 21.21582202690084 21.21582202690084 21.21582202690084
 512936 2048 24789.095 24789.095 24789.095 84.75443964372236 84.75443964372236 84.75443964372236 21.18860991093059 21.18860991093059 21.18860991093059
 564224 1024 13662.1 13662.1 13662.1 84.57929249529721 84.57929249529721 84.57929249529721 21.144823123824303 21.144823123824303 21.144823123824303
 620640 1024 14988.899 14988.899 14988.899 84.80080625001209 84.80080625001209 84.80080625001209 21.200201562503022 21.200201562503022 21.200201562503022
 682704 1024 16516.924 16516.924 16516.924 84.65122149862772 84.65122149862772 84.65122149862772 21.16280537465693 21.16280537465693 21.16280537465693
 750968 1024 18151.045 18151.045 18151.045 84.73244730537554 84.73244730537554 84.73244730537554 21.183111826343886 21.183111826343886 21.183111826343886
 826064 1024 19968.033 19968.033 19968.033 84.72437280126691 84.72437280126691 84.72437280126691 21.181093200316727 21.181093200316727 21.181093200316727
 908664 1024 21961.927 21961.927 21961.927 84.73499943789086 84.73499943789086 84.73499943789086 21.183749859472716 21.183749859472716 21.183749859472716
 999528 1024 24151.087 24151.087 24151.087 84.75947041224273 84.75947041224273 84.75947041224273 21.189867603060684 21.189867603060684 21.189867603060684
 1099480 512 13304.949 13304.949 13304.949 84.62020560920601 84.62020560920601 84.62020560920601 21.155051402301503 21.155051402301503 21.155051402301503
 1209424 512 14575.005 14575.005 14575.005 84.97082340623554 84.97082340623554 84.97082340623554 21.242705851558885 21.242705851558885 21.242705851558885
 1330360 512 16076.088 16076.088 16076.088 84.74005865108478 84.74005865108478 84.74005865108478 21.185014662771195 21.185014662771195 21.185014662771195
 1463392 512 17697.096 17697.096 17697.096 84.67566701339021 84.67566701339021 84.67566701339021 21.168916753347553 21.168916753347553 21.168916753347553
 1609728 512 19479.99 19479.99 19479.99 84.61818881837208 84.61818881837208 84.61818881837208 21.15454720459302 21.15454720459302 21.15454720459302
 1770696 512 21396.875 21396.875 21396.875 84.74100559076969 84.74100559076969 84.74100559076969 21.185251397692422 21.185251397692422 21.185251397692422
 1947760 512 23546.934 23546.934 23546.934 84.70343697400264 84.70343697400264 84.70343697400264 21.17585924350066 21.17585924350066 21.17585924350066
 2142536 256 12937.069 12937.069 12937.069 84.79342824870147 84.79342824870147 84.79342824870147 21.19835706217537 21.19835706217537 21.19835706217537
 2356784 256 14248.133 14248.133 14248.133 84.68993151593966 84.68993151593966 84.68993151593966 21.172482878984916 21.172482878984916 21.172482878984916
 2592456 256 15673.876 15673.876 15673.876 84.68469904955226 84.68469904955226 84.68469904955226 21.171174762388066 21.171174762388066 21.171174762388066
 2851696 256 17217.159 17217.159 17217.159 84.8030939366942 84.8030939366942 84.8030939366942 21.20077348417355 21.20077348417355 21.20077348417355
 3136864 256 18940.926 18940.926 18940.926 84.79386741704181 84.79386741704181 84.79386741704181 21.198466854260452 21.198466854260452 21.198466854260452
 3450544 256 20794.868 20794.868 20794.868 84.95742930419179 84.95742930419179 84.95742930419179 21.239357326047948 21.239357326047948 21.239357326047948
 3795592 256 22956.133 22956.133 22956.133 84.65463691119058 84.65463691119058 84.65463691119058 21.163659227797645 21.163659227797645 21.163659227797645
 4175144 256 25300.98 25300.98 25300.98 84.48976000139126 84.48976000139126 84.48976000139126 21.122440000347815 21.122440000347815 21.122440000347815
 4592656 128 13885.975 13885.975 13885.975 84.66959907388569 84.66959907388569 84.66959907388569 21.167399768471423 21.167399768471423 21.167399768471423
 5051920 128 15287.161 15287.161 15287.161 84.59984950770126 84.59984950770126 84.59984950770126 21.149962376925316 21.149962376925316 21.149962376925316
 5557112 128 16885.042 16885.042 16885.042 84.25330964530617 84.25330964530617 84.25330964530617 21.063327411326544 21.063327411326544 21.063327411326544
 6112816 128 18512.011 18512.011 18512.011 84.53327388364237 84.53327388364237 84.53327388364237 21.13331847091059 21.13331847091059 21.13331847091059
 6724096 128 20317.078 20317.078 20317.078 84.72520389004757 84.72520389004757 84.72520389004757 21.18130097251189 21.18130097251189 21.18130097251189
 7396504 128 22379.875 22379.875 22379.875 84.6074888264568 84.6074888264568 84.6074888264568 21.1518722066142 21.1518722066142 21.1518722066142
 8136152 128 24628.878 24628.878 24628.878 84.56962237581429 84.56962237581429 84.56962237581429 21.142405593953573 21.142405593953573 21.142405593953573
 8949760 64 13606.071 13606.071 13606.071 84.19545069256216 84.19545069256216 84.19545069256216 21.04886267314054 21.04886267314054 21.04886267314054
 9844736 64 14976.978 14976.978 14976.978 84.1375481756066 84.1375481756066 84.1375481756066 21.03438704390165 21.03438704390165 21.03438704390165
 10829208 64 16458.988 16458.988 16458.988 84.21773100508973 84.21773100508973 84.21773100508973 21.054432751272433 21.054432751272433 21.054432751272433
 11912128 64 18113.852 18113.852 18113.852 84.17604295320508 84.17604295320508 84.17604295320508 21.04401073830127 21.04401073830127 21.04401073830127
 13103336 64 19796.848 19796.848 19796.848 84.72192179280256 84.72192179280256 84.72192179280256 21.18048044820064 21.18048044820064 21.18048044820064
 14413664 64 21839.142 21839.142 21839.142 84.47900526495043 84.47900526495043 84.47900526495043 21.119751316237608 21.119751316237608 21.119751316237608
 15855024 64 23655.891 23655.891 23655.891 85.79017683163995 85.79017683163995 85.79017683163995 21.44754420790999 21.44754420790999 21.44754420790999
 17440520 32 13036.013 13036.013 13036.013 85.62382378722697 85.62382378722697 85.62382378722697 21.405955946806742 21.405955946806742 21.405955946806742
 19184568 32 14322.996 14322.996 14322.996 85.72315121780387 85.72315121780387 85.72315121780387 21.43078780445097 21.43078780445097 21.43078780445097
 21103024 32 15769.958 15769.958 15769.958 85.64344534081829 85.64344534081829 85.64344534081829 21.410861335204572 21.410861335204572 21.410861335204572
 23213320 32 17322.063 17322.063 17322.063 85.76648635904395 85.76648635904395 85.76648635904395 21.441621589760988 21.441621589760988 21.441621589760988
 25534648 32 18924.952 18924.952 18924.952 86.35252929571499 86.35252929571499 86.35252929571499 21.588132323928747 21.588132323928747 21.588132323928747
 28088112 32 20901.918 20901.918 20901.918 86.00355087030768 86.00355087030768 86.00355087030768 21.50088771757692 21.50088771757692 21.50088771757692
 30896920 32 23905.993 23905.993 23905.993 82.71578093409465 82.71578093409465 82.71578093409465 20.678945233523663 20.678945233523663 20.678945233523663
 33986608 16 16390.8 16390.8 16390.8 66.35255484784147 66.35255484784147 66.35255484784147 16.58813871196037 16.58813871196037 16.58813871196037
 37385264 16 22936.821 22936.821 22936.821 52.15755260940477 52.15755260940477 52.15755260940477 13.039388152351192 13.039388152351192 13.039388152351192
 41123784 16 26438.951 26438.951 26438.951 49.77357414823303 49.77357414823303 49.77357414823303 12.443393537058258 12.443393537058258 12.443393537058258
 45236160 16 30307.055 30307.055 30307.055 47.76304131166819 47.76304131166819 47.76304131166819 11.940760327917047 11.940760327917047 11.940760327917047
 49759776 16 33800.125 33800.125 33800.125 47.109672878428704 47.109672878428704 47.109672878428704 11.777418219607176 11.777418219607176 11.777418219607176
 54735752 16 37736.177 37736.177 37736.177 46.41551432197278 46.41551432197278 46.41551432197278 11.603878580493195 11.603878580493195 11.603878580493195
 60209320 16 41872.025 41872.025 41872.025 46.01397329123681 46.01397329123681 46.01397329123681 11.503493322809202 11.503493322809202 11.503493322809202
 66230248 16 46200.037 46200.037 46200.037 45.87372810978485 45.87372810978485 45.87372810978485 11.468432027446212 11.468432027446212 11.468432027446212
 72853272 8 25594.95 25594.95 25594.95 45.54227892611628 45.54227892611628 45.54227892611628 11.38556973152907 11.38556973152907 11.38556973152907
 80138592 8 28290.987 28290.987 28290.987 45.32247220643097 45.32247220643097 45.32247220643097 11.330618051607743 11.330618051607743 11.330618051607743
 88152448 8 31144.857 31144.857 31144.857 45.28642298791097 45.28642298791097 45.28642298791097 11.321605746977742 11.321605746977742 11.321605746977742
 96967688 8 34456.015 34456.015 34456.015 45.02792931800151 45.02792931800151 45.02792931800151 11.256982329500378 11.256982329500378 11.256982329500378
 106664456 8 37987.947 37987.947 37987.947 44.92559958557381 44.92559958557381 44.92559958557381 11.231399896393453 11.231399896393453 11.231399896393453
 117330896 8 41983.128 41983.128 41983.128 44.715447024337976 44.715447024337976 44.715447024337976 11.178861756084494 11.178861756084494 11.178861756084494
 129063984 8 46314.955 46314.955 46314.955 44.58654324504903 44.58654324504903 44.58654324504903 11.146635811262257 11.146635811262257 11.146635811262257
 141970376 4 25628.805 25628.805 25628.805 44.31587848126356 44.31587848126356 44.31587848126356 11.07896962031589 11.07896962031589 11.07896962031589
 156167408 4 28316.975 28316.975 28316.975 44.11979966080417 44.11979966080417 44.11979966080417 11.029949915201042 11.029949915201042 11.029949915201042
 171784144 4 31481.981 31481.981 31481.981 43.652689835496695 43.652689835496695 43.652689835496695 10.913172458874174 10.913172458874174 10.913172458874174
 188962552 4 34171.104 34171.104 34171.104 44.239144746391574 44.239144746391574 44.239144746391574 11.059786186597893 11.059786186597893 11.059786186597893
 207858800 4 37581.921 37581.921 37581.921 44.246551420295944 44.246551420295944 44.246551420295944 11.061637855073986 11.061637855073986 11.061637855073986
 228644680 4 41457.891 41457.891 41457.891 44.120851202971224 44.120851202971224 44.120851202971224 11.030212800742806 11.030212800742806 11.030212800742806
 251509144 4 45729.876 45729.876 45729.876 43.99909485868714 43.99909485868714 43.99909485868714 10.999773714671784 10.999773714671784 10.999773714671784
 276660056 2 25246.859 25246.859 25246.859 43.83278822922091 43.83278822922091 43.83278822922091 10.958197057305227 10.958197057305227 10.958197057305227
 304326056 2 27804.136 27804.136 27804.136 43.781408061016535 43.781408061016535 43.781408061016535 10.945352015254134 10.945352015254134 10.945352015254134
 334758656 2 30627.012 30627.012 30627.012 43.7207071979467 43.7207071979467 43.7207071979467 10.930176799486675 10.930176799486675 10.930176799486675
 368234520 2 33653.975 33653.975 33653.975 43.767135382967396 43.767135382967396 43.767135382967396 10.941783845741849 10.941783845741849 10.941783845741849
 405057968 2 37074.089 37074.089 37074.089 43.70254039148474 43.70254039148474 43.70254039148474 10.925635097871185 10.925635097871185 10.925635097871185
 445563760 2 40783.882 40783.882 40783.882 43.69998520493954 43.69998520493954 43.69998520493954 10.924996301234884 10.924996301234884 10.924996301234884
 490120136 2 44782.877 44782.877 44782.877 43.77745860320675 43.77745860320675 43.77745860320675 10.944364650801688 10.944364650801688 10.944364650801688
 539132144 1 24935.961 24935.961 24935.961 43.24133679869005 43.24133679869005 43.24133679869005 10.810334199672512 10.810334199672512 10.810334199672512
 593045352 1 27055.979 27055.979 27055.979 43.838395350617326 43.838395350617326 43.838395350617326 10.959598837654331 10.959598837654331 10.959598837654331
 652349880 1 29881.954 29881.954 29881.954 43.6617953431024 43.6617953431024 43.6617953431024 10.9154488357756 10.9154488357756 10.9154488357756
 717584864 1 32823.086 32823.086 32823.086 43.72439958875287 43.72439958875287 43.72439958875287 10.931099897188217 10.931099897188217 10.931099897188217
 789343344 1 36097.05 36097.05 36097.05 43.73450705805598 43.73450705805598 43.73450705805598 10.933626764513996 10.933626764513996 10.933626764513996
 868277672 1 39737.94 39737.94 39737.94 43.70018536441496 43.70018536441496 43.70018536441496 10.92504634110374 10.92504634110374 10.92504634110374
 955105432 1 43729.782 43729.782 43729.782 43.68214925013804 43.68214925013804 43.68214925013804 10.92053731253451 10.92053731253451 10.92053731253451
 1050615968 1 48125.029 48125.029 48125.029 43.66193599592428 43.66193599592428 43.66193599592428 10.91548399898107 10.91548399898107 10.91548399898107
 
META_DATA
 FLOPS          4
 MPI_PROCS      1
 OPENMP_THREADS 1
 ERT_VERSION  1.1.0
 HOSTNAME  ('c3cpu-c11-u13-2.rc.int.colorado.edu', [], ['10.225.64.253'])
 UNAME  uname_result(system='Linux', node='c3cpu-c11-u13-2.rc.int.colorado.edu', release='4.18.0-305.34.2.el8_4.x86_64', version='#1 SMP Mon Jan 17 09:42:23 EST 2022', machine='x86_64', processor='x86_64')
 TIMESTAMP_DATA  1728137864.9479165
 CONFIG  {'ERT_RESULTS': ['Results.alpine'], 'ERT_DRIVER': ['driver1'], 'ERT_KERNEL': ['kernel1'], 'ERT_MPI': ['True'], 'ERT_MPI_CFLAGS': ['-I/usr/include/mpi'], 'ERT_MPI_LDFLAGS': ['-lmpi'], 'ERT_OPENMP': ['True'], 'ERT_OPENMP_CFLAGS': ['-qopenmp'], 'ERT_OPENMP_LDFLAGS': ['-qopenmp'], 'ERT_FLOPS': ['1,2,4,8,16'], 'ERT_ALIGN': ['32'], 'ERT_CC': ['icpc'], 'ERT_CFLAGS': ['-O3', '-fno-alias', '-fno-fnalias', '-DERT_INTEL'], 'ERT_LD': ['icpc'], 'ERT_LDFLAGS': [], 'ERT_LDLIBS': [], 'ERT_PRECISION': ['FP64'], 'ERT_RUN': ['export', 'OMP_NUM_THREADS=ERT_OPENMP_THREADS;', 'mpirun', '-np', 'ERT_MPI_PROCS', 'ERT_CODE'], 'ERT_PROCS_THREADS': ['1'], 'ERT_MPI_PROCS': ['1'], 'ERT_OPENMP_THREADS': ['1'], 'ERT_NUM_EXPERIMENTS': ['1'], 'ERT_MEMORY_MAX': ['1073741824'], 'ERT_WORKING_SET_MIN': ['1'], 'ERT_TRIALS_MIN': ['1'], 'ERT_GNUPLOT': ['gnuplot'], 'ERT_GPU': [False], 'ERT_HIP': [False], 'ERT_OCL': [False], 'ERT_SYCL': [False], 'ERT_WSS_MULT': [1.1]}
 