fp64
 16 67108864 391673.088 391705.99 391710.997 5.4823164640435165 5.482386542008204 5.482847082922379 1.3705791160108791 1.370596635502051 1.3707117707305947
 32 33554432 206654.072 206706.047 206731.081 10.38781221291055 10.389070272337026 10.3916831989645 2.5969530532276375 2.5972675680842565 2.597920799741125
 48 16777216 103415.966 103418.827 103442.192 15.57017214020368 15.573689846627248 15.574120692350348 3.89254303505092 3.893422461656812 3.893530173087587
 64 16777216 103558.064 103564.978 103565.931 20.735425513627643 20.73561632002664 20.737000722609107 5.183856378406911 5.18390408000666 5.184250180652277
 80 8388608 51938.057 51945.925 51947.117 25.837377654663683 25.837970543406435 25.841884689679475 6.459344413665921 6.459492635851609 6.460471172419869
 96 8388608 52184.105 52186.966 52196.98 30.856435295681855 30.862356244277546 30.864048276769335 7.714108823920464 7.7155890610693865 7.716012069192334
 112 8388608 52161.932 52165.985 52189.112 36.00460172612249 36.020563821425014 36.02336263158351 9.001150431530622 9.005140955356254 9.005840657895877
 128 8388608 52436.829 52443.027 52467.823 40.92953595577999 40.94888817153899 40.953728304203906 10.232383988944997 10.237222042884747 10.238432076050977
 144 4194304 25882.959 25895.119 25898.933 46.64128641901965 46.64815604824987 46.67007168693502 11.660321604754913 11.662039012062467 11.667517921733754
 160 4194304 33901.93 34270.048 35404.921 37.909342602402646 39.16473300533457 39.589996203755945 9.477335650600661 9.791183251333642 9.897499050938986
 176 4194304 34113.169 35195.112 35458.803 41.636910529664526 41.9488651719591 43.27932734716027 10.409227632416131 10.487216292989775 10.819831836790067
 192 4194304 26666.88 26673.079 26681.9 60.363494953507804 60.38345764281656 60.39749442004464 15.090873738376951 15.09586441070414 15.09937360501116
 208 4194304 26127.815 26131.868 26150.942 66.72151481197122 66.77021573811716 66.78057327028687 16.680378702992805 16.69255393452929 16.695143317571716
 224 4194304 27037.859 27041.197 27043.819 69.48161396879634 69.48835112587656 69.4969299159375 17.370403492199085 17.37208778146914 17.374232478984375
 240 4194304 27208.09 27224.064 27230.978 73.93292741817793 73.95170390431053 73.99512130399451 18.48323185454448 18.487925976077634 18.498780325998627
 256 4194304 27956.963 27959.108 27971.983 76.77266384725031 76.80801719425384 76.81391029490578 19.19316596181258 19.20200429856346 19.203477573726445
 272 2097152 14000.893 14011.86 14012.098 81.41897722953408 81.42036018058987 81.4841373332401 20.35474430738352 20.355090045147467 20.371034333310025
 288 2097152 14088.869 14096.022 14105.082 85.64002336179257 85.6950671615013 85.73857504104835 21.410005840448143 21.423766790375325 21.434643760262087
 304 2097152 14173.031 14182.091 14187.098 89.87521027908598 89.906940803017 89.96441311671441 22.468802569771494 22.47673520075425 22.491103279178603
 320 2097152 14214.039 14214.993 14227.152 94.33913969570298 94.41983404423766 94.42617119595633 23.584784923925746 23.604958511059415 23.606542798989082
 352 2097152 14457.941 14458.179 14472.008 102.01728799486567 102.11486577943182 102.11654674756245 25.504321998716417 25.528716444857956 25.529136686890613
 384 2097152 15645.981 15645.981 15655.994 102.875150309843 102.94098759291603 102.94098759291603 25.71878757746075 25.735246898229008 25.735246898229008
 416 2097152 17519.951 18255.949 18341.064 95.13245600146209 95.57599355694957 99.59105844531186 23.783114000365522 23.893998389237392 24.897764611327965
 448 2097152 18375.874 18381.119 18384.933 102.20587651856005 102.22708378091671 102.25626231438025 25.55146912964001 25.55677094522918 25.564065578595063
 480 2097152 19728.899 19732.952 19734.144 102.01941974275651 102.0255823862542 102.0465419788504 25.504854935689128 25.50639559656355 25.5116354947126
 528 1048576 9866.953 9868.86 9871.96 112.16579645784627 112.20102990618976 112.22271515836754 28.041449114461567 28.05025747654744 28.055678789591884
 576 1048576 10201.931 10209.799 10211.945 118.28888150102648 118.31374466823489 118.40499136879085 29.57222037525662 29.578436167058722 29.60124784219771
 624 1048576 11567.116 11569.023 11575.937 113.04681841305805 113.11437862989814 113.13302710891807 28.261704603264512 28.278594657474535 28.283256777229518
 672 1048576 12248.993 12251.854 12260.199 114.948064382968 115.02635796998561 115.05322470181835 28.737016095742 28.756589492496403 28.763306175454588
 736 1048576 13603.926 13610.125 13612.986 113.3846660828124 113.40850080362965 113.46017848082974 28.3461665207031 28.352125200907413 28.365044620207435
 800 1048576 16283.989 16830.921 17260.79 97.19842486931361 99.68091466890017 103.02890772033805 24.299606217328403 24.920228667225043 25.757226930084514
 880 1048576 15648.842 15656.948 15659.809 117.84905933399315 117.87059393695374 117.9316501502156 29.46226483349829 29.467648484238435 29.4829125375539
 960 1048576 17007.828 17019.987 17020.941 118.28170487166368 118.28833476782326 118.37289982001226 29.57042621791592 29.572083691955815 29.593224955003066
 1056 524288 8841.991 8846.998 8847.952 125.14718163028009 125.16067664986473 125.23155203392538 31.286795407570022 31.29016916246618 31.307888008481346
 1152 524288 9692.907 9694.099 9700.06 124.53114228159413 124.60771774664154 124.62304157050099 31.132785570398532 31.151929436660385 31.155760392625247
 1264 524288 11056.185 11057.138 11065.006 119.78304069604664 119.86827549769208 119.87860767525147 29.94576017401166 29.96706887442302 29.96965191881287
 1376 524288 11399.984 11399.984 11399.984 126.56514044230238 126.56514044230238 126.56514044230238 31.641285110575595 31.641285110575595 31.641285110575595
 1504 524288 12750.864 12758.97 12760.162 123.59234185271315 123.60388840164997 123.68246606661322 30.898085463178287 30.900972100412492 30.920616516653304
 1648 524288 13605.118 13609.886 13615.131 126.92152928972921 126.97044251509527 127.01494011297805 31.730382322432302 31.742610628773818 31.753735028244513
 1808 524288 14622.927 14627.934 14637.947 129.51443313737917 129.60308735327902 129.6474644235043 32.37860828434479 32.400771838319756 32.41186610587607
 1984 524288 16329.05 16331.196 16332.865 127.37353697590717 127.38655417521167 127.4032955989479 31.843384243976793 31.846638543802918 31.850823899736977
 2176 262144 8759.022 8759.022 8760.214 130.23091536348312 130.24863826121228 130.24863826121228 32.55772884087078 32.56215956530307 32.56215956530307
 2384 262144 9616.137 9617.09 9638.786 129.67427557785805 129.9668186530437 129.97969891651917 32.418568894464514 32.491704663260926 32.49492472912979
 2608 262144 10376.93 10386.944 10422.945 131.1858696366526 131.64055799280328 131.76759446194586 32.79646740916315 32.91013949820082 32.941898615486465
 2864 262144 11399.031 11399.984 11402.13 131.69125698444063 131.71604732076815 131.7270592561771 32.92281424611016 32.92901183019204 32.93176481404428
 3136 262144 12333.87 12338.161 12341.022 133.22779653095182 133.25868968641274 133.3050508883262 33.306949132737955 33.314672421603184 33.32626272208155
 3440 262144 13694.048 13700.008 13704.062 131.6070169559945 131.64596108265047 131.7032567725774 32.90175423899863 32.91149027066262 32.92581419314435
 3776 262144 14966.011 14968.872 14971.972 132.22783798954472 132.2552219031601 132.28050467155208 33.05695949738618 33.063805475790026 33.07012616788802
 4144 131072 8124.113 8125.067 8125.782 133.6886389519187 133.7004034551346 133.71610365340806 33.422159737979676 33.42510086378365 33.429025913352014
 4544 131072 8970.022 8979.082 8985.043 132.5739160068572 132.66192869159676 132.795921347796 33.1434790017143 33.16548217289919 33.198980336949
 4992 131072 9782.791 9783.983 9784.937 133.73850521469888 133.7515455617615 133.7678427352685 33.43462630367472 33.437886390440376 33.44196068381712
 5488 131072 10756.969 10761.023 10767.937 133.6046330880279 133.69047459521275 133.7408587865225 33.401158272006974 33.42261864880319 33.435214696630624
 6032 131072 11823.893 11832.952 11834.86 133.60974341901803 133.63128727303214 133.73367028947234 33.40243585475451 33.407821818258036 33.433417572368086
 6624 131072 12970.924 12974.977 12984.037 133.73666880339294 133.83005272379287 133.87187034632225 33.434167200848236 33.45751318094822 33.46796758658056
 7280 131072 14163.017 14164.925 14222.145 134.18568858635598 134.72773911616193 134.74588924097174 33.546422146588995 33.68193477904048 33.686472310242934
 8000 131072 15480.042 15481.949 15482.903 135.44953423786222 135.4578806583073 135.47456783385988 33.862383559465556 33.86447016457682 33.86864195846497
 8800 65536 8509.874 8511.066 8551.836 134.87555186979733 135.52163736011445 135.54062022539935 33.718887967449334 33.88040934002861 33.88515505634984
 9680 65536 9420.156 9429.932 9436.131 134.45944741547146 134.54783767263646 134.68746802069944 33.614861853867865 33.636959418159115 33.67186700517486
 10640 65536 10311.842 10313.034 10317.087 135.17440339506686 135.22752664249919 135.2431583028522 33.793600848766715 33.806881660624796 33.81078957571305
 11696 65536 11331.081 11337.996 11382.103 134.68671931715957 135.2106767368766 135.29319153221127 33.67167982928989 33.80266918421915 33.82329788305282
 12864 65536 12382.984 12383.938 12384.176 136.15037512386775 136.1529917220193 136.16348111246853 34.03759378096694 34.038247930504824 34.04087027811713
 14144 65536 13612.986 13612.986 13615.847 136.15622795996458 136.1848435016388 136.1848435016388 34.039056989991145 34.0462108754097 34.0462108754097
 15552 65536 14989.853 15001.059 15002.966 135.86858385201967 135.88585605856227 135.98744057063135 33.96714596300492 33.97146401464057 33.99686014265784
 17104 32768 8253.098 8259.058 8261.919 135.67401762229818 135.72101612556781 135.81902747307737 33.918504405574545 33.930254031391954 33.95475686826934
 18800 32768 9047.031 9048.939 9052.992 136.09608845340853 136.15704559396409 136.18576083137108 34.02402211335213 34.03926139849102 34.04644020784277
 20672 32768 9948.969 9950.876 9950.876 136.144816999026 136.144816999026 136.1709129860592 34.0362042497565 34.0362042497565 34.0427282465148
 22736 32768 10940.075 10942.936 10946.035 136.1247699281064 136.16331997189786 136.19892880076233 34.0311924820266 34.040829992974466 34.04973220019058
 25008 32768 12031.078 12051.105 12053.967 135.96555291714336 135.99784318533446 136.22422595880437 33.99138822928584 33.999460796333615 34.05605648970109
 27504 32768 13203.859 13206.005 13209.105 136.45906698447777 136.49109961718173 136.51328327574538 34.11476674611944 34.12277490429543 34.128320818936345
 30240 32768 14492.989 14494.896 14496.088 136.71334224792233 136.7245849849492 136.74257532383416 34.17833556198058 34.1811462462373 34.18564383095854
 33264 16384 8093.119 8093.834 8100.033 134.56670509860885 134.66976861645546 134.6816662401727 33.64167627465221 33.667442154113864 33.67041656004317
 36576 16384 8882.046 8882.999 8889.914 134.81821848895274 134.9231681777742 134.93764477238688 33.704554622238184 33.73079204444355 33.73441119309672
 40224 16384 9727.001 9728.193 9732.962 135.42229302857652 135.4886803746595 135.50528389993997 33.85557325714413 33.87217009366488 33.87632097498499
 44240 16384 10716.915 10719.061 10727.167 135.13878547802977 135.2409805299177 135.26806175097965 33.784696369507444 33.81024513247942 33.817015437744914
 48656 16384 11749.983 11750.937 11754.036 135.6436042904752 135.67937671693755 135.69039274354697 33.9109010726188 33.91984417923439 33.92259818588674
 53520 16384 12903.929 12912.035 12913.942 135.80232588933728 135.82238276150895 135.9077037699138 33.95058147233432 33.95559569037724 33.97692594247845
 58864 16384 14206.171 14206.886 14216.9 135.6734275404624 135.7690595954666 135.77589288485967 33.9183568851156 33.94226489886665 33.94397322121492
 64736 16384 15599.966 15609.026 15616.179 135.83791835377912 135.90016750564706 135.97909431341068 33.95947958844478 33.975041876411765 33.99477357835267
 71200 8192 8791.924 8803.129 8914.948 130.85222706851457 132.51433666370215 132.68322155651023 32.71305676712864 33.12858416592554 33.17080538912756
 78320 8192 9835.005 10004.044 10077.953 127.3269363332018 128.26761657585672 130.47221429984023 31.83173408330045 32.06690414396418 32.61805357496006
 86144 8192 10702.848 10818.005 10874.033 129.7939132610688 130.46613455993042 131.86988136241868 32.4484783152672 32.616533639982606 32.96747034060467
 94752 8192 11766.195 11772.871 12012.005 129.2387713791328 131.8639071132267 131.93872513586592 32.3096928447832 32.965976778306675 32.98468128396648
 104224 8192 13040.066 13122.797 13217.926 129.18865001967782 130.1251567024926 130.95071880771155 32.297162504919456 32.53128917562315 32.73767970192789
 114640 8192 14457.226 14480.114 14576.197 128.85814866525197 129.713188722133 129.91854453959564 32.214537166312994 32.42829718053325 32.47963613489891
 126096 8192 15886.068 16010.046 16044.14 128.7670678515645 129.04128220493556 130.04834575805668 32.19176696289112 32.26032055123389 32.51208643951417
 138704 4096 8621.931 8671.045 8703.947 130.54573608961542 131.04108766590414 131.78755060786264 32.636434022403854 32.760271916476036 32.94688765196566
 152560 4096 9471.178 9471.893 9478.092 131.85897752416835 131.9452742973342 131.95523513548156 32.96474438104209 32.98631857433355 32.98880878387039
 167808 4096 10501.146 10838.985 10848.045 126.7217398157917 126.82766292231237 130.90791576462226 31.680434953947923 31.706915730578093 32.726978941155565
 184576 4096 11672.974 11942.148 11951.923 126.51073739347214 126.61429015952574 129.53396383817866 31.627684348368035 31.653572539881434 32.383490959544666
 203024 4096 12840.033 12849.092 13109.922 126.863653956141 129.43892128720066 129.5302440422077 31.71591348903525 32.359730321800164 32.382561010551925
 223312 4096 14126.062 14135.838 14219.999 128.64782226777933 129.41375700542127 129.50331833457903 32.16195556694483 32.35343925135532 32.37582958364476
 245632 4096 15218.973 15241.146 15251.16 131.93864230655242 132.02533090359478 132.2176827569114 32.984660576638106 33.006332725898694 33.05442068922785
 270192 2048 8375.883 8378.029 8424.044 131.37472121465652 132.09627610503614 132.13012072876376 32.84368030366413 33.024069026259035 33.03253018219094
 297200 2048 9211.063 9218.931 9267.092 131.36064689980415 132.04689350641632 132.1596866724286 32.84016172495104 33.01172337660408 33.03992166810715
 326912 2048 10136.127 10142.803 10277.033 130.29359271299413 132.01789998287455 132.1048514881473 32.57339817824853 33.00447499571864 33.02621287203682
 359600 2048 11139.87 11362.076 11412.859 129.0580738796475 129.63490122755738 132.22071711788377 32.26451846991188 32.408725306889345 33.05517927947094
 395552 2048 12371.063 12593.031 12618.065 128.40169962668602 128.65695256368383 130.96538203709738 32.100424906671506 32.16423814092096 32.741345509274346
 435104 2048 13772.964 13892.174 13977.051 127.50801181164755 128.28704736925985 129.3974183044405 31.877002952911887 32.07176184231496 32.34935457611012
 478608 2048 15143.871 15265.942 15321.016 127.9535487724835 128.41515892042563 129.45028176745564 31.988387193120875 32.103789730106406 32.36257044186391
 526464 1024 8368.015 8399.01 8460.999 127.4315564864149 128.372066707862 128.84755488607516 31.857889121603726 32.0930166769655 32.21188872151879
 579104 1024 9049.892 9183.884 9252.071 128.18805562559993 129.13980533726254 131.0518392926678 32.04701390639998 32.284951334315636 32.76295982316695
 637008 1024 9883.881 10099.888 10178.089 128.17655495054132 129.16899514133223 131.991915321522 32.04413873763533 32.29224878533306 32.9979788303805
 700704 1024 10866.88 10951.996 11054.039 129.82058340847178 131.03016034702716 132.05646809387792 32.455145852117944 32.75754008675679 33.01411702346948
 770768 1024 12050.152 12084.007 12159.109 129.82307042399242 130.62991969468408 130.9969255159603 32.455767605998105 32.65747992367102 32.749231378990075
 847840 1024 13226.032 13267.04 13540.983 128.23118676096115 130.87895416008394 131.28475116346308 32.05779669024029 32.719738540020984 32.82118779086577
 932624 1024 14538.05 14597.178 14873.028 128.42132429253815 130.8481647617094 131.38034000433348 32.105331073134536 32.71204119042735 32.84508500108337
 1025872 1024 16070.843 16073.942 16366.005 128.3749978079562 130.70756731609458 130.73277213895997 32.09374945198905 32.676891829023646 32.68319303473999
 1128448 512 8852.005 8941.889 8992.91 128.4935301253988 129.2266938227482 130.53887249272904 32.1233825313497 32.30667345568705 32.63471812318226
 1241280 512 9780.884 9876.013 9958.029 127.6428016026063 128.70281964999438 129.95458488210267 31.910700400651574 32.175704912498595 32.488646220525666
 1365408 512 10805.845 10887.861 10913.134 128.1188146319838 128.41620516646933 129.39087984327003 32.02970365799595 32.10405129161733 32.34771996081751
 1501936 512 11894.941 12029.886 12102.127 127.08364934527623 127.84680287078363 129.29719146988623 31.770912336319057 31.96170071769591 32.32429786747156
 1652128 512 12931.108 13213.873 13249.874 127.68265358598883 128.03052307222873 130.83017108820064 31.920663396497208 32.00763076805718 32.70754277205016
 1817328 512 14209.986 14333.963 14607.906 127.39292489970842 129.82759003912597 130.96028891231842 31.848231224927105 32.45689750978149 32.740072228079605
 1999056 512 15686.989 15726.089 16067.982 127.39828461346296 130.16798671303462 130.4924319128419 31.84957115336574 32.541996678258656 32.62310797821048
 2198960 256 8785.963 8829.832 8856.058 127.1296461698873 127.50724136087752 128.14389498339568 31.782411542471824 31.87681034021938 32.03597374584892
 2418848 256 9710.789 9718.895 9731.054 127.26783511837465 127.42705585357183 127.53342452400108 31.816958779593662 31.856763963392957 31.88335613100027
 2660720 256 10604.143 10694.981 10715.961 127.12706214589622 127.37644321200759 128.46758479209495 31.781765536474055 31.844110803001897 32.11689619802374
 2926784 256 11471.033 11532.068 11753.082 127.49961312275367 129.94316440034868 130.6345651695013 31.874903280688418 32.48579110008717 32.65864129237532
 3219456 256 12587.07 12645.006 12943.983 127.34576922729269 130.35671726846158 130.95672559221487 31.836442306823173 32.589179317115395 32.73918139805372
 3541392 256 13862.133 13966.084 14225.006 127.46516268604738 129.82828286010596 130.80185451979142 31.866290671511845 32.45707071502649 32.700463629947855
 3895520 256 15233.994 15236.139 15643.12 127.50053953431285 130.9062775024565 130.9247095673006 31.875134883578212 32.726569375614126 32.73117739182515
 4285072 128 8378.029 8441.925 8610.964 127.39322008546313 129.9441101407558 130.93514381485193 31.848305021365782 32.48602753518895 32.73378595371298
 4713568 128 9238.005 9252.787 9258.986 130.32457420283384 130.41188649430705 130.62056234002904 32.58114355070846 32.602971623576764 32.65514058500726
 5184912 128 10162.115 10164.022 10174.99 130.45098540637386 130.5917551142648 130.616261673874 32.612746351593465 32.6479387785662 32.6540654184685
 5703392 128 11170.149 11186.123 11211.872 130.22520699487114 130.52496848103672 130.71162721285097 32.556301748717786 32.63124212025918 32.67790680321274
 6273728 128 12316.942 12392.998 12450.933 128.99229061789987 129.59530599456244 130.39554525790575 32.24807265447497 32.39882649864061 32.59888631447644
 6901088 128 13541.937 13571.978 13711.929 128.84245010311824 130.1710427175759 130.45980999616228 32.21061252577956 32.54276067939397 32.61495249904057
 7591184 128 14885.187 14889.956 15088.081 128.79988541949106 130.5136901680569 130.55550487877647 32.199971354872766 32.62842254201423 32.63887621969412
 8350288 128 16314.03 16381.979 16535.044 129.28140548038456 130.48934612845008 131.03284277398043 32.32035137009614 32.62233653211252 32.75821069349511
 9185312 64 8967.161 9020.09 9208.918 127.6718867515163 130.34459035331133 131.1139541266182 31.917971687879074 32.58614758832783 32.77848853165455
 10103840 64 9874.821 9896.994 10108.948 127.9353222511383 130.67518480863984 130.96860388659195 31.983830562784576 32.66879620215996 32.74215097164799
 11114224 64 10874.987 10907.173 10961.056 129.78865102048562 130.42982558358614 130.81585035457977 32.447162755121404 32.607456395896534 32.70396258864494
 12225632 64 11960.983 12030.84 12049.913 129.86657214869518 130.0724551236655 130.83213110494347 32.466643037173796 32.51811378091637 32.70803277623587
 13448192 64 13146.162 13221.025 13320.923 129.222920663981 130.1993284181824 130.94077008939948 32.30573016599525 32.5498321045456 32.73519252234987
 14793008 64 14492.989 14561.892 14642.0 129.32010818194235 130.0315250243581 130.64972477381994 32.330027045485586 32.507881256089526 32.662431193454985
 16272304 64 15926.838 15949.011 16008.139 130.11224552710345 130.5946125436869 130.77642354370656 32.52806138177586 32.64865313592173 32.69410588592664
 17899520 32 8764.982 8837.938 9454.012 121.17281848171969 129.6195198472766 130.69841786326543 30.293204620429922 32.40487996181915 32.67460446581636
 19689472 32 9537.22 9638.071 10407.209 121.08205072080324 130.74464879953675 132.12720352471686 30.27051268020081 32.68616219988419 33.031800881179215
 21658416 32 10698.08 10706.902 10728.121 129.20609527055112 129.4621566537174 129.56891554372373 32.30152381763778 32.36553916342935 32.39222888593093
 23824256 32 11749.983 11785.984 11814.117 129.06189975941493 129.36996893937746 129.76634808748233 32.26547493985373 32.342492234844364 32.44158702187058
 26206672 32 12940.884 13009.071 13018.131 128.83777310275954 128.9275005109896 129.60683427809104 32.209443275689885 32.2318751277474 32.40170856952276
 28827328 32 14230.967 14293.909 14449.835 127.67958886727773 129.07238964512786 129.64326261173957 31.919897216819432 32.268097411281964 32.41081565293489
 31710048 32 15612.125 15913.01 15954.971 127.19816739246973 127.53357611162185 129.99146957893305 31.799541848117432 31.883394027905464 32.49786739473326
 34881040 16 8600.95 8620.024 8721.113 127.98748049704209 129.48841905776598 129.7755806044681 31.99687012426052 32.372104764441495 32.443895151117026
 38369136 16 9463.072 9551.048 9613.037 127.72366859713533 128.55263129239847 129.74775548574502 31.930917149283832 32.13815782309962 32.436938871436254
 42206048 16 10411.024 10515.213 10696.173 126.2688567209973 128.44186190046747 129.72725218960213 31.567214180249326 32.11046547511687 32.43181304740053
 46426640 16 11517.048 11578.083 11662.96 127.3821122596665 128.31592932957898 128.99594409956438 31.845528064916625 32.078982332394745 32.248986024891096
 51069296 16 12733.936 12771.845 12794.018 127.73293518892969 127.95469033643927 128.33561217835555 31.933233797232422 31.988672584109818 32.08390304458889
 56176224 16 13839.006 14078.856 14155.865 126.98900194371731 127.68361065700225 129.89655239689904 31.747250485929328 31.920902664250562 32.47413809922476
 61793840 16 15783.072 15836.954 16213.894 121.95730895983408 124.86005073955509 125.28631181559587 30.48932723995852 31.215012684888773 31.321577953898966
 67973216 8 10040.998 10075.092 10195.017 106.67676728739147 107.9465533416469 108.31308361977565 26.669191821847868 26.986638335411726 27.078270904943913
 74770528 8 13112.068 13252.974 13350.01 89.6125507022092 90.26867841135129 91.23873122073498 22.4031376755523 22.567169602837822 22.809682805183744
 82247568 8 15231.133 15276.194 15529.871 84.73741269325419 86.14456506640332 86.39942202592545 21.184353173313546 21.53614126660083 21.59985550648136
 90472320 8 17143.011 17690.897 17846.823 81.11007320462582 81.82497020925507 84.4400741503345 20.277518301156455 20.456242552313768 21.110018537583624
 99519552 8 19812.107 19868.135 21390.915 74.43874336371304 80.14405136667332 80.370696160686 18.60968584092826 20.03601284166833 20.0926740401715
 109471504 8 21981.001 22017.956 23531.914 74.4327071737556 79.55071142843596 79.68445404283453 18.6081767934389 19.88767785710899 19.921113510708633
 120418640 8 24460.077 24466.991 26233.912 73.44303968085278 78.74684059024666 78.76909954126472 18.360759920213194 19.686710147561666 19.69227488531618
 132460496 8 27165.89 27173.996 29253.006 72.44957786560465 77.99250194929006 78.01577404605557 18.112394466401163 19.498125487322515 19.503943511513892
 145706544 4 15198.946 15204.906 16090.155 72.44506668829479 76.66291077366739 76.69297278903419 18.111266672073697 19.165727693416848 19.173243197258547
 160277184 4 16772.985 16821.146 18168.926 70.57200144906749 76.22652297292942 76.44539549758137 17.64300036226687 19.056630743232354 19.111348874395343
 176304896 4 18512.964 18547.058 19764.185 71.36338624638455 76.0465173506224 76.18656677558494 17.840846561596138 19.0116293376556 19.046641693896234
 193935376 4 20493.031 20507.097 21614.075 71.78114298206145 75.6559062455305 75.70783492202789 17.945285745515363 18.913976561382626 18.92695873050697
 213328912 4 22575.14 22713.184 24202.108 70.51581192844856 75.13835559118439 75.59781671342903 17.62895298211214 18.784588897796098 18.899454178357256
 234661792 4 24888.039 25160.074 26909.113 69.76425926785473 74.61402283633983 75.42958028955194 17.44106481696368 18.653505709084957 18.857395072387984
 258127968 4 27575.016 27701.855 29563.904 69.849494302241 74.54460157993029 74.88749032820144 17.46237357556025 18.63615039498257 18.72187258205036
 283940752 2 15264.988 15339.136 16356.945 69.43613296981802 74.04347989352205 74.4031379520246 17.359033242454505 18.51086997338051 18.60078448800615
 312334816 2 16817.093 16940.117 18080.95 69.09699235936165 73.7503326570885 74.28984688376285 17.274248089840412 18.437583164272127 18.572461720940712
 343568288 2 18522.978 18581.152 19950.151 68.88535089283283 73.96060007474242 74.19288367129735 17.221337723208208 18.490150018685604 18.548220917824338
 377925104 2 20443.916 20465.136 21977.901 68.78274754263384 73.86710823715025 73.94377945986474 17.19568688565846 18.466777059287562 18.485944864966186
 415717600 2 22428.036 22581.816 24035.931 69.18269152961041 73.63758521458152 74.14248844615732 17.295672882402602 18.40939630364538 18.53562211153933
 457289360 2 24725.914 24771.929 26221.037 69.75915712258062 73.8399274436803 73.97734376977934 17.439789280645154 18.459981860920074 18.494335942444835
 503018288 2 27222.157 27239.084 29041.052 69.2837556986572 73.86713708875087 73.91306838763732 17.3209389246643 18.466784272187716 18.47826709690933
 553320112 1 14973.879 14984.131 16232.967 68.17239411624504 73.85414769798795 73.90471259985472 17.04309852906126 18.46353692449699 18.47617814996368
 608652112 1 16505.957 16535.997 17756.939 68.55371998518439 73.61541151706788 73.74938781192755 17.138429996296097 18.40385287926697 18.437346952981887
 669517312 1 18203.974 18242.121 19517.899 68.60546947189346 73.40345039921618 73.55726963793731 17.151367367973364 18.350862599804046 18.389317409484327
 736469040 1 20036.936 20041.943 21628.141 68.10285174301389 73.4927786193185 73.51114361996265 17.02571293575347 18.373194654829625 18.377785904990663
 810115936 1 21999.836 22103.786 23407.936 69.2172036013769 73.30110199221075 73.64745228100792 17.304300900344224 18.325275498052687 18.41186307025198
 891127520 1 24250.031 24309.874 26200.056 68.0248561300785 73.31403856720935 73.49495924355726 17.006214032519626 18.328509641802338 18.373739810889315
 980240272 1 26688.099 26826.143 28531.79 68.71214683691419 73.08096970928695 73.45898049913559 17.178036709228547 18.270242427321737 18.364745124783898
 
META_DATA
 FLOPS          4
 MPI_PROCS      2
 OPENMP_THREADS 1
 ERT_VERSION  1.1.0
 HOSTNAME  ('c3cpu-c11-u13-2.rc.int.colorado.edu', [], ['10.225.64.253'])
 UNAME  uname_result(system='Linux', node='c3cpu-c11-u13-2.rc.int.colorado.edu', release='4.18.0-305.34.2.el8_4.x86_64', version='#1 SMP Mon Jan 17 09:42:23 EST 2022', machine='x86_64', processor='x86_64')
 TIMESTAMP_DATA  1728533504.9061692
 CONFIG  {'nux': ['workstation,', 'MPI', 'and', 'OpenMP', '(8-core', 'Intel', 'Xeon', 'CPU', 'E5530,', '2.40', 'GHz)'], 'ERT_RESULTS': ['Results.alpine'], 'ERT_DRIVER': ['driver1'], 'ERT_KERNEL': ['kernel1'], 'ERT_MPI': ['True'], 'ERT_MPI_CFLAGS': ['-I/usr/include/mpi'], 'ERT_MPI_LDFLAGS': ['-lmpi'], 'ERT_OPENMP': ['True'], 'ERT_OPENMP_CFLAGS': ['-qopenmp'], 'ERT_OPENMP_LDFLAGS': ['-qopenmp'], 'ERT_FLOPS': ['1,2,4,8,16'], 'ERT_ALIGN': ['32'], 'ERT_CC': ['icpc'], 'ERT_CFLAGS': ['-O3', '-fno-alias', '-fno-fnalias', '-DERT_INTEL'], 'ERT_LD': ['icpc'], 'ERT_LDFLAGS': [], 'ERT_LDLIBS': [], 'ERT_PRECISION': ['FP64'], 'ERT_RUN': ['export', 'OMP_NUM_THREADS=ERT_OPENMP_THREADS;', 'mpirun', '-np', 'ERT_MPI_PROCS', 'ERT_CODE'], 'ERT_PROCS_THREADS': ['1-8'], 'ERT_MPI_PROCS': ['1,2,4,8'], 'ERT_OPENMP_THREADS': ['1,2,4,8'], 'ERT_NUM_EXPERIMENTS': ['3'], 'ERT_MEMORY_MAX': ['1073741824'], 'ERT_WORKING_SET_MIN': ['1'], 'ERT_TRIALS_MIN': ['1'], 'ERT_GNUPLOT': ['gnuplot'], 'ERT_GPU': [False], 'ERT_HIP': [False], 'ERT_OCL': [False], 'ERT_SYCL': [False], 'ERT_WSS_MULT': [1.1]}
 HOSTNAME  ('c3cpu-a7-u1-3.rc.int.colorado.edu', [], ['10.225.64.156'])
 UNAME  uname_result(system='Linux', node='c3cpu-a7-u1-3.rc.int.colorado.edu', release='4.18.0-305.34.2.el8_4.x86_64', version='#1 SMP Mon Jan 17 09:42:23 EST 2022', machine='x86_64', processor='x86_64')
 TIMESTAMP_DATA  1728533509.2471457
 TIMESTAMP_DATA  1728533515.907226
 TIMESTAMP_DATA  1728533521.577795
 TIMESTAMP_DATA  1728533526.874424
 TIMESTAMP_DATA  1728533533.9447496
 