fp64
 32 33554432 130609.035 130628.824 130639.076 16.438294833009998 16.43958494183489 16.442075756857097 2.0547868541262497 2.0549481177293614 2.055259469607137
 64 16777216 70735.216 70740.938 70750.952 30.35271734576801 30.357014039027874 30.359469715905018 3.7940896682210012 3.794626754878484 3.794933714488127
 96 8388608 35369.158 35370.111 35374.165 45.5307633692555 45.53598194814826 45.53720888690649 5.691345421156938 5.691997743518533 5.692151110863311
 128 8388608 35630.941 35646.2 35663.128 60.21579621394961 60.24439205300987 60.270191797628925 7.526974526743701 7.5305490066262335 7.533773974703616
 160 4194304 17896.891 17900.944 17924.07 74.88127863816645 74.97801680179549 74.99499661701019 9.360159829770806 9.372252100224436 9.374374577126273
 192 4194304 17749.071 17770.052 17876.148 90.09842254606528 90.63635469384108 90.74349502573966 11.26230281825816 11.329544336730136 11.342936878217458
 224 4194304 17735.958 17740.011 17746.925 105.88021260021102 105.92147840269095 105.94568345279122 13.235026575026378 13.240184800336369 13.243210431598902
 256 4194304 17688.036 17689.943 17694.95 121.3613854800381 121.39573587094091 121.40882390786632 15.170173185004762 15.174466983867614 15.17610298848329
 288 2097152 8846.045 8854.151 8857.965 136.36987186108772 136.42861433015995 136.55362955987675 17.046233982635965 17.053576791269993 17.069203694984594
 320 2097152 8856.058 8864.88 8882.046 151.11127323591882 151.4038858958046 151.55470752336984 18.888909154489852 18.925485736975574 18.94433844042123
 352 2097152 8852.005 8853.912 8853.912 166.75058527801042 166.75058527801042 166.78650859325091 20.843823159751302 20.843823159751302 20.848313574156364
 384 2097152 8884.907 8888.006 8890.152 181.16818880037147 181.21193167511365 181.2751372636765 22.646023600046433 22.651491459389206 22.659392157959562
 416 2097152 8857.965 8870.125 8871.078 196.6875349309295 196.70866690153747 196.97870379934895 24.585941866366188 24.588583362692184 24.62233797491862
 448 2097152 8946.896 8959.055 8959.055 209.73732073304603 209.73732073304603 210.02235769813348 26.217165091630754 26.217165091630754 26.252794712266684
 480 2097152 9043.932 9124.994 9135.962 220.36715126442076 220.63202671694904 222.60958176156117 27.545893908052594 27.57900333961863 27.826197720195147
 512 2097152 9031.057 9035.826 9049.892 237.2938426226523 237.66323610038535 237.78873812888128 29.66173032783154 29.70790451254817 29.72359226611016
 544 1048576 4764.08 4767.895 4768.133 239.26570169078758 239.27764516626308 239.4692549243506 29.908212711348447 29.909705645782886 29.933656865543824
 576 1048576 4720.926 4731.894 4772.902 253.08702169036783 255.28034905262032 255.8734349998284 31.63587771129598 31.91004363157754 31.98417937497855
 608 1048576 4964.113 5002.975 5030.155 253.48491567357271 254.8620402860298 256.85725042923076 31.68561445919659 31.857755035753726 32.107156303653845
 640 1048576 5067.11 5118.132 5161.047 260.0591081615804 262.2396765069756 264.88023350588406 32.50738852019755 32.77995956337195 33.11002918823551
 704 1048576 5452.871 5466.938 5475.998 269.61204295545764 270.0588534203241 270.7555355701611 33.701505369432205 33.757356677540514 33.84444194627014
 768 1048576 5783.081 5784.988 5805.016 277.45190297494446 278.412459282543 278.5042671890641 34.68148787186806 34.801557410317876 34.81303339863301
 832 1048576 6129.98 6130.934 6131.887 284.55032912380807 284.5945599805837 284.6388510239838 35.56879114047601 35.574319997572964 35.57985637799798
 896 1048576 6467.819 6469.965 6471.872 290.34075333999186 290.4263302815394 290.52269273459876 36.29259416749898 36.30329128519242 36.315336591824845
 960 1048576 6806.85 6808.043 6811.142 295.58419425112555 295.71874325705636 295.77057229114786 36.948024281390694 36.964842907132045 36.97132153639348
 1056 524288 3743.887 3744.125 3745.079 295.6669955426841 295.74233125229523 295.76113167945505 36.95837444283551 36.967791406536904 36.97014145993188
 1152 524288 3916.979 3921.986 3939.867 306.59906844571145 307.9969056493317 308.3906122550057 38.32488355571393 38.499613206166465 38.54882653187571
 1248 524288 4252.911 4254.818 4256.01 307.47645047826484 307.56259092633337 307.70050160936825 38.434556309783105 38.44532386579167 38.46256270117103
 1344 524288 4595.041 4597.902 4600.048 306.36335620845693 306.50634659024917 306.69718594458675 38.29541952605712 38.313293323781146 38.337148243073344
 1472 524288 4933.119 4935.026 4936.218 312.68956760013435 312.7650942467173 312.88600011473477 39.086195950016794 39.09563678083966 39.110750014341846
 1600 524288 5445.004 5445.004 5446.911 308.0134042946543 308.1212796170581 308.1212796170581 38.50167553683179 38.515159952132265 38.515159952132265
 1760 524288 5787.849 5787.849 5789.995 318.7384030556158 318.856583853518 318.856583853518 39.84230038195197 39.85707298168975 39.85707298168975
 1920 524288 6298.065 6305.933 6312.847 318.9156841596192 319.26535216913976 319.66420162383207 39.8644605199524 39.90816902114247 39.95802520297901
 2112 262144 4115.105 4149.914 4307.985 257.0334520663373 266.8239043025952 269.08092405904586 32.12918150829216 33.3529880378244 33.63511550738073
 2304 262144 4015.923 4146.099 4323.006 279.4258328579697 291.34845839426407 300.79250822289174 34.92822910724621 36.41855729928301 37.59906352786147
 2528 262144 4388.094 4447.222 4656.076 284.66031568213236 298.0287613256096 302.04459248138255 35.582539460266545 37.2535951657012 37.75557406017282
 2752 262144 4640.102 4640.102 4642.01 310.8223756519266 310.950185146792 310.950185146792 38.85279695649083 38.868773143349 38.868773143349
 3008 262144 4976.988 4978.895 4980.803 316.62731973137664 316.7486568806934 316.87002339567624 39.57841496642208 39.59358211008667 39.60875292445953
 3296 262144 5527.973 5532.026 5534.887 312.21111614383454 312.37258248605485 312.6016078587938 39.02638951797932 39.04657281075686 39.07520098234922
 3616 262144 6126.881 6126.881 6128.073 309.3673015970926 309.4274897782411 309.4274897782411 38.670912699636574 38.67843622228014 38.67843622228014
 3968 262144 6637.096 6639.957 6641.865 313.22147981026416 313.311484396661 313.44654107760385 39.15268497628302 39.163935549582625 39.18081763470048
 4352 131072 3658.056 3659.964 3663.778 311.3864126046939 311.71090426026046 311.87348908819325 38.923301575586734 38.96386303253256 38.98418613602416
 4768 131072 4033.089 4033.089 4034.042 309.83876518886024 309.9119786347388 309.9119786347388 38.72984564860753 38.73899732934235 38.73899732934235
 5216 131072 4424.095 4426.956 4427.91 308.80101537745793 308.86756136722386 309.0673016741277 38.60012692218224 38.60844517090298 38.63341270926596
 5728 131072 4850.864 4853.01 4855.871 309.22584887448613 309.4081471087016 309.54502785483163 38.65323110931077 38.6760183885877 38.693128481853954
 6272 131072 5316.973 5317.926 5321.98 308.93899789176214 309.1745105140613 309.2299261252596 38.61737473647027 38.64681381425766 38.65374076565745
 6880 131072 5810.022 5810.976 5810.976 310.36967283981215 310.36967283981215 310.42063524027964 38.79620910497652 38.79620910497652 38.802579405034955
 7552 131072 6358.862 6358.862 6361.961 311.17944419967364 311.33109792286734 311.33109792286734 38.897430524959205 38.91638724035842 38.91638724035842
 8288 65536 3520.966 3521.204 3522.873 308.3632977969969 308.5094575605389 308.53031128389193 38.54541222462461 38.563682195067365 38.56628891048649
 9088 65536 3839.97 3840.923 3840.923 310.1291892599774 310.1291892599774 310.2061568189335 38.766148657497176 38.766148657497176 38.77576960236669
 9984 65536 4232.883 4234.076 4234.076 309.0692864275464 309.0692864275464 309.1563948259378 38.6336608034433 38.6336608034433 38.644549353242226
 10976 65536 4650.116 4650.116 4652.977 309.1883480189135 309.3785772225897 309.3785772225897 38.648543502364184 38.67232215282371 38.67232215282371
 12064 65536 5105.972 5108.118 5110.025 309.4412665300072 309.5567894085454 309.68689370016136 38.6801583162509 38.694598676068175 38.71086171252017
 13248 65536 5601.883 5605.936 5607.128 309.68471845122855 309.75056725585165 309.974673873053 38.71058980640357 38.718820906981456 38.746834234131626
 14560 65536 6177.902 6180.048 6181.002 308.7538751807555 308.8015368165425 308.9088043157693 38.594234397594434 38.600192102067815 38.613600539471165
 16000 65536 6807.089 6808.996 6811.857 307.86788389715167 307.99724364649353 308.08352880357523 38.48348548714396 38.49965545581169 38.510441100446904
 17600 32768 3736.973 3739.834 3740.072 308.39876879375583 308.4183950410633 308.65451797484224 38.54984609921948 38.552299380132915 38.58181474685528
 19360 32768 4105.091 4105.806 4109.144 308.76916457539573 309.020192381228 309.074015655195 38.59614557192447 38.6275240476535 38.63425195689938
 21280 32768 4513.979 4516.125 4519.939 308.5453321383319 308.8059077195604 308.95271776851416 38.56816651729149 38.60073846494505 38.61908972106427
 23392 32768 4964.828 4966.021 4969.835 308.4645892670481 308.70149602669824 308.775674001194 38.55807365838101 38.58768700333728 38.59695925014925
 25728 32768 5475.044 5475.998 5475.998 307.90920814799426 307.90920814799426 307.962859841857 38.48865101849928 38.48865101849928 38.49535748023212
 28288 32768 6021.023 6032.944 6036.043 307.1353812423139 307.293150408822 307.90155892113347 38.391922655289235 38.41164380110275 38.487694865141684
 31104 32768 6603.003 6604.195 6606.817 308.5346156855866 308.6571102155524 308.71283020771006 38.56682696069832 38.58213877694405 38.58910377596376
 34208 16384 3632.069 3634.214 3635.168 308.35651722286286 308.4374624059013 308.6196170832658 38.54456465285786 38.55468280073766 38.57745213540822
 37600 16384 3994.942 3997.087 3997.087 308.2436784588377 308.2436784588377 308.409183412425 38.53045980735471 38.53045980735471 38.55114792655313
 41344 16384 4391.909 4393.101 4395.962 308.18287146249213 308.3835750646298 308.46727288748474 38.522858932811516 38.54794688307872 38.55840911093559
 45472 16384 4828.93 4832.029 4835.129 308.16685470025726 308.3645598981297 308.562455036623 38.52085683753216 38.54556998726621 38.57030687957788
 50016 16384 5316.973 5319.118 5320.072 308.06430589661187 308.11955816735025 308.2438613098092 38.508038237076484 38.51494477091878 38.53048266372615
 55008 16384 5849.123 5850.077 5854.13 307.902650607349 308.11596907186004 308.16622320987267 38.48783132591863 38.514496133982504 38.520777901234084
 60480 16384 6433.01 6435.156 6438.971 307.78343931041155 307.9659047892545 308.0686397191983 38.472929913801444 38.495738098656815 38.50857996489979
 66528 8192 3563.166 3565.788 3566.027 305.6608242169787 305.68131139596636 305.9062507893261 38.20760302712234 38.210163924495795 38.238281348665765
 73152 8192 3921.032 3922.224 4060.03 295.20037241104126 305.5721366245273 305.66503104284783 36.90004655138016 38.19651707806591 38.20812888035598
 80448 8192 4305.84 4307.032 4310.131 305.8050978032918 306.0251309950796 306.1098489493339 38.225637225411475 38.25314137438495 38.26373111866674
 88480 8192 4739.046 4740.0 4848.003 299.02133311386154 305.8346666666667 305.8962331237131 37.37766663923269 38.22933333333334 38.23702914046414
 97312 8192 5208.969 5211.115 5213.022 305.84175704610493 305.9536793949088 306.0797267175136 38.230219630763116 38.2442099243636 38.2599658396892
 107040 8192 5724.907 5728.96 5732.059 305.95347326327243 306.11897447355193 306.3356941868226 38.244184157909054 38.26487180919399 38.291961773352824
 117728 8192 6287.098 6289.005 6292.105 306.55171075498583 306.70281737731165 306.79584635073286 38.31896384437323 38.337852172163956 38.34948079384161
 129472 8192 6917.953 6919.146 7061.005 300.4203010761216 306.5796339606073 306.63250357439546 37.5525376345152 38.32245424507591 38.32906294679943
 142400 4096 3808.975 3808.975 3814.936 305.7825347528766 306.26108073694365 306.26108073694365 38.22281684410957 38.28263509211796 38.28263509211796
 156640 4096 4198.074 4199.028 4204.988 305.16017643807777 305.5933135001719 305.66275868410133 38.14502205475972 38.19916418752149 38.20784483551267
 172288 4096 4620.075 4626.989 4661.083 302.8015798045218 305.0327753102504 305.48926067217525 37.850197475565224 38.1290969137813 38.186157584021906
 189504 4096 5076.17 5076.17 5084.991 305.2939067148792 305.8244243199105 305.8244243199105 38.1617383393599 38.228053039988815 38.228053039988815
 208448 4096 5588.055 5591.869 5611.181 304.3220341671388 305.3730364570415 305.5814618861124 38.04025427089235 38.17162955713019 38.19768273576405
 229280 4096 6152.153 6155.014 6171.227 304.3579113197424 305.1596243322923 305.30153590133403 38.0447389149678 38.14495304153654 38.162691987666754
 252192 4096 6771.088 6788.969 6792.784 304.139932021981 304.3108407182298 305.1144607779429 38.017491502747625 38.03885508977873 38.13930759724286
 277408 2048 3728.151 3735.065 3737.211 304.04041088394524 304.21509880015475 304.7792774487943 38.005051360493155 38.026887350019344 38.097409681099286
 305120 2048 4100.084 4106.998 4121.065 303.2642096157183 304.3029288059064 304.8160769389115 37.90802620196479 38.0378661007383 38.10200961736394
 335616 2048 4510.88 4517.078 4538.774 302.8754319999189 304.33017450661686 304.7483275990494 37.85942899998986 38.04127181332711 38.093540949881174
 369152 2048 4960.06 4960.775 4988.909 303.08161403625525 304.8004781510953 304.84441559174684 37.885201754531906 38.100059768886915 38.105551948968355
 406048 2048 5451.918 5464.077 5477.19 303.6543570699574 304.3830839133489 305.0619264633107 37.95679463374468 38.047885489168614 38.13274080791384
 446624 2048 5995.035 5997.181 6019.115 303.92705638619634 305.03863465184725 305.1478271603085 37.99088204827454 38.129829331480906 38.143478395038564
 491264 2048 6595.135 6601.095 6619.93 303.96353798303005 304.8308415497732 305.10631609512166 37.995442247878756 38.10385519372165 38.13828951189021
 540384 1024 3632.069 3632.784 3643.99 303.7073186260116 304.6441605116076 304.7041319974923 37.96341482825145 38.08052006395095 38.08801649968654
 594400 1024 3989.935 3999.949 4018.068 302.9643102107779 304.33668029267375 305.1005091561642 37.87053877634724 38.04208503658422 38.137563644520526
 653824 1024 4394.054 4397.869 4400.015 304.32431525801616 304.4728144471789 304.7371634486058 38.04053940725202 38.05910180589736 38.09214543107573
 719200 1024 4829.168 4832.029 4845.142 303.999676376874 304.82466061358485 305.0052514221912 37.99995954710925 38.10308257669811 38.1256564277739
 791104 1024 5316.973 5320.072 5355.12 302.54802730844506 304.5411776381974 304.71867959457387 37.81850341355563 38.06764720477467 38.089834949321734
 870208 1024 5849.123 5855.799 5896.091 302.2656848410243 304.34548453592754 304.6928546382082 37.78321060512804 38.04318556699094 38.086606829776024
 957216 1024 6424.904 6433.964 6533.861 300.03368115728205 304.69215681032716 305.12181473839917 37.504210144660256 38.086519601290895 38.140226842299896
 1052928 512 3539.801 3545.046 3581.047 301.08464703199934 304.1422514686693 304.5929056463909 37.63558087899992 38.017781433583664 38.07411320579886
 1158208 512 3893.852 3915.787 3931.999 301.62901669100125 302.8778102588318 304.58399343375146 37.70362708637516 37.859726282353975 38.07299917921893
 1274016 512 4298.925 4299.164 4323.006 301.77898989730755 303.45257450053083 303.4694450356775 37.722373737163444 37.931571812566354 37.93368062945969
 1401408 512 4731.894 4734.039 4738.092 302.87334901897225 303.1326509984392 303.2700631079225 37.85916862737153 37.8915813748049 37.908757888490314
 1541536 512 5203.009 5220.175 5231.142 301.7568370348195 302.3907941783561 303.38845541109004 37.71960462935244 37.79884927229451 37.923556926386254
 1695680 512 5738.974 5759.954 5808.115 298.95694558389425 301.4566296883621 302.55866640971016 37.36961819798678 37.682078711045264 37.81983330121377
 1865248 512 6304.979 6340.027 6420.851 297.4705303082099 301.2627473037575 302.9374010603366 37.18381628852624 37.65784341296969 37.86717513254207
 2051744 512 7008.076 7011.175 7085.085 296.53643618954465 299.662446879446 299.7949588446244 37.06705452369308 37.45780585993075 37.47436985557805
 2256896 256 3844.023 3852.129 3885.031 297.431539671112 299.97197705476634 300.6045364452814 37.178942458889 37.49649713184579 37.57556705566017
 2482560 256 4225.016 4252.195 4285.097 296.62589201598 298.92107958360333 300.844001537509 37.0782365019975 37.365134947950416 37.60550019218862
 2730816 256 4673.004 4677.057 4683.971 298.5026576808439 298.9439282010033 299.2032088994574 37.31283221010549 37.36799102512541 37.40040111243218
 3003872 256 5125.999 5138.159 5176.067 297.1334150040948 299.325588017031 300.03565431830947 37.14167687551185 37.415698502128876 37.504456789788684
 3304256 256 5638.123 5638.838 5677.938 297.9565948060722 300.0226415442331 300.06068899170884 37.244574350759024 37.50283019302914 37.507586123963605
 3634656 256 6187.916 6206.989 6232.977 298.5642128953789 299.8142693663546 300.73838623536585 37.32052661192236 37.476783670794326 37.59229827942073
 3998112 256 6810.904 6819.963 6838.083 299.3577796584218 300.15314511237085 300.55237072787986 37.419722457302726 37.519143139046356 37.56904634098498
 4397920 128 3746.033 3760.815 3761.053 299.34901741613317 299.3679614657993 300.5492797313852 37.418627177016646 37.42099518322491 37.56865996642315
 4837696 128 4130.125 4136.086 4137.993 299.2876440341972 299.42563476678185 299.8577951030538 37.41095550427465 37.42820434584773 37.48222438788172
 5321440 128 4524.946 4529.953 4535.913 300.3339437947774 300.7290892422062 301.0618557657926 37.54174297434717 37.59113615527578 37.63273197072407
 5853568 128 4984.856 5010.843 5023.003 298.33018375660936 299.0541527643153 300.61317879593713 37.29127296957617 37.38176909553941 37.57664734949214
 6438912 128 5486.012 5491.018 5511.045 299.1014357531103 300.1923271786761 300.46625344603694 37.38767946913879 37.524040897334515 37.55828168075462
 7082784 128 6023.169 6049.871 6064.177 299.0006234976321 299.70766384936144 301.03633220319733 37.37507793720401 37.46345798117018 37.62954152539967
 7791040 128 6643.057 6660.938 6670.952 298.98374924598465 299.4332389822575 300.2392181792208 37.37296865574808 37.429154872782185 37.5299022724026
 8570144 64 3664.017 3720.045 3761.053 291.6679004523467 294.8831081344446 299.3922877541234 36.45848755654334 36.86038851680558 37.424035969265425
 9427136 64 4013.777 4014.969 4026.89 299.65392846588804 300.54364255365357 300.63289714401174 37.456741058236005 37.567955319206696 37.57911214300147
 10369824 64 4410.982 4423.141 4430.056 299.6209239792905 300.0893419404898 300.9165469276456 37.452615497411315 37.51116774256123 37.6145683659557
 11406784 64 4854.202 4856.11 4868.031 299.9299618264551 300.66624355708586 300.7844238867686 37.49124522830689 37.58328044463573 37.598052985846074
 12547456 64 5334.854 5336.046 5358.934 299.70034488202316 300.9858550694653 301.0531062330853 37.462543110252895 37.62323188368316 37.631638279135665
 13802176 64 5876.064 5884.886 5887.032 300.09664088797206 300.20607501997483 300.65678794512786 37.51208011099651 37.525759377496854 37.58209849314098
 15182368 64 6453.037 6463.051 6471.872 300.2752687321381 300.6850950116284 301.1517063980882 37.53440859151726 37.58563687645355 37.643963299761026
 16700576 64 7106.066 7113.934 7133.961 299.6475209214068 300.49108243062136 300.8237930804471 37.45594011517585 37.56138530382767 37.60297413505589
 18370624 32 3941.059 3974.915 4075.05 288.51668961117036 295.7849252122372 298.32589057915646 36.064586201396295 36.97311565152965 37.29073632239456
 20207680 32 4316.807 4392.147 4472.971 289.1347875941964 294.45542692446315 299.5944734151886 36.14184844927455 36.806928365557894 37.44930917689857
 22228448 32 4750.967 4762.173 4771.948 298.12157886045696 298.73351346118676 299.438129542891 37.26519735755712 37.341689182648345 37.42976619286137
 24451264 32 5214.93 5237.103 5246.878 298.2499108993958 298.80659135403675 300.07706642275156 37.28123886242447 37.350823919254594 37.509633302843945
 26896384 32 5847.931 5877.972 6285.906 273.84573934131373 292.85076145309984 294.3551447511949 34.230717417664216 36.60634518163748 36.794393093899366
 29586016 32 6336.927 6430.864 6788.015 278.94826749793566 294.4402220292639 298.8049292661885 34.86853343724196 36.80502775365799 37.35061615827356
 32544608 32 6936.789 6980.181 7356.882 283.1165311608913 298.3955447573638 300.26211147549685 35.389566395111416 37.29944309467047 37.53276393443711
 35799040 16 4287.004 4939.079 5734.921 199.75327994927912 231.93985761312987 267.2190835371276 24.96915999365989 28.992482201641234 33.40238544214095
 39378944 16 4225.016 4769.802 6457.09 195.1538863481847 264.188368406068 298.25359430591504 24.394235793523087 33.0235460507585 37.28169928823938
 43316832 16 4902.124 6467.819 7177.83 193.11388316524634 214.3131438897718 282.76286442366614 24.139235395655792 26.789142986221474 35.34535805295827
 47648512 16 5056.143 5172.968 5337.0 285.6946569233652 294.7538790110435 301.56433154679365 35.71183211542065 36.84423487638044 37.69554144334921
 52413344 16 6994.009 7562.16 8545.16 196.278010944207 221.79205518000148 239.80910061739985 24.534751368025876 27.724006897500185 29.97613757717498
 57654656 16 6219.149 9335.041 9460.926 195.00723206163963 197.63694578309835 296.65618109487326 24.375904007704953 24.704618222887294 37.08202263685916
 63420096 16 6743.193 6758.928 6788.015 298.9744530617566 300.26108755708003 300.9617360796287 37.371806632719576 37.532635944635004 37.620217009953585
 69762080 8 4386.902 5067.11 5184.889 215.27814385225992 220.2820305854817 254.4377056975515 26.90976798153249 27.53525382318521 31.80471321219394
 76738272 8 4690.17 5044.937 5693.913 215.635952287996 243.37516048267796 261.78418948566895 26.9544940359995 30.421895060334744 32.72302368570862
 84412096 8 5029.202 5275.965 6314.039 213.9032616048143 255.9898589168048 268.5502662251387 26.737907700601788 31.9987323646006 33.56878327814234
 92853280 8 5238.056 5306.005 5385.16 275.87898595399207 279.99454957166455 283.6266889853793 34.48487324424901 34.99931869645807 35.45333612317241
 102138592 8 5422.115 5426.168 5699.873 286.71120777603295 301.1734011921489 301.39852658971637 35.83890097200412 37.64667514901861 37.674815823714546
 112352448 8 5990.028 6029.844 6049.156 297.17189769944764 298.12366091063046 300.1053030136086 37.146487212430955 37.26545761382881 37.513162876701074
 123587680 8 7002.831 7112.026 7121.086 277.6827691731289 278.0365088654063 282.3719264394643 34.710346146641115 34.754563608175786 35.296490804933036
 135946432 4 5299.091 5450.964 5497.932 197.8146430330532 199.5191045106884 205.23736165315898 24.72683037913165 24.93988806383605 25.654670206644873
 149541056 4 6542.921 7095.098 7445.812 160.67132073708012 168.61337898363067 182.84317478386183 20.083915092135015 21.076672372953833 22.85539684798273
 164495136 4 7891.893 7898.092 8205.891 160.36784890269684 166.61759422402272 166.74847061408457 20.045981112837104 20.82719927800284 20.84355882676057
 180944640 4 9007.931 9068.966 9116.888 158.77754777726784 159.61655606603884 160.6980692902732 19.84719347215848 19.952069508254855 20.08725866128415
 199039104 4 10374.784 10399.818 10514.021 151.4466094370555 153.10968249636676 153.47913093901522 18.93082617963194 19.138710312045845 19.184891367376903
 218943008 4 11660.099 11662.96 11722.088 149.42253154898683 150.18006269420457 150.2169118804223 18.677816443623353 18.77250783677557 18.777113985052786
 240837280 4 13005.972 13046.98 13068.199 147.43410626054896 147.67388621734685 148.1395039140481 18.42926328256862 18.459235777168356 18.517437989256013
 264920992 4 14536.142 14549.017 14579.058 145.37070474649323 145.67086807308016 145.7998921584558 18.171338093311654 18.20885850913502 18.224986519806976
 291413088 2 8272.886 8277.893 8300.066 140.43892566637422 140.81510258709554 140.90032813216573 17.554865708296777 17.601887823386942 17.612541016520716
 320554368 2 9147.167 9195.805 9202.003 139.34112736107562 139.4350436965551 140.17645813179098 17.417640920134453 17.42938046206939 17.522057266473873
 352609792 2 10174.99 10188.103 10193.11 138.3718186108067 138.4398222122411 138.6182362832789 17.29647732635084 17.304977776530137 17.32727953540986
 387870752 2 11307.955 11320.114 11367.083 136.48910701188686 137.05542258673367 137.2027929011037 17.061138376485857 17.13192782334171 17.15034911263796
 426657824 2 12531.996 12573.004 12574.196 135.72488419935559 135.73775177356183 136.1819215390749 16.965610524919448 16.967218971695228 17.02274019238436
 469323584 2 13884.783 13920.069 14026.88 133.83548843363602 134.86243035145876 135.20516208283559 16.729436054204502 16.857803793932344 16.900645260354448
 516255936 2 15373.945 15432.119 15434.027 133.79682075196575 133.81336315511822 134.319704148805 16.72460259399572 16.726670394389778 16.789963018600623
 567881504 1 8623.838 8669.138 8670.092 130.99780348351553 131.01221920795354 131.70041088434175 16.37472543543944 16.376527400994192 16.46255136054272
 624669632 1 9531.021 9542.942 9562.016 130.65647076934405 130.9176210019929 131.08136725330897 16.332058846168007 16.364702625249112 16.38517090666362
 687136576 1 10544.062 10548.83 10565.996 130.06565135932289 130.2773058244374 130.3362169152647 16.25820641991536 16.284663228054676 16.29202711440809
 755850208 1 11615.038 11650.085 11676.073 129.4699353112986 129.75874562288604 130.15027725264437 16.183741913912325 16.219843202860755 16.268784656580547
 831435200 1 12856.007 12913.227 13098.955 126.94679842781352 128.77264528843176 129.34579142652927 15.86834980347669 16.09658066105397 16.16822392831616
 914578720 1 14188.051 14196.873 14228.106 128.55944705500508 128.84227674643566 128.92238969256593 16.069930881875635 16.105284593304457 16.11529871157074
 1006036576 1 15675.068 15697.002 15697.956 128.17421274464016 128.18200265248103 128.36136672580943 16.02177659308002 16.02275033156013 16.04517084072618
 
META_DATA
 FLOPS          2
 MPI_PROCS      4
 OPENMP_THREADS 1
 ERT_VERSION  1.1.0
 HOSTNAME  ('c3cpu-a7-u1-3.rc.int.colorado.edu', [], ['10.225.64.156'])
 UNAME  uname_result(system='Linux', node='c3cpu-a7-u1-3.rc.int.colorado.edu', release='4.18.0-305.34.2.el8_4.x86_64', version='#1 SMP Mon Jan 17 09:42:23 EST 2022', machine='x86_64', processor='x86_64')
 TIMESTAMP_DATA  1728533311.4820244
 CONFIG  {'nux': ['workstation,', 'MPI', 'and', 'OpenMP', '(8-core', 'Intel', 'Xeon', 'CPU', 'E5530,', '2.40', 'GHz)'], 'ERT_RESULTS': ['Results.alpine'], 'ERT_DRIVER': ['driver1'], 'ERT_KERNEL': ['kernel1'], 'ERT_MPI': ['True'], 'ERT_MPI_CFLAGS': ['-I/usr/include/mpi'], 'ERT_MPI_LDFLAGS': ['-lmpi'], 'ERT_OPENMP': ['True'], 'ERT_OPENMP_CFLAGS': ['-qopenmp'], 'ERT_OPENMP_LDFLAGS': ['-qopenmp'], 'ERT_FLOPS': ['1,2,4,8,16'], 'ERT_ALIGN': ['32'], 'ERT_CC': ['icpc'], 'ERT_CFLAGS': ['-O3', '-fno-alias', '-fno-fnalias', '-DERT_INTEL'], 'ERT_LD': ['icpc'], 'ERT_LDFLAGS': [], 'ERT_LDLIBS': [], 'ERT_PRECISION': ['FP64'], 'ERT_RUN': ['export', 'OMP_NUM_THREADS=ERT_OPENMP_THREADS;', 'mpirun', '-np', 'ERT_MPI_PROCS', 'ERT_CODE'], 'ERT_PROCS_THREADS': ['1-8'], 'ERT_MPI_PROCS': ['1,2,4,8'], 'ERT_OPENMP_THREADS': ['1,2,4,8'], 'ERT_NUM_EXPERIMENTS': ['3'], 'ERT_MEMORY_MAX': ['1073741824'], 'ERT_WORKING_SET_MIN': ['1'], 'ERT_TRIALS_MIN': ['1'], 'ERT_GNUPLOT': ['gnuplot'], 'ERT_GPU': [False], 'ERT_HIP': [False], 'ERT_OCL': [False], 'ERT_SYCL': [False], 'ERT_WSS_MULT': [1.1]}
 TIMESTAMP_DATA  1728533317.8787158
 TIMESTAMP_DATA  1728533324.3079479
 