fp64
 64 16777216 65328.121 65351.963 65352.917 32.85979794903417 32.860277632364316 32.87227024331528 2.0537373718146354 2.0537673520227697 2.054516890207205
 128 8388608 35362.959 35367.966 35369.158 60.716278515875324 60.71832482535185 60.72692186194035 3.7947674072422077 3.7948953015844906 3.7954326163712717
 192 4194304 17692.089 17693.996 17698.05 91.0050958156407 91.02594665444708 91.03575818548052 5.687818488477544 5.689121665902943 5.689734886592532
 256 4194304 17818.928 17821.074 17827.988 120.45574901665854 120.50248194917995 120.51699451280122 7.528484313541159 7.531405121823747 7.532312157050076
 320 2097152 9001.97 9012.938 9044.886 148.39073483070987 148.91673281231937 149.09817295547532 9.274420926919367 9.30729580076996 9.318635809717208
 384 2097152 8888.006 8888.96 8893.967 181.09047807350757 181.19248326013394 181.21193167511365 11.318154879594223 11.324530203758371 11.325745729694603
 448 2097152 8862.019 8869.886 8875.132 211.7205909726188 211.8458108706245 212.03387083688264 13.232536935788675 13.24036317941403 13.252116927305165
 512 2097152 8844.852 8845.091 8845.806 242.7685671605278 242.78819155167537 242.79475202072348 15.173035447532987 15.17426197197971 15.174672001295217
 576 1048576 4425.049 4431.963 4431.963 272.5563259440568 272.5563259440568 272.98218663793324 17.03477037150355 17.03477037150355 17.061386664870827
 640 1048576 4436.016 4440.069 4442.93 302.09282613050397 302.28748246930394 302.56366974330126 18.880801633156498 18.892967654331496 18.91022935895633
 704 1048576 4430.771 4431.009 4441.023 332.4448011190214 333.19612034189055 333.2140180569025 20.777800069938838 20.82475752136816 20.825876128556406
 768 1048576 4454.851 4460.096 4465.818 360.65346505388266 361.11615893469565 361.54132562458324 22.540841565867666 22.569759933418478 22.596332851536452
 832 1048576 4436.016 4436.97 4439.116 393.0580917461945 393.24819955960936 393.33277066629165 24.566130734137158 24.578012472475585 24.583298166643228
 896 1048576 4485.13 4488.945 4498.959 417.6628842361089 418.5946123198213 418.95066408331525 26.103930264756805 26.16216326998883 26.184416505207203
 960 1048576 4534.006 4598.141 4719.973 426.54182979436536 437.8434502117268 444.03688923217123 26.658864362147835 27.365215638232925 27.752305577010702
 1024 1048576 4518.032 4519.939 4552.126 471.75399977944375 475.1134136987247 475.31395262362025 29.484624986215234 29.694588356170293 29.707122038976266
 1088 524288 2382.994 2383.947 2385.139 478.3162272722889 478.55539070289734 478.7467731769362 29.894764204518058 29.909711918931084 29.92167332355851
 1152 524288 2357.96 2388.0 2422.094 498.72529802724415 505.84570854271357 512.2900948277324 31.17033112670276 31.615356783919598 32.01813092673328
 1216 524288 2501.011 2501.965 2511.024 507.78822344987555 509.626799735408 509.82119470885976 31.73676396561722 31.851674983463 31.863824669303735
 1280 524288 2568.96 2575.159 2580.881 520.0461702806135 521.2017122049551 522.4593921275535 32.502885642538345 32.575107012809696 32.653712007972096
 1408 524288 2738.953 2774.0 2777.1 531.6319210687408 532.2260302811824 539.0362696986767 33.2269950667963 33.2641268925739 33.689766856167296
 1536 524288 2893.925 2893.925 2926.826 550.2932992941842 556.549577476956 556.549577476956 34.39333120588651 34.78434859230975 34.78434859230975
 1664 524288 3064.871 3065.109 3066.063 569.0784775133453 569.2556003717976 569.2998054404247 35.56740484458408 35.57847502323735 35.581237840026546
 1792 524288 3232.002 3233.91 3237.009 580.4890230456573 581.0452956328407 581.3883134973307 36.28056394035358 36.31533097705255 36.33676959358317
 1920 524288 3404.14 3406.048 3407.955 590.7548427135921 591.0855983239227 591.4168982474281 36.922177669599506 36.94284989524517 36.963556140464256
 2112 262144 1870.871 1873.97 1873.97 590.8825947053581 590.8825947053581 591.8613608313988 36.93016216908488 36.93016216908488 36.99133505196242
 2304 262144 1959.085 1966.953 1976.967 611.0165480759163 614.1273085833774 616.5937424869262 38.188534254744766 38.38295678646109 38.53710890543289
 2496 262144 2127.886 2130.032 2130.032 614.367694006475 614.367694006475 614.9872916124266 38.397980875404684 38.397980875404684 38.43670572577666
 2688 262144 2297.878 2299.07 2300.024 612.7267124169139 612.9809636070236 613.2989410229785 38.29541952605712 38.31131022543897 38.33118381393616
 2944 262144 2466.917 2469.063 2469.063 625.1375003391975 625.1375003391975 625.6813147746763 39.07109377119984 39.07109377119984 39.105082173417266
 3200 262144 2678.871 2679.11 2680.779 625.8336103050643 626.2234846646834 626.2793542503539 39.11460064406652 39.13896779154271 39.14245964064712
 3520 262144 2851.963 2853.87 2857.924 645.7462689700636 646.6635691184251 647.0959686363392 40.35914181062898 40.41647306990157 40.4434980397712
 3840 262144 3105.164 3105.879 3106.833 648.0122748792741 648.2113179554001 648.3605761241596 40.50076717995463 40.513207372212506 40.522536007759975
 4224 131072 2007.961 2008.915 2299.07 481.6278999769471 551.1911932560611 551.4530690586122 30.101743748559194 34.44944957850382 34.46581681616326
 4608 131072 2172.947 2367.973 2407.789 501.68829245419755 510.12387050021266 555.90842850746 31.355518278387347 31.88274190626329 34.74427678171625
 5056 131072 2456.188 2506.018 2552.986 519.1568085371405 528.8868890806052 539.616700350299 32.44730053357128 33.055430567537826 33.726043771893686
 5504 131072 2275.944 2275.944 2279.997 632.8256467004124 633.9525823130974 633.9525823130974 39.55160291877578 39.62203639456859 39.62203639456859
 6016 131072 2444.983 2445.936 2449.036 643.9506418035504 644.7667903003185 645.0181060563611 40.2469151127219 40.297924393769904 40.31363162852257
 6592 131072 2701.044 2701.044 2702.951 639.3209673427302 639.7723428422491 639.7723428422491 39.95756045892064 39.98577142764057 39.98577142764057
 7232 131072 3000.021 3000.021 3001.213 631.6863908026521 631.937379105013 631.937379105013 39.48039942516576 39.49608619406331 39.49608619406331
 7936 131072 3255.129 3257.036 3259.182 638.3119396216597 638.7325113999353 639.1067094422372 39.89449622635373 39.92078196249596 39.94416934013982
 8704 65536 1900.911 1929.045 2078.056 548.9990106137659 591.4069853217525 600.1599696145689 34.31243816336037 36.96293658260953 37.50999810091056
 9536 65536 2053.976 2077.818 2536.058 492.852526243485 601.5457523228694 608.5283333398247 30.80328289021781 37.596609520179335 38.033020833739045
 10432 65536 2160.072 2160.072 2725.124 501.75445374228843 633.0081145443298 633.0081145443298 31.359653358893027 39.563007159020614 39.563007159020614
 11456 65536 2371.073 2372.98 2902.031 517.4172267629119 632.7743310099537 633.283256989557 32.338576672681995 39.548395688122106 39.58020356184731
 12544 65536 2604.961 2605.915 3040.075 540.8311202848614 630.9366069115839 631.1676712242526 33.80194501780384 39.433537931973994 39.447979451515785
 13760 65536 2839.088 2840.996 3360.033 536.7657758123208 634.8304327074026 635.257068467057 33.54786098827005 39.67690204421266 39.703566779191064
 15104 65536 3115.892 3115.892 3591.061 551.2887383422336 635.3594694552957 635.3594694552957 34.4555461463896 39.70996684095598 39.70996684095598
 16576 32768 1719.952 1719.952 1947.88 557.6959237735383 631.6017749332539 631.6017749332539 34.855995235846144 39.47511093332837 39.47511093332837
 18176 32768 1879.215 1893.997 2100.945 566.9745452641548 628.9251440208194 633.8723009341667 35.435909079009676 39.30782150130121 39.61701880838542
 19968 32768 2069.95 2070.189 2297.878 569.4918738070514 632.1272347597248 632.2002212613833 35.593242112940715 39.5079521724828 39.512513828836454
 21952 32768 2273.083 2281.904 2477.884 580.5946815912286 630.4587186840463 632.9052973428599 36.287167599451784 39.40366991775289 39.55658108392874
 24128 32768 2494.812 2496.004 2705.097 584.545621839069 633.5136514204304 633.8163388664157 36.53410136494181 39.5946032137769 39.61352117915098
 26496 32768 2737.999 2777.815 2951.145 588.395980543145 625.1106916767316 634.201055588406 36.77474878394656 39.06941822979572 39.637565974275375
 29120 32768 3015.995 3018.856 3216.028 593.4053807989234 632.1627530428744 632.7624283196756 37.08783629993271 39.51017206517965 39.54765176997972
 32000 32768 3324.032 3324.032 3526.926 594.6118517938851 630.9060803265431 630.9060803265431 37.16324073711782 39.431630020408946 39.431630020408946
 35200 16384 1829.147 1831.055 1941.204 594.1846400481351 629.9284292388814 630.5855133567724 37.13654000300844 39.37052682743009 39.41159458479827
 38720 16384 2003.908 2003.908 2101.898 603.6339346628619 633.151302355198 633.151302355198 37.727120916428866 39.57195639719988 39.57195639719988
 42560 16384 2206.087 2207.041 2310.991 603.4666859368989 631.8895208562051 632.1627750854794 37.71666787105618 39.49309505351282 39.510173442842465
 46784 16384 2421.856 2426.147 2537.966 604.0341407252895 631.8735476457115 632.9930895973996 37.75213379533059 39.49209672785697 39.562068099837475
 51456 16384 2676.01 2677.202 2793.074 603.6754514917973 629.8031332712287 630.083672333063 37.72971571823733 39.362695829451795 39.380229520816435
 56576 16384 2938.032 2939.939 3037.93 610.2452551572947 630.5853175865213 630.9946140818072 38.140328447330916 39.411582349157584 39.43716338011295
 62208 16384 3224.134 3225.803 3333.092 611.5738011432027 631.914516788533 632.2416326368569 38.22336257145017 39.49465729928331 39.51510203980356
 68416 8192 1774.788 1775.026 1828.909 612.8942139822157 631.4993380378654 631.5840224297212 38.30588837388848 39.46870862736659 39.47400140185758
 75200 8192 1952.887 1953.125 2002.954 615.1298532068136 630.8233216 630.9002005748413 38.44561582542585 39.4264576 39.43126253592758
 82688 8192 2145.052 2145.052 2195.12 617.1690805058494 631.5745222027251 631.5745222027251 38.573067531615585 39.47340763767032 39.47340763767032
 90944 8192 2357.96 2358.198 2408.981 618.5297833399267 631.8496139849157 631.913389540111 38.65811145874542 39.49060087405723 39.49458684625694
 100032 8192 2598.047 2603.054 2647.161 619.1252772309656 629.6159388164824 630.8293452735843 38.69532982693535 39.35099617603015 39.42683407959902
 110016 8192 2856.97 2858.162 2904.892 620.5057344644828 630.6507972606172 630.9139206922019 38.78160840403017 39.415674828788575 39.43212004326262
 120960 8192 3141.88 3142.118 3193.14 620.6457092391815 630.72381113631 630.771588984939 38.790356827448846 39.420238196019376 39.423224311558684
 133056 4096 1743.078 1743.078 1767.874 616.5568089128524 625.3275825866657 625.3275825866657 38.53480055705327 39.082973911666606 39.082973911666606
 146304 4096 1919.985 1921.892 1943.111 616.8059199911893 623.6158785197086 624.2352768381003 38.55036999944933 38.97599240748179 39.01470480238127
 160896 4096 2101.898 2102.137 2129.078 619.0755021657262 627.0095773967158 627.0808726208408 38.69221888535789 39.18809858729474 39.19255453880255
 176960 4096 2311.945 2326.012 2354.145 615.7888830127287 623.2368190705809 627.0288955835887 38.48680518829554 38.9523011919113 39.18930597397429
 194624 4096 2542.019 2542.019 2570.868 620.1640099763971 627.2021601726817 627.2021601726817 38.76025062352482 39.20013501079261 39.20013501079261
 214080 4096 2796.888 2808.094 2822.161 621.4186079390935 624.5315719488023 627.0338175858311 38.83866299619334 39.03322324680014 39.189613599114445
 235456 4096 3070.116 3079.891 3097.057 622.8027291715974 626.2739661890631 628.2679716336451 38.92517057322484 39.142122886816445 39.266748227102816
 258944 4096 3376.007 3379.107 3398.895 624.1055543051492 627.7603070870499 628.3367445624373 39.006597144071826 39.23501919294062 39.27104653515233
 284800 2048 1870.155 1871.109 1887.083 618.1714317812199 623.4488744375661 623.7669070210758 38.63571448632624 38.96555465234788 38.985431688817236
 313280 2048 2059.937 2063.036 2079.01 617.2143856931905 621.9934504293672 622.929186669301 38.575899105824405 38.87459065183545 38.93307416683131
 344576 2048 2274.036 2274.99 2295.971 614.7217434366548 620.3909889713801 620.6512544216538 38.42010896479093 38.77443681071126 38.79070340135336
 379008 2048 2516.985 2521.992 2538.919 611.4479303987249 615.5518209415415 616.7763288219834 38.21549564992031 38.47198880884634 38.54852055137396
 416896 2048 2785.921 2788.067 2810.001 607.6887574061361 612.469505216338 612.9412915872346 37.98054733788351 38.279344076021125 38.30883072420216
 458560 2048 3071.07 3074.884 3104.925 604.9298324436178 610.8398755855505 611.5984852185069 37.80811452772611 38.17749222409691 38.22490532615668
 504384 2048 3384.113 3387.928 3412.962 605.3266529190773 609.79951876191 610.4869618715451 37.83291580744233 38.112469922619375 38.15543511697157
 554816 1024 1863.956 1877.069 2030.134 559.6986051167066 605.3390514680068 609.5976342789207 34.981162819794164 37.833690716750425 38.099852142432546
 610240 1024 2047.062 2049.208 2060.89 606.4232055082998 609.8802659368887 610.5196227569071 37.90145034426874 38.11751662105554 38.157476422306694
 671232 1024 2250.91 2251.863 2259.97 608.274948782506 610.4648177975304 610.7232790293704 38.01718429890663 38.15405111234565 38.17020493933565
 738304 1024 2473.116 2476.931 2484.083 608.6940702061887 610.4516403565541 611.3933159625346 38.043379387886795 38.15322752228463 38.212082247658415
 812096 1024 2725.124 2726.078 2736.092 607.8642852652615 610.0972195219653 610.3107998021375 37.991517829078845 38.13107622012283 38.14442498763359
 893248 1024 2996.922 2999.067 3005.981 608.5773343211417 609.9803385519564 610.4169224290789 38.03608339507136 38.123771159497274 38.15105765181743
 982528 1024 3293.991 3303.051 3307.104 608.4529981518574 609.1995987951746 610.8751796832476 38.02831238449109 38.07497492469841 38.17969873020297
 1080768 512 1814.127 1816.034 1821.995 607.4146372520232 609.4084317804623 610.0490384631286 37.96341482825145 38.08802698627889 38.128064903945535
 1188800 512 1995.087 1995.087 2001.047 608.3471302772998 610.1644690181431 610.1644690181431 38.02169564233124 38.135279313633944 38.135279313633944
 1307648 512 2195.835 2199.173 2204.895 607.2994641468188 608.8795888272547 609.805177529277 37.95621650917617 38.05497430170342 38.11282359557981
 1438400 512 2413.034 2420.902 2429.008 606.3881222293217 608.418515082395 610.4023399587408 37.8992576393326 38.026157192649684 38.1501462474213
 1582208 512 2656.937 2660.036 2664.804 607.9925547995275 609.0823552763948 609.7927771716078 37.99953467497047 38.06764720477467 38.112048573225486
 1740416 512 2918.005 2923.012 2928.019 608.6661268249968 609.7087470048019 610.7549452451246 38.0416329265623 38.10679668780012 38.17218407782029
 1914432 512 3209.114 3215.79 3217.936 609.2036535220091 609.6101946955491 610.8783820082427 38.075228345125566 38.10063716847182 38.17989887551517
 2105856 256 1765.013 1768.112 1774.073 607.7530473661456 609.8020215913924 610.8727085862824 37.9845654603841 38.112626349462026 38.17954428664265
 2316416 256 1943.111 1948.118 1950.979 607.9024899806712 608.7952536755987 610.3639946456996 37.99390562379195 38.04970335472492 38.14774966535622
 2548032 256 2140.999 2142.906 2144.098 608.4574417773814 608.7958986535107 609.3381566268831 38.02859011108634 38.04974366584442 38.083634789180195
 2802816 256 2357.96 2367.973 2367.973 606.0211801401452 606.0211801401452 608.5946292557974 37.87632375875908 37.87632375875908 38.037164328487336
 3083072 256 2588.034 2609.015 2700.806 584.4673271608549 605.0301987531694 609.9351337733585 36.52920794755343 37.81438742207309 38.12094586083491
 3391360 256 2867.937 2868.891 2887.011 601.444303468189 605.2430433920284 605.4443734294024 37.59026896676181 37.82769021200178 37.84027333933765
 3730496 256 3163.099 3165.007 3176.928 601.2141137602111 603.4785869351947 603.8426087833482 37.5758821100132 37.71741168344967 37.74016304895926
 4103488 256 3473.997 3477.097 3488.064 602.3358103521036 604.2356183908587 604.7748043536019 37.64598814700648 37.76472614942867 37.79842527210012
 4513792 128 1914.978 1916.17 1918.077 602.44231696642 603.0418762427133 603.41724656889 37.65264481040125 37.69011726516958 37.71357791055563
 4965120 128 2109.051 2115.011 2120.018 599.5565698027092 600.9759381866099 602.6742454307649 37.472285612669324 37.56099613666312 37.66714033942281
 5461632 128 2319.813 2323.151 2335.072 598.772882377931 601.8454211542858 602.7114219982386 37.423305148620685 37.61533882214286 37.669463874889914
 6007744 128 2552.032 2556.086 2586.842 594.5405494421383 601.6943342281911 602.6501485874785 37.15878434013364 37.605895889261944 37.665634286717406
 6608512 128 2805.948 2808.094 2827.883 598.249316538202 602.4652565049461 602.9260242884045 37.39058228363763 37.65407853155913 37.68287651802528
 7269312 128 3085.852 3086.805 3091.812 601.8942523025333 602.8705642241736 603.0567480229123 37.618390768908334 37.67941026401085 37.69104675143202
 7996224 128 3387.928 3393.173 3400.087 602.0532251086516 603.2799813036353 604.2139455147808 37.62832656929073 37.704998831477205 37.7633715946738
 8795840 64 1868.01 1868.963 1874.208 600.7164199491198 602.4022519439924 602.7095786425126 37.544776246819985 37.650140746499524 37.66934866515704
 9675392 64 2050.877 2051.83 2056.837 602.113913742314 603.5832286300523 603.8637012361053 37.63211960889463 37.72395178937827 37.74148132725658
 10642880 64 2255.917 2257.824 2261.162 602.4728170736994 603.363521691682 603.8735644972754 37.65455106710621 37.71022010573012 37.742097781079714
 11707136 64 2478.123 2481.937 2488.136 602.2634646980712 603.767705626694 604.6969452283038 37.64146654362945 37.735481601668376 37.793559076768986
 12877824 64 2728.939 2732.992 2806.902 587.2529471994391 603.1343933681474 604.0301641040712 36.70330919996494 37.69589958550921 37.75188525650445
 14165568 64 3000.021 3004.074 3010.988 602.1919396556877 603.5779091993073 604.3933372466392 37.636996228480484 37.72361932495671 37.77458357791495
 15582080 64 3298.998 3305.197 3309.965 602.5762326791975 603.4454950794158 604.5794025943635 37.66101454244984 37.715343442463485 37.78621266214772
 17140288 32 1820.803 1822.948 1824.141 601.367126773643 601.7606821478178 602.4695873194408 37.58544542335269 37.61004263423861 37.65434920746505
 18854272 32 2012.968 2016.068 2017.975 597.9625158884525 598.5281290115213 599.4498710362012 37.37265724302828 37.40800806322008 37.465616939762576
 20739648 32 2206.802 2215.862 2218.962 598.1794514732563 599.0163069721851 601.4755614685865 37.38621571707852 37.43851918576157 37.59222259178666
 22813568 32 2414.942 2422.81 2427.101 601.5688477735372 602.6342767282617 604.5976888885943 37.598052985846074 37.66464229551636 37.78735555553715
 25094912 32 2663.851 2685.07 2772.093 579.3724698269504 598.1499059614832 602.9144903374851 36.2107793641844 37.3843691225927 37.682155646092816
 27604352 32 2930.88 2933.979 2936.125 601.7041263570181 602.1442307528446 602.7809149470465 37.606507897313634 37.634014422052786 37.67380718419041
 30364736 32 3228.903 3229.856 3239.87 599.8213212258516 601.6810359347289 601.8586200948124 37.48883257661573 37.60506474592056 37.616163755925776
 33401152 32 3551.006 3551.96 3565.073 599.6156959478811 601.8293359159451 601.9910211359825 37.47598099674257 37.61433349474657 37.624438820998904
 36741248 16 2122.879 2129.078 2140.999 549.1454858222727 552.2202267836124 553.8327601337618 34.32159286389204 34.51376417397577 34.61454750836011
 40415360 16 2305.984 2313.137 2321.959 556.9829269164529 559.1071864744716 560.8414975992895 34.81143293227831 34.94419915465448 35.05259359995559
 44456896 16 2554.178 2571.821 2573.013 552.9006934671531 553.1569545469923 556.9778895597723 34.55629334169707 34.57230965918702 34.81111809748577
 48902528 16 2829.075 2853.87 2923.965 535.1913911418228 548.3364329839832 553.1422447266333 33.449461946363925 34.27102706149895 34.57139029541458
 53792768 16 3134.966 3136.873 3159.046 544.901396180999 548.7530339927692 549.0868404952398 34.056337261312436 34.29706462454808 34.31792753095249
 59172032 16 3561.974 3629.923 4094.124 462.4933255563339 521.6377934187585 531.5886707763729 28.90583284727087 32.60236208867241 33.2242919235233
 65089216 16 3808.975 3875.971 4802.942 433.6623078105045 537.3762889350824 546.8281918363865 27.10389423815653 33.58601805844265 34.17676198977416
 71598080 8 2618.074 3259.897 3401.995 336.7345572230411 351.4127225492094 437.56184126193523 21.04590982644007 21.963295159325586 27.347615078870952
 78757888 8 2842.903 2938.986 3066.063 410.9916228074896 428.76223568264703 443.2533252101813 25.6869764254681 26.79763973016544 27.70333282563633
 86633664 8 3098.011 3489.017 3719.091 372.70898292082666 397.286291239051 447.42856755511843 23.294311432551666 24.83039320244069 27.964285472194902
 95297024 8 3446.817 3453.016 4338.98 351.4080230837663 441.5711899394616 442.3653428656061 21.963001442735393 27.59819937121635 27.647833929100383
 104826688 8 4166.126 4286.051 4927.874 340.3550918712613 391.3222236506285 402.58672157299134 21.272193241953833 24.45763897816428 25.16167009831196
 115309312 8 4225.969 5167.007 5225.897 353.0396775902778 357.06338156693033 436.5741897302133 22.064979849392362 22.316461347933146 27.28588685813833
 126840192 8 5558.968 6403.923 6406.069 316.80006443889374 316.90622638654463 365.0755089793645 19.80000402743086 19.80663914915904 22.81721931121028
 139524160 4 3509.998 3760.099 4053.831 275.3428250955701 296.85209884101454 318.0039646746238 17.20892656847313 18.55325617756341 19.875247792163986
 153476544 4 3586.054 3700.018 3977.06 308.72361794893715 331.8395618615909 342.3853494676879 19.29522612180857 20.73997261634943 21.399084341730493
 168824192 4 4512.072 4562.14 4762.173 283.60866688379446 296.04386011827785 299.3288972339094 17.725541680237153 18.502741257392366 18.708056077119338
 185706560 4 5892.992 6403.208 6437.063 230.79663504924528 232.01690152810903 252.10495449510194 14.42478969057783 14.501056345506814 15.756559655943871
 204277184 4 7428.885 7499.933 7520.914 217.2897432413135 217.8976094853114 219.98152777974082 13.580608952582093 13.618600592831962 13.748845486233801
 224704896 4 8207.083 8342.981 8444.786 212.86971250662836 215.4672494160061 219.03509054313204 13.304357031664273 13.466703088500381 13.689693158945753
 247175360 4 7879.972 7896.9 8218.05 240.61704175564765 250.40242120325698 250.94034344284478 15.038565109727978 15.650151325203561 15.683771465177799
 271892864 2 6114.96 6170.034 6179.81 175.98784687555118 176.26668767141317 177.85422243154494 10.999240429721949 11.016667979463323 11.115888901971559
 299082112 2 5727.053 6158.113 6170.034 193.89333154404014 194.26867418639443 208.89075899943654 12.118333221502509 12.141792136649652 13.055672437464784
 328990272 2 5466.938 5486.012 6216.049 211.70378290132524 239.87572174468448 240.7126417018082 13.231486431332828 14.99223260904278 15.044540106363012
 361889280 2 6020.069 6268.024 6505.013 222.52947380735444 230.94313614625594 240.45523730708067 13.908092112959652 14.433946009140996 15.028452331692542
 398078208 2 6808.043 7126.093 7436.037 214.13460314950018 223.448224995099 233.8870115832112 13.383412696843761 13.965514062193687 14.6179382239507
 437886016 2 7755.041 7925.987 8084.059 216.66641275131715 220.98750149350482 225.85877547262484 13.541650796957322 13.811718843344051 14.116173467039053
 481674560 2 9460.926 9715.08 9981.871 193.01974950387557 198.32036792285808 203.64795581320476 12.063734343992223 12.39502299517863 12.727997238325298
 529841984 2 10514.021 10817.051 10946.989 193.60281955156805 195.92844075524837 201.5753949892244 12.100176221973003 12.245527547203023 12.598462186826525
 582826176 1 5807.877 5888.939 5925.179 196.7286308143602 197.93928108272135 200.70196941154228 12.295539425897513 12.371205067670084 12.543873088221392
 641108736 1 6464.005 6499.052 6541.967 195.9987679546534 197.29300088689857 198.36269804865557 12.249922997165838 12.33081255543116 12.397668628040973
 705219584 1 7230.043 7267.952 7284.164 193.63089134182042 194.06280723923325 195.08032912114078 12.101930708863776 12.128925452452078 12.192520570071299
 775741504 1 8085.012 8090.019 8092.88 191.70962722788425 191.7774245029585 191.8961911250101 11.981851701742766 11.986089031434906 11.99351194531313
 853315648 1 9027.958 9052.992 9073.973 188.07982964022483 188.51571900207134 189.03846207525555 11.754989352514052 11.782232437629458 11.814903879703472
 938647168 1 10107.994 10131.836 10145.903 185.02979340527898 185.2866880198219 185.7237287635905 11.564362087829936 11.580418001238868 11.607733047724405
 1032511872 1 11252.88 11287.928 11307.001 182.63231284758882 182.9409032375118 183.5106873973596 11.414519552974301 11.433806452344488 11.469417962334974
 
META_DATA
 FLOPS          1
 MPI_PROCS      2
 OPENMP_THREADS 4
 ERT_VERSION  1.1.0
 HOSTNAME  ('c3cpu-a7-u1-3.rc.int.colorado.edu', [], ['10.225.64.156'])
 UNAME  uname_result(system='Linux', node='c3cpu-a7-u1-3.rc.int.colorado.edu', release='4.18.0-305.34.2.el8_4.x86_64', version='#1 SMP Mon Jan 17 09:42:23 EST 2022', machine='x86_64', processor='x86_64')
 TIMESTAMP_DATA  1728533041.351822
 CONFIG  {'nux': ['workstation,', 'MPI', 'and', 'OpenMP', '(8-core', 'Intel', 'Xeon', 'CPU', 'E5530,', '2.40', 'GHz)'], 'ERT_RESULTS': ['Results.alpine'], 'ERT_DRIVER': ['driver1'], 'ERT_KERNEL': ['kernel1'], 'ERT_MPI': ['True'], 'ERT_MPI_CFLAGS': ['-I/usr/include/mpi'], 'ERT_MPI_LDFLAGS': ['-lmpi'], 'ERT_OPENMP': ['True'], 'ERT_OPENMP_CFLAGS': ['-qopenmp'], 'ERT_OPENMP_LDFLAGS': ['-qopenmp'], 'ERT_FLOPS': ['1,2,4,8,16'], 'ERT_ALIGN': ['32'], 'ERT_CC': ['icpc'], 'ERT_CFLAGS': ['-O3', '-fno-alias', '-fno-fnalias', '-DERT_INTEL'], 'ERT_LD': ['icpc'], 'ERT_LDFLAGS': [], 'ERT_LDLIBS': [], 'ERT_PRECISION': ['FP64'], 'ERT_RUN': ['export', 'OMP_NUM_THREADS=ERT_OPENMP_THREADS;', 'mpirun', '-np', 'ERT_MPI_PROCS', 'ERT_CODE'], 'ERT_PROCS_THREADS': ['1-8'], 'ERT_MPI_PROCS': ['1,2,4,8'], 'ERT_OPENMP_THREADS': ['1,2,4,8'], 'ERT_NUM_EXPERIMENTS': ['3'], 'ERT_MEMORY_MAX': ['1073741824'], 'ERT_WORKING_SET_MIN': ['1'], 'ERT_TRIALS_MIN': ['1'], 'ERT_GNUPLOT': ['gnuplot'], 'ERT_GPU': [False], 'ERT_HIP': [False], 'ERT_OCL': [False], 'ERT_SYCL': [False], 'ERT_WSS_MULT': [1.1]}
 TIMESTAMP_DATA  1728533045.6668165
 TIMESTAMP_DATA  1728533049.9518497
 