fp64
 16 67108864 261208.773 261216.164 261222.124 8.220910293187877 8.22109786437259 8.221330483413741 0.5138068933242423 0.5138186165232869 0.5138331552133588
 32 33554432 141432.047 141469.002 141562.223 15.16989209755487 15.179888298073948 15.183854674747089 0.9481182560971794 0.9487430186296217 0.948990917171693
 48 16777216 70746.899 70752.144 70762.873 22.760703003112944 22.764154482724933 22.76584216079916 1.422543937694559 1.4227596551703083 1.4228651350499475
 64 16777216 71213.007 71238.995 71254.969 30.138019539381176 30.144777421410847 30.15577825550886 1.8836262212113235 1.884048588838178 1.8847361409693038
 80 8388608 35620.928 35669.088 35691.023 37.60545838094918 37.6285841678935 37.679458547514535 2.3503411488093238 2.3517865104933438 2.3549661592196585
 96 8388608 35508.871 35514.832 35522.938 45.34007676955098 45.35042530962838 45.358038446223766 2.8337547980969364 2.8344015818517736 2.8348774028889854
 112 8388608 35392.046 35419.941 35429.001 53.03700750692914 53.05057374319173 53.092386690501016 3.3148129691830714 3.315660858949483 3.3182741681563135
 128 8388608 35371.065 35373.926 35412.073 60.642697986079504 60.70809465706464 60.713005050879865 3.790168624129969 3.79425591606654 3.7945628156799915
 144 4194304 17693.043 17697.096 17702.103 68.23819475008139 68.25750123071037 68.2731371873114 4.264887171880087 4.266093826919398 4.267071074206963
 160 4194304 17707.825 17717.123 17721.891 75.73555666266088 75.75593847827325 75.79571630056203 4.733472291416305 4.734746154892078 4.737232268785127
 176 4194304 17704.964 17707.109 17711.163 83.35957429785948 83.37865927182128 83.38876080177288 5.209973393616218 5.21116620448883 5.211797550110805
 192 4194304 17735.004 17761.946 17805.815 90.45431147071898 90.67771830856822 90.81547069287382 5.653394466919936 5.6673573942855135 5.6759669183046135
 208 4194304 17719.984 17719.984 17724.991 98.4390042285494 98.46681938313263 98.46681938313263 6.152437764284337 6.154176211445789 6.154176211445789
 224 4194304 17856.121 17899.036 17909.05 104.9217123186322 104.98041302336058 105.232720589203 6.557607019914513 6.5612758139600365 6.577045036825187
 240 4194304 18048.048 18049.002 18362.999 109.63709794897879 111.5444455045215 111.55034162143184 6.8523186218111745 6.971527844032594 6.97189635133949
 256 4194304 18050.909 18054.962 18069.029 118.84886830388064 118.94146595268381 118.96817207377202 7.42805426899254 7.433841622042738 7.4355107546107515
 272 2097152 9523.153 9528.875 9530.067 119.71066814115788 119.7256431635424 119.79758048621082 7.481916758822368 7.4828526977214 7.487348780388176
 288 2097152 9305.954 9356.022 9441.853 127.9367039499556 129.11037960363922 129.8050207426342 7.996043996872225 8.069398725227451 8.112813796414638
 304 2097152 9897.947 9969.95 9991.884 127.61041020892559 127.8911545193306 128.82150369162414 7.975650638057849 7.993197157458162 8.051343980726509
 320 2097152 10140.181 10191.917 10315.895 130.10769109224162 131.69036600278437 132.36226059475663 8.131730693265101 8.230647875174023 8.27264128717229
 352 2097152 10909.081 10936.975 11012.077 134.07053074547156 134.9911660216833 135.33633199716823 8.379408171591972 8.436947876355207 8.458520749823014
 384 2097152 11566.162 11570.93 11572.123 139.18040242054116 139.19475236649086 139.25213359453204 8.698775151283822 8.699672022905679 8.703258349658253
 416 2097152 12242.079 12245.178 12254.953 142.37757288828445 142.49122911892337 142.5272998156604 8.898598305517778 8.90570181993271 8.907956238478775
 448 2097152 12923.956 12926.102 12934.208 145.27740639395932 145.36851032120896 145.3926485048386 9.079837899622458 9.08553189507556 9.087040531552413
 480 2097152 13608.932 13609.886 13613.939 147.88268994006802 147.92672914380032 147.93709895824298 9.242668121254251 9.24542057148752 9.246068684890187
 528 1048576 7483.006 7488.012 7488.012 147.87586558354874 147.87586558354874 147.9747919485832 9.242241598971797 9.242241598971797 9.24842449678645
 576 1048576 7826.09 7827.997 7828.951 154.2939216250044 154.31272546476447 154.35032717487275 9.643370101562775 9.64454534154778 9.646895448429547
 624 1048576 8501.053 8505.106 8509.874 153.7769945829985 153.86320264556372 153.936559153319 9.611062161437406 9.616450165347732 9.621034947082437
 672 1048576 9186.029 9186.029 9191.036 153.33267588115203 153.4162524416154 153.4162524416154 9.583292242572002 9.588515777600962 9.588515777600962
 736 1048576 9861.946 9863.853 9867.907 156.41654020452364 156.4808267114281 156.51108533751858 9.776033762782728 9.780051669464257 9.781942833594911
 800 1048576 10712.862 10715.961 10727.882 156.38889391214408 156.562869163111 156.60815942555783 9.774305869509005 9.785179322694438 9.788009964097364
 880 1048576 11392.117 11395.931 11399.031 161.89917897407244 161.94321990893067 161.99743735075756 10.118698685879528 10.121451244308167 10.124839834422348
 960 1048576 12413.025 12416.84 12418.985 162.11195359363103 162.13995831467585 162.1897901599328 10.13199709960194 10.13374739466724 10.1368618849958
 1056 524288 8218.05 8225.203 8342.028 132.7370581829742 134.62236202559376 134.73953748151933 8.296066136435888 8.41389762659961 8.421221092594958
 1152 524288 8442.879 8790.016 9102.106 132.71209454163684 137.42404473438955 143.07436503590776 8.294505908852303 8.589002795899347 8.942147814744235
 1264 524288 8996.01 9083.033 9367.943 141.48250731243775 145.9204281213115 147.3319909604369 8.84265670702736 9.120026757581968 9.208249435027307
 1376 524288 9101.152 9103.06 9104.967 158.4674141048507 158.50061144274565 158.5338401116694 9.904213381553168 9.906288215171603 9.908365006979338
 1504 524288 9779.93 9779.93 9783.983 161.18776003596898 161.25455949071207 161.25455949071207 10.074235002248061 10.078409968169504 10.078409968169504
 1648 524288 10800.123 10800.838 10806.084 159.9148450076827 159.99251613624793 160.0031081127502 9.994677812980168 9.999532258515496 10.000194257046887
 1808 524288 11990.07 11995.077 11998.892 158.00003933696544 158.05029079846676 158.11629189821244 9.87500245856034 9.878143174904173 9.882268243638277
 1984 524288 13005.972 13010.025 13010.025 159.90551778340165 159.90551778340165 159.95534851220654 9.994094861462603 9.994094861462603 9.997209282012909
 2176 262144 7185.936 7243.156 7454.157 153.0489212931791 157.50740257423698 158.76159876737006 9.565557580823693 9.844212660889811 9.922599922960629
 2384 262144 7910.967 7914.066 7924.08 157.734726555007 157.9343149273711 157.99618327317003 9.858420409687938 9.870894682960694 9.874761454573127
 2608 262144 8628.845 8633.137 8639.097 158.27384551880826 158.38311195571202 158.4618919449822 9.892115344925516 9.898944497232002 9.903868246561387
 2864 262144 9480.953 9482.145 9485.006 158.3088963781362 158.35666212655468 158.37657163789336 9.894306023633513 9.897291382909668 9.898535727368335
 3136 262144 10422.945 10423.899 10424.852 157.7161160657245 157.7305351864979 157.7449720784289 9.85725725410778 9.858158449156118 9.859060754901806
 3440 262144 11349.916 11352.062 11412.859 158.027950752743 158.87428380852748 158.90432316855913 9.876746922046438 9.929642738032967 9.931520198034946
 3776 262144 12456.894 12460.947 12652.874 156.46338436627124 158.87327728783373 158.92496861577212 9.778961522891953 9.929579830489608 9.932810538485757
 4144 131072 6867.17 6870.985 6872.892 158.05933455669023 158.10320296143857 158.19103589979568 9.87870840979314 9.88145018508991 9.88693974373723
 4544 131072 7500.172 7503.033 7507.801 158.65928465605307 158.76010887863615 158.82066917932016 9.916205291003317 9.92250680491476 9.92629182370751
 4992 131072 8265.972 8267.879 8270.979 158.21861571647082 158.27793899741394 158.31445448883687 9.888663482279426 9.892371187338371 9.894653405552305
 5488 131072 9080.172 9083.986 9088.993 158.2844515338498 158.3716963016015 158.43821813066975 9.892778220865612 9.898231018850094 9.90238863316686
 6032 131072 9968.042 9970.903 9971.142 158.58289933088906 158.58670052251034 158.63221764113754 9.911431208180566 9.911668782656896 9.914513602571096
 6624 131072 10946.035 10950.089 10954.857 158.50885648256292 158.57787603370164 158.63660731945401 9.906803530160182 9.911117252106353 9.914787957465876
 7280 131072 12054.92 12055.874 12058.973 158.25628932082358 158.2969695934115 158.30949686932803 9.891018082551474 9.893560599588218 9.894343554333002
 8000 131072 13283.014 13283.968 13294.935 157.7406734218708 157.8709012246943 157.88223967843442 9.858792088866926 9.866931326543394 9.867639979902151
 8800 65536 7302.999 7304.907 7304.907 157.8984646895573 157.8984646895573 157.93971764202624 9.868654043097331 9.868654043097331 9.87123235262664
 9680 65536 8007.05 8008.003 8011.103 158.3773120879859 158.43862196355323 158.45747934632607 9.898582005499119 9.902413872722077 9.90359245914538
 10640 65536 8814.096 8816.004 8816.957 158.17317471322588 158.19027305341513 158.2245167286583 9.885823419576617 9.886892065838445 9.889032295541144
 11696 65536 9686.947 9716.034 9895.086 154.92721457903448 157.78229182812657 158.25606478491108 9.682950911189655 9.861393239257911 9.891004049056942
 12864 65536 10686.159 10687.113 10693.789 157.67191666115724 157.7704107741726 157.78449562653898 9.854494791322328 9.860650673385788 9.861530976658686
 14144 65536 11749.983 11750.937 11752.129 157.7486400974666 157.76464191749136 157.77745108226966 9.859290006091662 9.86029011984321 9.861090692641854
 15552 65536 12893.2 12900.114 12901.068 158.00488331663703 158.01656822567614 158.101304873887 9.875305207289815 9.876035514104759 9.881331554617937
 17104 32768 7090.807 7091.999 7096.052 157.96498447305632 158.05525973706426 158.08182961403406 9.87281152956602 9.878453733566516 9.880114350877129
 18800 32768 7797.956 7799.864 7802.01 157.91786988224828 157.96131829990884 157.99996819679413 9.869866867640518 9.872582393744302 9.874998012299633
 20672 32768 8571.148 8574.009 8575.916 157.9726517843692 158.0077874889098 158.060529581335 9.873290736523074 9.875486718056862 9.878783098833438
 22736 32768 9429.932 9430.17 9433.985 157.94242793474868 158.00632395810467 158.0103118453028 9.871401745921792 9.875395247381542 9.875644490331425
 25008 32768 10365.963 10372.877 10377.169 157.93558802020087 158.00093725202754 158.1063223937805 9.870974251262554 9.875058578251721 9.88164514961128
 27504 32768 11413.097 11416.197 11419.058 157.85033616608303 157.8898948572804 157.93278055903667 9.865646010380189 9.868118428580026 9.870798784939792
 30240 32768 12563.944 12565.136 12566.09 157.71084243388356 157.72281652980118 157.7377804294575 9.856927652117722 9.857676033112574 9.858611276841094
 33264 16384 6955.862 6958.008 6963.968 156.51920744035584 156.65327662744855 156.7016067886338 9.78245046502224 9.790829789215534 9.793850424289612
 36576 16384 7657.051 7662.058 7718.086 155.28751143742113 156.4230351688802 156.52532130189545 9.70546946483882 9.776439698055013 9.782832581368465
 40224 16384 8406.878 8413.076 8506.06 154.95541202389828 156.66802867346024 156.78353272165955 9.684713251493642 9.791751792091265 9.798970795103722
 44240 16384 9240.866 9248.018 9357.929 154.912087920308 156.75318971048716 156.8745093803979 9.68200549501925 9.797074356905448 9.80465683627487
 48656 16384 10160.923 10163.069 10269.88 155.24619645020198 156.87779036037244 156.91092315137118 9.702887278137624 9.804861897523278 9.806932696960699
 53520 16384 11178.017 11183.023 11287.928 155.36450622293128 156.8219398278981 156.89217148265206 9.710281638933205 9.80137123924363 9.805760717665754
 58864 16384 12271.881 12273.073 12392.044 155.6527359005504 157.16158064080608 157.176846157488 9.7282959937844 9.82259879005038 9.823552884843
 64736 16384 13511.896 13523.102 13607.979 155.88422410116888 156.86262279172337 156.99271575210466 9.742764006323055 9.80391392448271 9.812044734506541
 71200 8192 7434.845 7479.906 7555.008 154.4062957974366 155.95661228897796 156.90183184720058 9.650393487339787 9.747288268061123 9.806364490450036
 78320 8192 8206.844 8259.058 8321.047 154.21074775806457 155.3681884786376 156.35667986378198 9.638171734879036 9.71051177991485 9.772292491486374
 86144 8192 9049.892 9109.02 9222.984 153.02892165919403 154.9434841508746 155.95581648930172 9.564307603699627 9.683967759429663 9.747238530581358
 94752 8192 10003.09 10031.939 10183.811 152.43966801819084 154.74742898655984 155.19372193992055 9.527479251136928 9.67171431165999 9.699607621245034
 104224 8192 11055.946 11110.067 11181.116 152.72232360347573 153.69898453357663 154.45137087319347 9.545145225217233 9.60618653334854 9.653210679574592
 114640 8192 12211.8 12223.005 12470.007 150.62235009170405 153.66612056527836 153.8071177058255 9.413896880731503 9.604132535329898 9.612944856614094
 126096 8192 13497.114 13535.976 13659.0 151.2524243356029 152.62710749487144 153.0665640076834 9.453276520975182 9.539194218429465 9.566660250480213
 138704 4096 7427.216 7445.097 7525.921 150.97994889927756 152.6189877714152 152.9864175217201 9.436246806204847 9.53868673571345 9.561651095107507
 152560 4096 8179.903 8185.148 8265.972 151.19474394541862 152.68771193874562 152.78561616195202 9.449671496588664 9.542981996171601 9.549101010122001
 167808 4096 8982.897 9004.116 9083.033 151.34626682518936 152.67274832976386 153.0333851095031 9.459141676574335 9.542046770610241 9.564586569343943
 184576 4096 9872.198 9895.086 9974.003 151.59877052373054 152.80782723869203 153.16210148945552 9.474923157733159 9.550489202418252 9.57263134309097
 203024 4096 10857.105 10884.047 10967.016 151.6522459710098 152.80828978412165 153.1874848774144 9.478265373188112 9.550518111507603 9.5742178048384
 223312 4096 11948.824 11976.957 12050.152 151.81318077979432 152.7409594941353 153.100581613722 9.488323798737145 9.546309968383456 9.568786350857625
 245632 4096 13115.883 13166.904 13244.867 151.92431483079446 152.82387902273763 153.41836641879163 9.495269676924654 9.551492438921102 9.588647901174477
 270192 2048 7202.864 7247.925 7285.833 151.89840777300276 152.6928647854386 153.64810886336323 9.493650485812672 9.543304049089912 9.603006803960202
 297200 2048 7926.941 7977.009 8009.911 151.97811810892782 152.6049676012651 153.56884831109505 9.498632381807989 9.537810475079068 9.59805301944344
 326912 2048 8722.067 8751.869 8807.898 152.0262328196807 152.99949667893793 153.52227310338253 9.501639551230044 9.56246854243362 9.595142068961408
 359600 2048 9636.879 9676.933 9689.093 152.0185222703508 152.2095482111946 152.84218054413674 9.501157641896924 9.513096763199663 9.552636284008546
 395552 2048 10608.912 10611.057 10696.173 151.47296065611502 152.68799253457973 152.71886429070202 9.467060041007189 9.542999533411233 9.544929018168876
 435104 2048 11645.079 11667.013 11746.883 151.7156495046388 152.75426400913412 153.04198314154849 9.482228094039925 9.547141500570882 9.56512394634678
 478608 2048 12834.072 12849.808 12912.989 151.81445349330042 152.56090736919958 152.74796401329212 9.488403343331276 9.535056710574974 9.546747750830757
 526464 1024 7039.07 7089.138 7094.86 151.96892849189416 152.09159026104444 153.17339819038597 9.498058030743385 9.505724391315278 9.573337386899123
 579104 1024 7748.842 7771.015 7864.952 150.79621490379088 152.61905838555194 153.05577168820838 9.42476343148693 9.538691149096996 9.565985730513024
 637008 1024 8553.982 8596.897 8666.039 150.5407930889764 151.7515429113551 152.51287458870033 9.408799568061024 9.484471431959694 9.53205466179377
 700704 1024 9403.944 9467.125 9576.082 149.8568821779095 151.5815827930866 152.59999336448624 9.366055136119344 9.473848924567912 9.53749958528039
 770768 1024 10338.068 10387.897 10486.841 150.5251070365232 151.9588482635128 152.69128274257824 9.4078191897827 9.49742801646955 9.54320517141114
 847840 1024 11378.05 11394.024 11548.996 150.34868139187165 152.39359860923588 152.60754874517164 9.396792586991978 9.524599913077243 9.537971796573228
 932624 1024 12563.944 12577.057 12688.16 150.535140792676 151.8649356522754 152.0234372263996 9.40844629954225 9.491558478267212 9.501464826649975
 1025872 1024 13823.032 13854.027 14008.045 149.98423091873275 151.65163573017432 151.99167997296107 9.374014432420797 9.478227233135895 9.499479998310067
 1128448 512 7586.002 7589.102 7691.86 150.22774101452706 152.2618554869865 152.32407689847696 9.389233813407941 9.516365967936656 9.52025480615481
 1241280 512 8427.143 8439.064 8474.112 149.99456226209898 150.61749976063697 150.83056262365548 9.374660141381186 9.413593735039811 9.426910163978468
 1365408 512 9284.973 9287.119 9310.007 150.1801010461109 150.5502182108359 150.58501430214176 9.386256315381932 9.409388638177244 9.41156339388386
 1501936 512 10200.024 10216.951 10216.951 150.53243027200583 150.53243027200583 150.7822397280634 9.408276892000364 9.408276892000364 9.423889983003962
 1652128 512 11192.083 11209.011 11281.013 149.96694640809295 150.93027136827683 151.15855305933667 9.37293415050581 9.433141960517302 9.447409566208542
 1817328 512 12331.963 12366.056 12403.965 150.0281460000895 150.48806765875878 150.90410764287893 9.376759125005593 9.405504228672424 9.431506727679933
 1999056 512 13633.966 13665.915 13665.915 149.7911661238929 149.7911661238929 150.1421775586062 9.361947882743307 9.361947882743307 9.383886097412887
 2198960 256 7497.072 7508.993 7509.947 149.9168396261651 149.93588621004173 150.1742973790301 9.36980247663532 9.370992888127608 9.38589358618938
 2418848 256 8175.85 8241.892 8282.185 149.5318175095099 150.26284935546352 151.47662640581711 9.345738594344368 9.39142808471647 9.46728915036357
 2660720 256 9008.169 9037.971 9094.0 149.80081812183857 150.72947678190164 151.22813970297406 9.362551132614911 9.420592298868852 9.451758731435879
 2926784 256 9946.108 9955.883 9988.07 150.03032698008724 150.5153694554265 150.66329543174072 9.376895436255452 9.407210590964157 9.416455964483795
 3219456 256 10921.955 10941.029 10967.016 150.30172947682397 150.65872433022525 150.92183331647126 9.393858092301498 9.416170270639078 9.432614582279454
 3541392 256 12029.171 12030.125 12067.08 150.25944172078084 150.7210194407789 150.73297270443658 9.391215107548803 9.42006371504868 9.420810794027286
 3895520 256 13219.833 13224.84 13291.121 150.06305638177548 150.8151508827328 150.87227198709695 9.378941023860968 9.4259469301708 9.42951699919356
 4285072 128 7255.077 7269.144 7313.967 149.98405543804068 150.90888720872775 151.20148717925392 9.374003464877543 9.431805450545484 9.45009294870337
 4713568 128 7987.022 7987.976 8013.01 150.5892801831022 151.06122101518582 151.07926433657 9.411830011443888 9.441326313449114 9.442454021035624
 5184912 128 8787.155 8806.944 8810.043 150.6618607877396 150.71487589792784 151.05429140603525 9.416366299233726 9.41967974362049 9.440893212877203
 5703392 128 9662.151 9671.926 9707.928 150.39958598786478 150.95942131898033 151.11214386941376 9.399974124241549 9.43496383243627 9.44450899183836
 6273728 128 10564.089 10637.999 10672.808 150.48283150975826 150.97523209017035 152.03150673948318 9.405176969359891 9.435952005635647 9.501969171217699
 6901088 128 11617.899 11662.006 11680.841 151.24583306972502 151.49010624758725 152.06523382584064 9.452864566857814 9.468131640474203 9.50407711411504
 7591184 128 12818.813 12861.013 12871.981 150.9746715754164 151.1034242792539 151.6008622639241 9.435916973463526 9.443964017453368 9.475053891495257
 8350288 128 14147.997 14178.038 14205.933 150.47753132441215 150.77359279189406 151.0937363076908 9.40484570777576 9.423349549493379 9.443358519230674
 9185312 64 7812.023 7812.023 7819.176 150.36366184876766 150.50134081786496 150.50134081786496 9.397728865547979 9.40633380111656 9.40633380111656
 10103840 64 8579.016 8585.93 8604.05 150.31194844288447 150.62917121383472 150.7505662654085 9.39449677768028 9.41432320086467 9.421910391588032
 11114224 64 9402.99 9438.038 9444.952 150.62232947292904 150.73267049783016 151.29450015367453 9.413895592058065 9.420791906114385 9.455906259604658
 12225632 64 10354.042 10380.983 10386.229 150.66882272670864 150.74496278435288 151.13719801407026 9.41680142041929 9.421560174022055 9.446074875879392
 13448192 64 11407.852 11415.958 11430.979 150.58802714973058 150.78616932543022 150.89331243077135 9.411751696858161 9.424135582839389 9.430832026923209
 14793008 64 12452.126 12486.935 12562.037 150.73232342811917 151.63889489294212 152.0627902416021 9.420770214257448 9.477430930808882 9.503924390100131
 16272304 64 13701.916 13763.189 13789.892 151.04214826338017 151.33519651586562 152.01194577459094 9.44013426646126 9.458449782241601 9.500746610911934
 17899520 32 7532.12 7558.107 8466.959 135.29878673086756 151.56828025853562 152.09121469121575 8.456174170679223 9.473017516158476 9.505700918200985
 19689472 32 8255.005 8368.015 9333.134 135.01640585038209 150.5884260484715 152.64996302243307 8.43852536564888 9.411776628029468 9.540622688902067
 21658416 32 9147.882 10198.116 10622.025 130.49664484879295 135.9210489466878 151.52563445833692 8.15604030304956 8.495065559167987 9.470352153646058
 23824256 32 10056.973 10059.118 10072.947 151.37103213190736 151.57913288222684 151.61146241518196 9.46068950824421 9.473695805139178 9.475716400948873
 26206672 32 10874.987 11012.077 11142.969 150.5188615350182 152.30796224908346 154.22795521502692 9.407428845938638 9.519247640567716 9.639247200939183
 28827328 32 12009.859 12089.968 12163.877 151.67442025268753 152.60164394148933 153.61953808117147 9.47965126579297 9.537602746343083 9.601221130073217
 31710048 32 13254.166 13299.942 13302.088 152.5657529855463 152.59037009334327 153.1173724548191 9.535359561596644 9.536898130833954 9.569835778426194
 34881040 16 7321.835 7327.795 7331.133 152.25385762337146 152.32321319032533 152.44720483321464 9.515866101460716 9.520200824395333 9.527950302075915
 38369136 16 8117.914 8123.875 8176.088 150.17112731663357 151.13629296364113 151.2472726367882 9.385695457289598 9.44601831022757 9.452954539799263
 42206048 16 8900.881 8901.834 8948.088 150.93655046754122 151.72081797975562 151.73706243235924 9.433534404221326 9.482551123734726 9.483566402022452
 46426640 16 9752.035 9792.089 9829.044 151.14923485946343 151.7196667636497 152.34281665313958 9.446827178716465 9.482479172728107 9.521426040821224
 51069296 16 10674.0 10797.024 10807.037 151.2179029275092 151.35814016899474 153.10262994191496 9.451118932969324 9.459883760562171 9.568914371369685
 56176224 16 11844.158 11920.929 11972.189 150.15125203920516 150.79690248973046 151.77433195335627 9.384453252450323 9.424806405608154 9.485895747084767
 61793840 16 13540.03 13828.039 13833.046 142.94775568591328 142.99951569416314 146.04124806222734 8.93423473036958 8.937469730885196 9.127578003889209
 67973216 8 9073.973 9145.021 9390.116 115.82087548226241 118.92498180157267 119.85614856909977 7.2388047176414005 7.432811362598292 7.491009285568736
 74770528 8 12590.885 12966.871 13302.088 89.93538818868136 92.26038016418919 95.01543759632465 5.620961761792585 5.766273760261824 5.93846484977029
 82247568 8 14441.967 14544.964 14793.873 88.95311511731917 90.47537608205836 91.12062698938448 5.559569694832448 5.6547110051286475 5.69503918683653
 90472320 8 16340.971 16474.962 16845.942 85.92912880740062 87.8640642691619 88.58452291482556 5.3705705504625385 5.491504016822619 5.536532682176597
 99519552 8 18790.007 18898.964 18914.938 84.18282058339287 84.25397455648891 84.74253532742163 5.261426286462054 5.265873409780557 5.296408457963852
 109471504 8 20841.122 20887.136 21026.85 83.3003547369197 83.85755059956522 84.042695206141 5.206272171057481 5.241096912472826 5.252668450383813
 120418640 8 23272.038 23303.032 23379.087 82.41118397822805 82.68015252264169 82.79026701486134 5.150698998639253 5.167509532665106 5.174391688428834
 132460496 8 25817.871 25853.872 25896.788 81.83902714112654 81.97487540744382 82.08918295393141 5.1149391963204085 5.123429712965239 5.130573934620713
 145706544 4 14376.879 14478.207 14506.817 80.35204083707681 80.51082236909583 81.07826128327295 5.022002552317301 5.03192639806849 5.0673913302045595
 160277184 4 15878.201 15976.191 15977.859 80.24964245835439 80.25802095130184 80.75332161370171 5.015602653647149 5.016126309456365 5.047082600856357
 176304896 4 17560.005 17577.887 17591.0 80.17959001762264 80.23940351875056 80.32111425936381 5.011224376101415 5.01496271992191 5.020069641210238
 193935376 4 19407.988 19433.975 19506.931 79.53496159903369 79.83353935569023 79.9404352475898 4.970935099939606 4.98959620973064 4.996277202974363
 213328912 4 21402.836 21535.158 22733.927 75.06979748813305 79.24860806686443 79.73855875922239 4.6918623430083155 4.953038004179027 4.983659922451399
 234661792 4 23620.844 23643.97 24890.9 75.42091029251654 79.39844010967701 79.47617519509464 4.713806893282284 4.962402506854813 4.967260949693415
 258127968 4 26129.007 26139.975 27647.018 74.69245847780039 78.99868856033719 79.03184931597285 4.668278654862524 4.937418035021074 4.939490582248303
 283940752 2 14478.922 14513.016 15581.846 72.8901445951911 78.2582344014504 78.44251167317567 4.555634037199444 4.89113965009065 4.90265697957348
 312334816 2 15913.01 15992.88 16714.096 74.7476419903296 78.11846671768939 78.51055607958519 4.6717276243956 4.882404169855587 4.906909754974074
 343568288 2 17585.993 17649.889 18609.047 73.8497329820275 77.86299120634698 78.14589440584903 4.615608311376719 4.866436950396686 4.884118400365565
 377925104 2 19424.915 19456.148 20365.0 74.23031750552418 77.6978267229464 77.8227557752505 4.6393948440952615 4.85611417018415 4.863922235953156
 415717600 2 21416.903 21417.141 22598.982 73.5816507132932 77.64203448069937 77.64289729472091 4.598853169580825 4.85262715504371 4.852681080920057
 457289360 2 23588.181 23646.116 25134.802 72.77389493659031 77.35551326907132 77.54550637033012 4.548368433536894 4.834719579316958 4.846594148145632
 503018288 2 25850.058 25872.946 26633.024 75.5480546257158 77.76745454499074 77.83631092819985 4.721753414107238 4.860465909061921 4.864769433012491
 553320112 1 14213.085 14245.033 15325.069 72.21110873954302 77.68604144335784 77.86066318466399 4.513194296221439 4.855377590209865 4.8662914490414995
 608652112 1 15616.894 15657.902 16613.007 73.27416547768865 77.74376311717879 77.94790846374445 4.579635342355541 4.858985194823674 4.871744278984028
 669517312 1 17203.093 17217.875 18076.897 74.07436265195292 77.77002818292036 77.83685317518193 4.629647665747058 4.860626761432522 4.864803323448871
 736469040 1 18944.025 18956.184 20164.967 73.04440815598657 77.70224640149092 77.75211867594136 4.565275509749161 4.856390400093183 4.859507417246335
 810115936 1 20841.122 20910.978 22301.912 72.64990876118604 77.48235744880033 77.74206551835357 4.5406192975741275 4.8426473405500206 4.858879094897098
 891127520 1 22987.843 22996.902 24502.993 72.73621797957499 77.49978844976597 77.53032940063144 4.546013623723437 4.843736778110373 4.845645587539465
 980240272 1 25240.898 25265.932 27370.93 71.62637674350123 77.59383441703238 77.67079221983306 4.476648546468827 4.849614651064524 4.854424513739566
 
META_DATA
 FLOPS          1
 MPI_PROCS      2
 OPENMP_THREADS 1
 ERT_VERSION  1.1.0
 HOSTNAME  ('c3cpu-c11-u13-2.rc.int.colorado.edu', [], ['10.225.64.253'])
 UNAME  uname_result(system='Linux', node='c3cpu-c11-u13-2.rc.int.colorado.edu', release='4.18.0-305.34.2.el8_4.x86_64', version='#1 SMP Mon Jan 17 09:42:23 EST 2022', machine='x86_64', processor='x86_64')
 TIMESTAMP_DATA  1728532976.2953176
 CONFIG  {'nux': ['workstation,', 'MPI', 'and', 'OpenMP', '(8-core', 'Intel', 'Xeon', 'CPU', 'E5530,', '2.40', 'GHz)'], 'ERT_RESULTS': ['Results.alpine'], 'ERT_DRIVER': ['driver1'], 'ERT_KERNEL': ['kernel1'], 'ERT_MPI': ['True'], 'ERT_MPI_CFLAGS': ['-I/usr/include/mpi'], 'ERT_MPI_LDFLAGS': ['-lmpi'], 'ERT_OPENMP': ['True'], 'ERT_OPENMP_CFLAGS': ['-qopenmp'], 'ERT_OPENMP_LDFLAGS': ['-qopenmp'], 'ERT_FLOPS': ['1,2,4,8,16'], 'ERT_ALIGN': ['32'], 'ERT_CC': ['icpc'], 'ERT_CFLAGS': ['-O3', '-fno-alias', '-fno-fnalias', '-DERT_INTEL'], 'ERT_LD': ['icpc'], 'ERT_LDFLAGS': [], 'ERT_LDLIBS': [], 'ERT_PRECISION': ['FP64'], 'ERT_RUN': ['export', 'OMP_NUM_THREADS=ERT_OPENMP_THREADS;', 'mpirun', '-np', 'ERT_MPI_PROCS', 'ERT_CODE'], 'ERT_PROCS_THREADS': ['1-8'], 'ERT_MPI_PROCS': ['1,2,4,8'], 'ERT_OPENMP_THREADS': ['1,2,4,8'], 'ERT_NUM_EXPERIMENTS': ['3'], 'ERT_MEMORY_MAX': ['1073741824'], 'ERT_WORKING_SET_MIN': ['1'], 'ERT_TRIALS_MIN': ['1'], 'ERT_GNUPLOT': ['gnuplot'], 'ERT_GPU': [False], 'ERT_HIP': [False], 'ERT_OCL': [False], 'ERT_SYCL': [False], 'ERT_WSS_MULT': [1.1]}
 HOSTNAME  ('c3cpu-a7-u1-3.rc.int.colorado.edu', [], ['10.225.64.156'])
 UNAME  uname_result(system='Linux', node='c3cpu-a7-u1-3.rc.int.colorado.edu', release='4.18.0-305.34.2.el8_4.x86_64', version='#1 SMP Mon Jan 17 09:42:23 EST 2022', machine='x86_64', processor='x86_64')
 TIMESTAMP_DATA  1728532985.9129295
 TIMESTAMP_DATA  1728532999.9608283
 TIMESTAMP_DATA  1728533011.119246
 