fp64
 8 134217728 607582.092 607582.092 607582.092 3.5344748903494683 3.5344748903494683 3.5344748903494683 0.8836187225873671 0.8836187225873671 0.8836187225873671
 16 67108864 320846.081 320846.081 320846.081 6.693189585818878 6.693189585818878 6.693189585818878 1.6732973964547195 1.6732973964547195 1.6732973964547195
 24 33554432 160357.952 160357.952 160357.952 10.043859477576765 10.043859477576765 10.043859477576765 2.5109648693941913 2.5109648693941913 2.5109648693941913
 32 33554432 160673.857 160673.857 160673.857 13.3654826497381 13.3654826497381 13.3654826497381 3.341370662434525 3.341370662434525 3.341370662434525
 40 16777216 80810.07 80810.07 80810.07 16.609034987842477 16.609034987842477 16.609034987842477 4.152258746960619 4.152258746960619 4.152258746960619
 48 16777216 81059.933 81059.933 81059.933 19.86940620836684 19.86940620836684 19.86940620836684 4.96735155209171 4.96735155209171 4.96735155209171
 56 16777216 80981.016 80981.016 80981.016 23.20356405506199 23.20356405506199 23.20356405506199 5.800891013765497 5.800891013765497 5.800891013765497
 64 16777216 81300.974 81300.974 81300.974 26.413996565404002 26.413996565404002 26.413996565404002 6.6034991413510005 6.6034991413510005 6.6034991413510005
 72 8388608 40173.054 40173.054 40173.054 30.068900213561058 30.068900213561058 30.068900213561058 7.5172250533902645 7.5172250533902645 7.5172250533902645
 80 8388608 45188.189 45188.189 45188.189 29.70194888757326 29.70194888757326 29.70194888757326 7.425487221893315 7.425487221893315 7.425487221893315
 88 8388608 48112.154 48112.154 48112.154 30.68652897976673 30.68652897976673 30.68652897976673 7.671632244941683 7.671632244941683 7.671632244941683
 96 8388608 41346.073 41346.073 41346.073 38.95443071461708 38.95443071461708 38.95443071461708 9.73860767865427 9.73860767865427 9.73860767865427
 104 8388608 40565.968 40565.968 40565.968 43.012173751160084 43.012173751160084 43.012173751160084 10.753043437790021 10.753043437790021 10.753043437790021
 112 8388608 41913.033 41913.033 41913.033 44.832073880217635 44.832073880217635 44.832073880217635 11.208018470054409 11.208018470054409 11.208018470054409
 120 8388608 42375.088 42375.088 42375.088 47.510601511907176 47.510601511907176 47.510601511907176 11.877650377976794 11.877650377976794 11.877650377976794
 128 8388608 43612.003 43612.003 43612.003 49.24065624777656 49.24065624777656 49.24065624777656 12.31016406194414 12.31016406194414 12.31016406194414
 136 4194304 21751.881 21751.881 21751.881 52.44836931573872 52.44836931573872 52.44836931573872 13.11209232893468 13.11209232893468 13.11209232893468
 144 4194304 21867.99 21867.99 21867.99 55.23870973052393 55.23870973052393 55.23870973052393 13.809677432630982 13.809677432630982 13.809677432630982
 152 4194304 21982.193 21982.193 21982.193 58.00460472710799 58.00460472710799 58.00460472710799 14.501151181776997 14.501151181776997 14.501151181776997
 160 4194304 22061.825 22061.825 22061.825 60.83709212633134 60.83709212633134 60.83709212633134 15.209273031582836 15.209273031582836 15.209273031582836
 176 4194304 22501.945 22501.945 22501.945 65.61188412823869 65.61188412823869 65.61188412823869 16.40297103205967 16.40297103205967 16.40297103205967
 192 4194304 24275.064 24275.064 24275.064 66.34844447783948 66.34844447783948 66.34844447783948 16.58711111945987 16.58711111945987 16.58711111945987
 208 4194304 29646.873 29646.873 29646.873 58.85377739500554 58.85377739500554 58.85377739500554 14.713444348751384 14.713444348751384 14.713444348751384
 224 4194304 28486.967 28486.967 28486.967 65.9616796691624 65.9616796691624 65.9616796691624 16.4904199172906 16.4904199172906 16.4904199172906
 240 4194304 30617.952 30617.952 30617.952 65.75442799048088 65.75442799048088 65.75442799048088 16.43860699762022 16.43860699762022 16.43860699762022
 264 2097152 15326.977 15326.977 15326.977 72.24492187859353 72.24492187859353 72.24492187859353 18.061230469648383 18.061230469648383 18.061230469648383
 288 2097152 15844.107 15844.107 15844.107 76.24030511785864 76.24030511785864 76.24030511785864 19.06007627946466 19.06007627946466 19.06007627946466
 312 2097152 18090.01 18090.01 18090.01 72.33953148726839 72.33953148726839 72.33953148726839 18.084882871817097 18.084882871817097 18.084882871817097
 336 2097152 19005.06 19005.06 19005.06 74.15320677756344 74.15320677756344 74.15320677756344 18.53830169439086 18.53830169439086 18.53830169439086
 368 2097152 21108.866 21108.866 21108.866 73.12111754368993 73.12111754368993 73.12111754368993 18.280279385922483 18.280279385922483 18.280279385922483
 400 2097152 24538.994 24538.994 24538.994 68.3696161301478 68.3696161301478 68.3696161301478 17.09240403253695 17.09240403253695 17.09240403253695
 440 2097152 24291.039 24291.039 24291.039 75.97426194902573 75.97426194902573 75.97426194902573 18.993565487256433 18.993565487256433 18.993565487256433
 480 2097152 26402.95 26402.95 26402.95 76.25155219397831 76.25155219397831 76.25155219397831 19.062888048494578 19.062888048494578 19.062888048494578
 528 1048576 13820.887 13820.887 13820.887 80.1175970833131 80.1175970833131 80.1175970833131 20.029399270828275 20.029399270828275 20.029399270828275
 576 1048576 15035.868 15035.868 15035.868 80.338531303946 80.338531303946 80.338531303946 20.0846328259865 20.0846328259865 20.0846328259865
 632 1048576 17177.105 17177.105 17177.105 77.16085242536505 77.16085242536505 77.16085242536505 19.290213106341263 19.290213106341263 19.290213106341263
 688 1048576 17690.897 17690.897 17690.897 81.55836168171687 81.55836168171687 81.55836168171687 20.38959042042922 20.38959042042922 20.38959042042922
 752 1048576 19789.219 19789.219 19789.219 79.69280162092298 79.69280162092298 79.69280162092298 19.923200405230745 19.923200405230745 19.923200405230745
 824 1048576 21120.071 21120.071 21120.071 81.82042797109915 81.82042797109915 81.82042797109915 20.455106992774787 20.455106992774787 20.455106992774787
 904 1048576 22678.852 22678.852 22678.852 83.59441686025377 83.59441686025377 83.59441686025377 20.898604215063443 20.898604215063443 20.898604215063443
 992 1048576 25365.114 25365.114 25365.114 82.01716672749825 82.01716672749825 82.01716672749825 20.504291681874562 20.504291681874562 20.504291681874562
 1088 524288 13581.991 13581.991 13581.991 83.99730849475604 83.99730849475604 83.99730849475604 20.99932712368901 20.99932712368901 20.99932712368901
 1192 524288 14904.976 14904.976 14904.976 83.85807477985875 83.85807477985875 83.85807477985875 20.96451869496469 20.96451869496469 20.96451869496469
 1304 524288 16098.976 16098.976 16098.976 84.9335450900728 84.9335450900728 84.9335450900728 21.2333862725182 21.2333862725182 21.2333862725182
 1432 524288 17692.804 17692.804 17692.804 84.86844889029462 84.86844889029462 84.86844889029462 21.217112222573654 21.217112222573654 21.217112222573654
 1568 524288 19223.928 19223.928 19223.928 85.52711849524196 85.52711849524196 85.52711849524196 21.38177962381049 21.38177962381049 21.38177962381049
 1720 524288 21273.851 21273.851 21273.851 84.77782043316934 84.77782043316934 84.77782043316934 21.194455108292335 21.194455108292335 21.194455108292335
 1888 524288 23248.911 23248.911 23248.911 85.15286965484104 85.15286965484104 85.15286965484104 21.28821741371026 21.28821741371026 21.28821741371026
 2072 262144 12603.045 12603.045 12603.045 86.19541832945926 86.19541832945926 86.19541832945926 21.548854582364815 21.548854582364815 21.548854582364815
 2272 262144 13918.161 13918.161 13918.161 85.58475045661564 85.58475045661564 85.58475045661564 21.39618761415391 21.39618761415391 21.39618761415391
 2496 262144 15220.165 15220.165 15220.165 85.97954411138117 85.97954411138117 85.97954411138117 21.494886027845293 21.494886027845293 21.494886027845293
 2744 262144 16685.009 16685.009 16685.009 86.22388348726693 86.22388348726693 86.22388348726693 21.555970871816733 21.555970871816733 21.555970871816733
 3016 262144 18485.069 18485.069 18485.069 85.5421533995897 85.5421533995897 85.5421533995897 21.385538349897423 21.385538349897423 21.385538349897423
 3312 262144 20131.111 20131.111 20131.111 86.2566331286932 86.2566331286932 86.2566331286932 21.5641582821733 21.5641582821733 21.5641582821733
 3640 262144 21981.955 21981.955 21981.955 86.81704243321397 86.81704243321397 86.81704243321397 21.704260608303493 21.704260608303493 21.704260608303493
 4000 262144 23988.962 23988.962 23988.962 87.42153995658504 87.42153995658504 87.42153995658504 21.85538498914626 21.85538498914626 21.85538498914626
 4400 131072 13205.051 13205.051 13205.051 87.3479095234089 87.3479095234089 87.3479095234089 21.836977380852225 21.836977380852225 21.836977380852225
 4840 131072 14616.966 14616.966 14616.966 86.80166321793456 86.80166321793456 86.80166321793456 21.70041580448364 21.70041580448364 21.70041580448364
 5320 131072 16005.039 16005.039 16005.039 87.13543778306318 87.13543778306318 87.13543778306318 21.783859445765795 21.783859445765795 21.783859445765795
 5848 131072 17623.186 17623.186 17623.186 86.988704085629 86.988704085629 86.988704085629 21.74717602140725 21.74717602140725 21.74717602140725
 6432 131072 19221.067 19221.067 19221.067 87.72198796247889 87.72198796247889 87.72198796247889 21.930496990619723 21.930496990619723 21.930496990619723
 7072 131072 21126.986 21126.986 21126.986 87.74949573971413 87.74949573971413 87.74949573971413 21.937373934928534 21.937373934928534 21.937373934928534
 7776 131072 23432.016 23432.016 23432.016 86.99344281772426 86.99344281772426 86.99344281772426 21.748360704431065 21.748360704431065 21.748360704431065
 8552 65536 12821.913 12821.913 12821.913 87.42281623654755 87.42281623654755 87.42281623654755 21.855704059136887 21.855704059136887 21.855704059136887
 9400 65536 14086.962 14086.962 14086.962 87.46220796222777 87.46220796222777 87.46220796222777 21.86555199055694 21.86555199055694 21.86555199055694
 10336 65536 15573.025 15573.025 15573.025 86.9940292268201 86.9940292268201 86.9940292268201 21.748507306705026 21.748507306705026 21.748507306705026
 11368 65536 16957.998 16957.998 16957.998 87.86570773271704 87.86570773271704 87.86570773271704 21.96642693317926 21.96642693317926 21.96642693317926
 12504 65536 18661.976 18661.976 18661.976 87.82158373797073 87.82158373797073 87.82158373797073 21.95539593449268 21.95539593449268 21.95539593449268
 13752 65536 20475.149 20475.149 20475.149 88.03365211164031 88.03365211164031 88.03365211164031 22.008413027910077 22.008413027910077 22.008413027910077
 15120 65536 22482.157 22482.157 22482.157 88.15028913818189 88.15028913818189 88.15028913818189 22.037572284545472 22.037572284545472 22.037572284545472
 16632 32768 12728.93 12728.93 12728.93 85.63129438216723 85.63129438216723 85.63129438216723 21.407823595541807 21.407823595541807 21.407823595541807
 18288 32768 13808.012 13808.012 13808.012 86.79905318738133 86.79905318738133 86.79905318738133 21.699763296845333 21.699763296845333 21.699763296845333
 20112 32768 15156.984 15156.984 15156.984 86.96057421450072 86.96057421450072 86.96057421450072 21.74014355362518 21.74014355362518 21.74014355362518
 22120 32768 16653.061 16653.061 16653.061 87.05044195778783 87.05044195778783 87.05044195778783 21.762610489446956 21.762610489446956 21.762610489446956
 24328 32768 18235.922 18235.922 18235.922 87.429624232874 87.429624232874 87.429624232874 21.8574060582185 21.8574060582185 21.8574060582185
 26760 32768 20027.161 20027.161 20027.161 87.5682459435963 87.5682459435963 87.5682459435963 21.892061485899074 21.892061485899074 21.892061485899074
 29432 32768 22048.95 22048.95 22048.95 87.4806080108123 87.4806080108123 87.4806080108123 21.870152002703076 21.870152002703076 21.870152002703076
 32368 32768 24211.884 24211.884 24211.884 87.61272968266327 87.61272968266327 87.61272968266327 21.903182420665818 21.903182420665818 21.903182420665818
 35600 16384 13597.012 13597.012 13597.012 85.79390824984195 85.79390824984195 85.79390824984195 21.448477062460487 21.448477062460487 21.448477062460487
 39160 16384 15211.105 15211.105 15211.105 84.35908370890873 84.35908370890873 84.35908370890873 21.089770927227182 21.089770927227182 21.089770927227182
 43072 16384 16514.063 16514.063 16514.063 85.46553903784914 85.46553903784914 85.46553903784914 21.366384759462285 21.366384759462285 21.366384759462285
 47376 16384 18373.966 18373.966 18373.966 84.49002071735627 84.49002071735627 84.49002071735627 21.12250517933907 21.12250517933907 21.12250517933907
 52112 16384 19865.036 19865.036 19865.036 85.96037862705107 85.96037862705107 85.96037862705107 21.490094656762768 21.490094656762768 21.490094656762768
 57320 16384 21917.82 21917.82 21917.82 85.69564673858987 85.69564673858987 85.69564673858987 21.423911684647468 21.423911684647468 21.423911684647468
 63048 16384 24319.887 24319.887 24319.887 84.94927891729102 84.94927891729102 84.94927891729102 21.237319729322756 21.237319729322756 21.237319729322756
 69352 8192 13396.025 13396.025 13396.025 84.82092023566693 84.82092023566693 84.82092023566693 21.205230058916733 21.205230058916733 21.205230058916733
 76280 8192 14950.037 14950.037 14950.037 83.59655029616313 83.59655029616313 83.59655029616313 20.899137574040783 20.899137574040783 20.899137574040783
 83904 8192 16185.999 16185.999 16185.999 84.93038557583007 84.93038557583007 84.93038557583007 21.232596393957518 21.232596393957518 21.232596393957518
 92288 8192 17949.104 17949.104 17949.104 84.2407839410814 84.2407839410814 84.2407839410814 21.06019598527035 21.06019598527035 21.06019598527035
 101512 8192 19508.839 19508.839 19508.839 85.25225965522603 85.25225965522603 85.25225965522603 21.313064913806507 21.313064913806507 21.313064913806507
 111656 8192 21486.044 21486.044 21486.044 85.14233257643892 85.14233257643892 85.14233257643892 21.28558314410973 21.28558314410973 21.28558314410973
 122816 8192 23792.028 23792.028 23792.028 84.57527639089868 84.57527639089868 84.57527639089868 21.14381909772467 21.14381909772467 21.14381909772467
 135096 4096 12928.963 12928.963 12928.963 85.59900991285998 85.59900991285998 85.59900991285998 21.399752478214996 21.399752478214996 21.399752478214996
 148600 4096 14062.166 14062.166 14062.166 86.56783030437843 86.56783030437843 86.56783030437843 21.641957576094608 21.641957576094608 21.641957576094608
 163456 4096 15281.916 15281.916 15281.916 87.62196782131247 87.62196782131247 87.62196782131247 21.905491955328117 21.905491955328117 21.905491955328117
 179800 4096 18094.063 18094.063 18094.063 81.4035852533508 81.4035852533508 81.4035852533508 20.3508963133377 20.3508963133377 20.3508963133377
 197776 4096 18735.886 18735.886 18735.886 86.47474648383321 86.47474648383321 86.47474648383321 21.618686620958304 21.618686620958304 21.618686620958304
 217552 4096 20968.914 20968.914 20968.914 84.99181140234539 84.99181140234539 84.99181140234539 21.247952850586348 21.247952850586348 21.247952850586348
 239304 4096 23916.006 23916.006 23916.006 81.96930407192572 81.96930407192572 81.96930407192572 20.49232601798143 20.49232601798143 20.49232601798143
 263232 2048 12518.167 12518.167 12518.167 86.13068287074299 86.13068287074299 86.13068287074299 21.532670717685747 21.532670717685747 21.532670717685747
 289552 2048 13761.044 13761.044 13761.044 86.18568416756752 86.18568416756752 86.18568416756752 21.54642104189188 21.54642104189188 21.54642104189188
 318504 2048 15436.888 15436.888 15436.888 84.51135902521285 84.51135902521285 84.51135902521285 21.127839756303214 21.127839756303214 21.127839756303214
 350352 2048 16885.996 16885.996 16885.996 84.98413667751669 84.98413667751669 84.98413667751669 21.246034169379172 21.246034169379172 21.246034169379172
 385384 2048 18589.02 18589.02 18589.02 84.91748698963151 84.91748698963151 84.91748698963151 21.22937174740788 21.22937174740788 21.22937174740788
 423920 2048 20484.209 20484.209 20484.209 84.7665789779825 84.7665789779825 84.7665789779825 21.191644744495626 21.191644744495626 21.191644744495626
 466312 2048 23834.944 23834.944 23834.944 80.13502997951242 80.13502997951242 80.13502997951242 20.033757494878106 20.033757494878106 20.033757494878106
 512936 2048 24812.937 24812.937 24812.937 84.67300166844416 84.67300166844416 84.67300166844416 21.16825041711104 21.16825041711104 21.16825041711104
 564224 1024 13846.159 13846.159 13846.159 83.45496769176202 83.45496769176202 83.45496769176202 20.863741922940505 20.863741922940505 20.863741922940505
 620640 1024 15105.009 15105.009 15105.009 84.14895482683923 84.14895482683923 84.14895482683923 21.037238706709807 21.037238706709807 21.037238706709807
 682704 1024 16629.934 16629.934 16629.934 84.0759675895286 84.0759675895286 84.0759675895286 21.01899189738215 21.01899189738215 21.01899189738215
 750968 1024 18776.178 18776.178 18776.178 81.91137003494534 81.91137003494534 81.91137003494534 20.477842508736334 20.477842508736334 20.477842508736334
 826064 1024 20282.03 20282.03 20282.03 83.41270928008686 83.41270928008686 83.41270928008686 20.853177320021715 20.853177320021715 20.853177320021715
 908664 1024 22720.098 22720.098 22720.098 81.90738754736005 81.90738754736005 81.90738754736005 20.47684688684001 20.47684688684001 20.47684688684001
 999528 1024 24306.059 24306.059 24306.059 84.21905599751896 84.21905599751896 84.21905599751896 21.05476399937974 21.05476399937974 21.05476399937974
 1099480 512 13424.873 13424.873 13424.873 83.86429577397118 83.86429577397118 83.86429577397118 20.966073943492795 20.966073943492795 20.966073943492795
 1209424 512 14655.828 14655.828 14655.828 84.50223187662955 84.50223187662955 84.50223187662955 21.125557969157388 21.125557969157388 21.125557969157388
 1330360 512 16469.955 16469.955 16469.955 82.71356175532962 82.71356175532962 82.71356175532962 20.678390438832405 20.678390438832405 20.678390438832405
 1463392 512 17738.819 17738.819 17738.819 84.47650364998933 84.47650364998933 84.47650364998933 21.11912591249733 21.11912591249733 21.11912591249733
 1609728 512 19481.182 19481.182 19481.182 84.61301126389559 84.61301126389559 84.61301126389559 21.153252815973897 21.153252815973897 21.153252815973897
 1770696 512 21460.056 21460.056 21460.056 84.49151782269347 84.49151782269347 84.49151782269347 21.122879455673367 21.122879455673367 21.122879455673367
 1947760 512 23581.028 23581.028 23581.028 84.58097077023106 84.58097077023106 84.58097077023106 21.145242692557765 21.145242692557765 21.145242692557765
 2142536 256 13216.972 13216.972 13216.972 82.99771173003923 82.99771173003923 82.99771173003923 20.749427932509807 20.749427932509807 20.749427932509807
 2356784 256 14352.083 14352.083 14352.083 84.0765349531493 84.0765349531493 84.0765349531493 21.019133738287326 21.019133738287326 21.019133738287326
 2592456 256 15670.061 15670.061 15670.061 84.70531620776715 84.70531620776715 84.70531620776715 21.17632905194179 21.17632905194179 21.17632905194179
 2851696 256 17161.131 17161.131 17161.131 85.07996075550032 85.07996075550032 85.07996075550032 21.26999018887508 21.26999018887508 21.26999018887508
 3136864 256 19066.095 19066.095 19066.095 84.2371952935302 84.2371952935302 84.2371952935302 21.05929882338255 21.05929882338255 21.05929882338255
 3450544 256 20733.833 20733.833 20733.833 85.20752183158801 85.20752183158801 85.20752183158801 21.301880457897003 21.301880457897003 21.301880457897003
 3795592 256 23117.781 23117.781 23117.781 84.06270065453081 84.06270065453081 84.06270065453081 21.015675163632704 21.015675163632704 21.015675163632704
 4175144 256 25274.992 25274.992 25274.992 84.57663321911241 84.57663321911241 84.57663321911241 21.144158304778102 21.144158304778102 21.144158304778102
 4592656 128 14539.957 14539.957 14539.957 80.86130763660442 80.86130763660442 80.86130763660442 20.215326909151106 20.215326909151106 20.215326909151106
 5051920 128 15342.951 15342.951 15342.951 84.29222774680046 84.29222774680046 84.29222774680046 21.073056936700116 21.073056936700116 21.073056936700116
 5557112 128 16814.947 16814.947 16814.947 84.60452905382337 84.60452905382337 84.60452905382337 21.151132263455843 21.151132263455843 21.151132263455843
 6112816 128 18175.84 18175.84 18175.84 86.09675789399556 86.09675789399556 86.09675789399556 21.52418947349889 21.52418947349889 21.52418947349889
 6724096 128 20362.139 20362.139 20362.139 84.53770873482398 84.53770873482398 84.53770873482398 21.134427183705995 21.134427183705995 21.134427183705995
 7396504 128 22413.969 22413.969 22413.969 84.47879195335729 84.47879195335729 84.47879195335729 21.119697988339322 21.119697988339322 21.119697988339322
 8136152 128 24417.877 24417.877 24417.877 85.30040969573236 85.30040969573236 85.30040969573236 21.32510242393309 21.32510242393309 21.32510242393309
 8949760 64 13601.065 13601.065 13601.065 84.22643962072087 84.22643962072087 84.22643962072087 21.056609905180217 21.056609905180217 21.056609905180217
 9844736 64 15319.109 15319.109 15319.109 82.25845302099488 82.25845302099488 82.25845302099488 20.56461325524872 20.56461325524872 20.56461325524872
 10829208 64 16366.959 16366.959 16366.959 84.69127490329755 84.69127490329755 84.69127490329755 21.17281872582439 21.17281872582439 21.17281872582439
 11912128 64 17867.088 17867.088 17867.088 85.33860604481266 85.33860604481266 85.33860604481266 21.334651511203166 21.334651511203166 21.334651511203166
 13103336 64 20257.95 20257.95 20257.95 82.79352096337487 82.79352096337487 82.79352096337487 20.69838024084372 20.69838024084372 20.69838024084372
 14413664 64 21941.9 21941.9 21941.9 84.08337436593914 84.08337436593914 84.08337436593914 21.020843591484784 21.020843591484784 21.020843591484784
 15855024 64 23844.004 23844.004 23844.004 85.113350593298 85.113350593298 85.113350593298 21.2783376483245 21.2783376483245 21.2783376483245
 17440520 32 13137.102 13137.102 13137.102 84.96495498017751 84.96495498017751 84.96495498017751 21.241238745044377 21.241238745044377 21.241238745044377
 19184568 32 14621.973 14621.973 14621.973 83.97036104498346 83.97036104498346 83.97036104498346 20.992590261245866 20.992590261245866 20.992590261245866
 21103024 32 16165.018 16165.018 16165.018 83.55038862313671 83.55038862313671 83.55038862313671 20.887597155784178 20.887597155784178 20.887597155784178
 23213320 32 17278.91 17278.91 17278.91 85.98068280927441 85.98068280927441 85.98068280927441 21.495170702318603 21.495170702318603 21.495170702318603
 25534648 32 19043.922 19043.922 19043.922 85.81307316843663 85.81307316843663 85.81307316843663 21.453268292109158 21.453268292109158 21.453268292109158
 28088112 32 21290.064 21290.064 21290.064 84.43559249046879 84.43559249046879 84.43559249046879 21.108898122617198 21.108898122617198 21.108898122617198
 30896920 32 25146.961 25146.961 25146.961 78.63387070906899 78.63387070906899 78.63387070906899 19.658467677267247 19.658467677267247 19.658467677267247
 33986608 16 16869.068 16869.068 16869.068 64.47134222234448 64.47134222234448 64.47134222234448 16.11783555558612 16.11783555558612 16.11783555558612
 37385264 16 23820.877 23820.877 23820.877 50.221847331649464 50.221847331649464 50.221847331649464 12.555461832912366 12.555461832912366 12.555461832912366
 41123784 16 26623.011 26623.011 26623.011 49.42946115298528 49.42946115298528 49.42946115298528 12.35736528824632 12.35736528824632 12.35736528824632
 45236160 16 30436.039 30436.039 30436.039 47.56062771505845 47.56062771505845 47.56062771505845 11.890156928764613 11.890156928764613 11.890156928764613
 49759776 16 33871.889 33871.889 33871.889 47.00986213080705 47.00986213080705 47.00986213080705 11.752465532701763 11.752465532701763 11.752465532701763
 54735752 16 37666.082 37666.082 37666.082 46.50189164883143 46.50189164883143 46.50189164883143 11.625472912207858 11.625472912207858 11.625472912207858
 60209320 16 41476.965 41476.965 41476.965 46.45224741009859 46.45224741009859 46.45224741009859 11.613061852524648 11.613061852524648 11.613061852524648
 66230248 16 46072.96 46072.96 46072.96 46.00025559460474 46.00025559460474 46.00025559460474 11.500063898651185 11.500063898651185 11.500063898651185
 72853272 8 25579.929 25579.929 25579.929 45.569022181414184 45.569022181414184 45.569022181414184 11.392255545353546 11.392255545353546 11.392255545353546
 80138592 8 28383.017 28383.017 28383.017 45.175517176345274 45.175517176345274 45.175517176345274 11.293879294086318 11.293879294086318 11.293879294086318
 88152448 8 31527.042 31527.042 31527.042 44.73744057561759 44.73744057561759 44.73744057561759 11.184360143904398 11.184360143904398 11.184360143904398
 96967688 8 34740.925 34740.925 34740.925 44.658655692098 44.658655692098 44.658655692098 11.1646639230245 11.1646639230245 11.1646639230245
 106664456 8 38263.083 38263.083 38263.083 44.60255583691466 44.60255583691466 44.60255583691466 11.150638959228665 11.150638959228665 11.150638959228665
 117330896 8 42294.979 42294.979 42294.979 44.385749334454104 44.385749334454104 44.385749334454104 11.096437333613526 11.096437333613526 11.096437333613526
 129063984 8 46595.812 46595.812 46595.812 44.3177971445159 44.3177971445159 44.3177971445159 11.079449286128975 11.079449286128975 11.079449286128975
 141970376 4 25738.001 25738.001 25738.001 44.12786400933002 44.12786400933002 44.12786400933002 11.031966002332505 11.031966002332505 11.031966002332505
 156167408 4 28342.962 28342.962 28342.962 44.079347246769764 44.079347246769764 44.079347246769764 11.019836811692441 11.019836811692441 11.019836811692441
 171784144 4 31240.94 31240.94 31240.94 43.98949429818693 43.98949429818693 43.98949429818693 10.997373574546733 10.997373574546733 10.997373574546733
 188962552 4 34425.974 34425.974 34425.974 43.91162370598432 43.91162370598432 43.91162370598432 10.97790592649608 10.97790592649608 10.97790592649608
 207858800 4 37766.933 37766.933 37766.933 44.029797177335006 44.029797177335006 44.029797177335006 11.007449294333751 11.007449294333751 11.007449294333751
 228644680 4 41853.905 41853.905 41853.905 43.70338777229986 43.70338777229986 43.70338777229986 10.925846943074966 10.925846943074966 10.925846943074966
 251509144 4 46296.835 46296.835 46296.835 43.46027437944732 43.46027437944732 43.46027437944732 10.86506859486183 10.86506859486183 10.86506859486183
 276660056 2 25340.08 25340.08 25340.08 43.671536317170265 43.671536317170265 43.671536317170265 10.917884079292566 10.917884079292566 10.917884079292566
 304326056 2 27956.009 27956.009 27956.009 43.54356245914788 43.54356245914788 43.54356245914788 10.88589061478697 10.88589061478697 10.88589061478697
 334758656 2 30729.771 30729.771 30729.771 43.57450707979568 43.57450707979568 43.57450707979568 10.89362676994892 10.89362676994892 10.89362676994892
 368234520 2 33652.067 33652.067 33652.067 43.76961688564331 43.76961688564331 43.76961688564331 10.942404221410827 10.942404221410827 10.942404221410827
 405057968 2 37188.053 37188.053 37188.053 43.56861253263246 43.56861253263246 43.56861253263246 10.892153133158114 10.892153133158114 10.892153133158114
 445563760 2 40771.961 40771.961 40771.961 43.71276230741023 43.71276230741023 43.71276230741023 10.928190576852558 10.928190576852558 10.928190576852558
 490120136 2 45081.854 45081.854 45081.854 43.487132184049045 43.487132184049045 43.487132184049045 10.871783046012261 10.871783046012261 10.871783046012261
 539132144 1 24610.043 24610.043 24610.043 43.813994473719525 43.813994473719525 43.813994473719525 10.953498618429881 10.953498618429881 10.953498618429881
 593045352 1 27154.922 27154.922 27154.922 43.67866363232419 43.67866363232419 43.67866363232419 10.919665908081047 10.919665908081047 10.919665908081047
 652349880 1 29887.915 29887.915 29887.915 43.65308720932859 43.65308720932859 43.65308720932859 10.913271802332147 10.913271802332147 10.913271802332147
 717584864 1 32820.94 32820.94 32820.94 43.72725851240092 43.72725851240092 43.72725851240092 10.93181462810023 10.93181462810023 10.93181462810023
 789343344 1 36187.172 36187.172 36187.172 43.62558886889531 43.62558886889531 43.62558886889531 10.906397217223828 10.906397217223828 10.906397217223828
 868277672 1 39788.961 39788.961 39788.961 43.64414903922723 43.64414903922723 43.64414903922723 10.911037259806807 10.911037259806807 10.911037259806807
 955105432 1 43739.08 43739.08 43739.08 43.67286335240705 43.67286335240705 43.67286335240705 10.918215838101762 10.918215838101762 10.918215838101762
 1050615968 1 48043.966 48043.966 48043.966 43.73560534115772 43.73560534115772 43.73560534115772 10.93390133528943 10.93390133528943 10.93390133528943
 
META_DATA
 FLOPS          4
 MPI_PROCS      1
 OPENMP_THREADS 1
 ERT_VERSION  1.1.0
 HOSTNAME  ('c3cpu-c11-u13-2.rc.int.colorado.edu', [], ['10.225.64.253'])
 UNAME  uname_result(system='Linux', node='c3cpu-c11-u13-2.rc.int.colorado.edu', release='4.18.0-305.34.2.el8_4.x86_64', version='#1 SMP Mon Jan 17 09:42:23 EST 2022', machine='x86_64', processor='x86_64')
 TIMESTAMP_DATA  1728420591.6960442
 CONFIG  {'nux': ['workstation,', 'MPI', 'and', 'OpenMP', '(8-core', 'Intel', 'Xeon', 'CPU', 'E5530,', '2.40', 'GHz)'], 'ERT_RESULTS': ['Results.alpine'], 'ERT_DRIVER': ['driver1'], 'ERT_KERNEL': ['kernel1'], 'ERT_MPI': ['True'], 'ERT_MPI_CFLAGS': ['-I/usr/include/mpi'], 'ERT_MPI_LDFLAGS': ['-lmpi'], 'ERT_OPENMP': ['True'], 'ERT_OPENMP_CFLAGS': ['-qopenmp'], 'ERT_OPENMP_LDFLAGS': ['-qopenmp'], 'ERT_FLOPS': ['1,2,4,8,16'], 'ERT_ALIGN': ['32'], 'ERT_CC': ['icpc'], 'ERT_CFLAGS': ['-O3', '-fno-alias', '-fno-fnalias', '-DERT_INTEL'], 'ERT_LD': ['icpc'], 'ERT_LDFLAGS': [], 'ERT_LDLIBS': [], 'ERT_PRECISION': ['FP64'], 'ERT_RUN': ['export', 'OMP_NUM_THREADS=ERT_OPENMP_THREADS;', 'mpirun', '-np', 'ERT_MPI_PROCS', 'ERT_CODE'], 'ERT_PROCS_THREADS': ['1'], 'ERT_MPI_PROCS': ['1'], 'ERT_OPENMP_THREADS': ['1'], 'ERT_NUM_EXPERIMENTS': ['1'], 'ERT_MEMORY_MAX': ['1073741824'], 'ERT_WORKING_SET_MIN': ['1'], 'ERT_TRIALS_MIN': ['1'], 'ERT_GNUPLOT': ['gnuplot'], 'ERT_GPU': [False], 'ERT_HIP': [False], 'ERT_OCL': [False], 'ERT_SYCL': [False], 'ERT_WSS_MULT': [1.1]}
 