fp64
 64 16777216 163171.053 163259.983 174312.83 12.319710763688482 13.153766211037766 13.160935156801372 6.159855381844241 6.576883105518883 6.580467578400686
 128 8388608 84315.062 84345.102 90758.085 23.661623622843077 25.46067995744436 25.46975115786548 11.830811811421539 12.73033997872218 12.73487557893274
 192 4194304 42169.809 42170.048 45075.893 35.73113318021232 38.19328676125766 38.19350322407199 17.86556659010616 19.09664338062883 19.096751612035995
 256 4194304 42654.991 42662.144 45953.989 46.73116947475442 50.336983720274354 50.34542494687199 23.36558473737721 25.168491860137177 25.172712473435993
 320 2097152 21271.944 21279.097 22984.982 58.39366243575914 63.07491713581643 63.09612699243661 29.19683121787957 31.537458567908214 31.548063496218305
 384 2097152 21322.012 21325.827 22866.964 70.4340434523796 75.52404584356798 75.53755883825599 35.2170217261898 37.76202292178399 37.768779419127995
 448 2097152 21357.059 21358.013 23006.201 81.6757269920401 87.97860512586072 87.98253504848209 40.83786349602005 43.98930256293036 43.991267524241046
 512 2097152 21477.938 21493.196 22993.088 93.39692206631838 99.91457985122362 99.98555950762128 46.69846103315919 49.95728992561181 49.99277975381064
 576 1048576 10781.05 10782.003 11613.131 104.01669902802269 112.03480021291034 112.04470362348752 52.00834951401134 56.01740010645517 56.02235181174376
 640 1048576 10926.008 10935.068 11620.998 115.49587049236219 122.74064322233754 122.84242149557278 57.74793524618109 61.37032161116877 61.42121074778639
 704 1048576 11111.021 11176.109 11808.157 125.03179014303417 132.10277458818626 132.8766283494559 62.515895071517086 66.05138729409313 66.43831417472795
 768 1048576 10959.148 10965.109 12052.059 133.6379730633579 146.88524628437347 146.96514145077703 66.81898653167895 73.44262314218673 73.48257072538851
 832 1048576 11023.045 11027.098 11775.97 148.1687252939673 158.23115601221645 158.28933511565998 74.08436264698365 79.11557800610822 79.14466755782999
 896 1048576 11090.994 11091.948 12073.994 155.62772285624789 169.40650929845685 169.42108092385587 77.81386142812394 84.70325464922843 84.71054046192793
 960 1048576 11171.103 11171.103 12259.007 164.22748759340786 180.22087165430307 180.22087165430307 82.11374379670393 90.11043582715153 90.11043582715153
 1024 1048576 11325.121 11332.035 12099.028 177.49224549277844 189.50556082821842 189.62125420116928 88.74612274638922 94.75278041410921 94.81062710058464
 1088 524288 5706.072 5709.887 6100.893 186.99732776824638 199.8026735029958 199.936258778368 93.49866388412319 99.9013367514979 99.968129389184
 1152 524288 5759.954 5761.862 6263.018 192.8717995062444 209.6474285569491 209.7168748222642 96.4358997531222 104.82371427847455 104.8584374111321
 1216 524288 5885.839 5892.992 6494.045 196.3442532350792 216.37029475010317 216.63324735861787 98.1721266175396 108.18514737505159 108.31662367930893
 1280 524288 5939.96 5941.868 6413.937 209.25950473164923 225.88473523814395 225.9572926417013 104.62975236582461 112.94236761907197 112.97864632085064
 1408 524288 6130.934 6139.04 6364.107 231.98777267572652 240.49281451171515 240.81078152203236 115.99388633786326 120.24640725585758 120.40539076101618
 1536 524288 6418.943 6425.858 6898.88 233.4600306136648 250.6455536365727 250.91556912095965 116.7300153068324 125.32277681828636 125.45778456047982
 1664 524288 6981.85 7059.097 7534.981 231.5640164188868 247.1747397719567 249.90947442296812 115.7820082094434 123.58736988597835 124.95473721148406
 1792 524288 7266.998 7289.886 7936.954 236.74676607675943 257.7609844653263 258.57282360611634 118.37338303837971 128.88049223266316 129.28641180305817
 1920 524288 7797.956 7807.97 8271.217 243.4062508576428 257.84754808228 258.17867143646356 121.7031254288214 128.92377404114 129.08933571823178
 2112 262144 4197.121 4197.836 4375.935 253.04220835090098 263.77787412371515 263.822809969024 126.52110417545049 131.88893706185758 131.911404984512
 2304 262144 4717.112 4745.007 4752.874 254.1534978625564 254.57487249228504 256.0803203315927 127.0767489312782 127.28743624614252 128.04016016579635
 2496 262144 4905.939 4906.893 5125.999 255.29128039236838 266.6907242525973 266.7425844471364 127.64564019618419 133.34536212629865 133.3712922235682
 2688 262144 5264.997 5269.051 5344.152 263.70622392476855 267.4648895977663 267.670835140077 131.85311196238428 133.73244479888314 133.8354175700385
 2944 262144 5733.967 5739.927 6229.877 247.75832203428737 268.9065334803039 269.18604031031225 123.87916101714369 134.45326674015195 134.59302015515613
 3200 262144 5998.85 6001.949 6533.146 256.8014858385225 279.5294661784031 279.67387082524147 128.40074291926126 139.76473308920154 139.83693541262073
 3520 262144 6752.014 6867.17 7213.831 255.82714094632934 268.7415281695371 273.3249309020983 127.91357047316467 134.37076408476855 136.66246545104914
 3840 262144 7244.11 7252.932 7827.997 257.18787577460745 277.5795940179778 277.91763515462907 128.59393788730372 138.7897970089889 138.95881757731453
 4224 131072 3883.123 3921.032 4307.985 257.0334520663373 282.39918878499327 285.1561117172956 128.51672603316865 141.19959439249664 142.5780558586478
 4608 131072 4354.0 4435.062 4768.133 253.34015473142213 272.3658771850314 277.43673679375286 126.67007736571107 136.1829385925157 138.71836839687643
 5056 131072 4894.018 4904.985 5080.223 260.8940717759831 270.21490667147816 270.82043098329433 130.44703588799155 135.10745333573908 135.41021549164716
 5504 131072 5182.028 5187.988 5410.91 266.65395950034286 278.1117797496833 278.43164413623396 133.32697975017143 139.05588987484165 139.21582206811698
 6016 131072 5582.809 5683.899 5821.228 270.91505503649745 277.4606487553702 282.48473196915745 135.45752751824872 138.7303243776851 141.24236598457873
 6592 131072 6124.973 6133.08 6412.029 269.501782976964 281.7594500642418 282.1323862162331 134.750891488482 140.8797250321209 141.06619310811655
 7232 131072 6603.956 6618.023 6982.088 271.52699994614795 286.46401017343095 287.0742034017186 135.76349997307398 143.23200508671547 143.5371017008593
 7936 131072 7256.985 7385.015 7860.184 264.67252980337355 281.70217447087106 286.6720523743676 132.33626490168677 140.85108723543553 143.3360261871838
 8704 65536 3998.041 4002.094 4262.924 267.62163435238347 285.0634412884855 285.35242334933537 133.81081717619173 142.53172064424274 142.67621167466768
 9536 65536 4387.856 4394.054 4559.994 274.1018062743065 284.45317058006117 284.85497062802426 137.05090313715326 142.22658529003058 142.42748531401213
 10432 65536 4762.888 4781.961 5234.003 261.2423233230856 285.9377364223589 287.0827749886203 130.6211616615428 142.96886821117945 143.54138749431016
 11456 65536 5226.135 5227.089 5671.978 264.7331904319798 287.26521243468403 287.3176509982999 132.3665952159899 143.63260621734202 143.65882549914994
 12544 65536 5716.085 5758.047 5976.915 275.08625570214735 285.5425056447091 287.6386841693222 137.54312785107368 142.77125282235454 143.8193420846611
 13760 65536 6268.024 6295.919 6525.04 276.40454617902725 286.4634567249039 287.7383239119697 138.20227308951362 143.23172836245195 143.86916195598485
 15104 65536 6867.17 6906.986 7150.888 276.8483421919068 286.6245114728769 288.28636658186707 138.4241710959534 143.31225573643846 144.14318329093354
 16576 32768 3772.974 3780.127 3954.887 274.6790833720407 287.3778410090454 287.92266684053476 137.33954168602034 143.6889205045227 143.96133342026738
 18176 32768 4112.005 4115.105 4307.985 276.5056832834841 289.46584254836756 289.68406799116246 138.25284164174204 144.73292127418378 144.84203399558123
 19968 32768 4519.939 4527.092 4745.96 275.7340660266837 289.0647788911734 289.5222364726603 137.86703301334185 144.5323894455867 144.76111823633016
 21952 32768 4987.955 4993.2 5203.962 276.45210937358877 288.1210990947689 288.42406797976327 138.22605468679438 144.06054954738445 144.21203398988163
 24128 32768 5465.984 5472.898 5712.032 276.8283875160363 288.9241875145489 289.28965178090533 138.41419375801814 144.46209375727446 144.64482589045267
 26496 32768 5982.876 5995.989 6267.071 277.0739083696355 289.6005739837081 290.2353075677985 138.53695418481774 144.80028699185405 145.11765378389924
 29120 32768 6561.995 6572.962 6887.913 277.0662637579772 290.34221101536866 290.82745719861106 138.5331318789886 145.17110550768433 145.41372859930553
 32000 32768 7203.817 7220.03 7554.054 277.61940806883297 290.4630590177603 291.11677878546885 138.80970403441648 145.23152950888016 145.55838939273443
 35200 16384 3966.808 3973.961 4150.867 277.87775421375824 290.2478408821828 290.7712195800755 138.93887710687912 145.1239204410914 145.38560979003776
 38720 16384 4364.967 4365.921 4567.146 277.80521139459967 290.6092345692925 290.6727496450718 138.90260569729983 145.30461728464624 145.3363748225359
 42560 16384 4796.982 4800.797 5038.977 276.7637320035396 290.4946991093354 290.725727134269 138.3818660017698 145.2473495546677 145.3628635671345
 46784 16384 5269.051 5303.144 5522.013 277.6194318992005 289.07721759016914 290.94767008328444 138.80971594960025 144.53860879508457 145.47383504164222
 51456 16384 5781.174 5781.889 6074.19 277.586016901019 291.6192628395322 291.6553295230346 138.7930084505095 145.8096314197661 145.8276647615173
 56576 16384 6350.994 6352.186 6693.84 276.953492763496 291.84950944446524 291.9042858487979 138.476746381748 145.92475472223262 145.95214292439894
 62208 16384 6989.956 6992.102 7338.047 277.78940963447087 291.53346790421534 291.6229721617704 138.89470481723544 145.76673395210767 145.8114860808852
 68416 8192 3843.069 3844.976 4042.864 277.26080916894557 291.5304917377898 291.67515441434955 138.63040458447279 145.7652458688949 145.83757720717477
 75200 8192 4216.909 4220.009 4434.109 277.8634444935837 291.9607043492087 292.1753350617716 138.93172224679185 145.98035217460435 146.0876675308858
 82688 8192 4640.102 4642.963 4873.991 277.9570565477039 291.78785012932474 291.9677610535286 138.97852827385196 145.89392506466237 145.9838805267643
 90944 8192 5100.012 5106.926 5356.073 278.1938364170914 291.7658286021767 292.1613706006966 139.0969182085457 145.88291430108836 146.0806853003483
 100032 8192 5608.082 5610.943 5896.091 277.96794316776993 292.09426793321546 292.24328174944657 138.98397158388497 146.04713396660773 146.12164087472328
 110016 8192 6168.842 6170.034 6489.992 277.73564959710274 292.13812176723826 292.1945713636368 138.86782479855137 146.06906088361913 146.0972856818184
 120960 8192 6773.949 6777.048 7130.861 277.9199650645273 292.42948257117257 292.5632655338858 138.95998253226364 146.21474128558629 146.2816327669429
 133056 4096 3750.086 3752.947 3947.02 276.1563792430745 290.43702242531003 290.6586014294072 138.07818962153726 145.21851121265502 145.3293007147036
 146304 4096 4118.919 4122.019 4332.066 276.66299820916856 290.7610003738459 290.97983427205054 138.33149910458428 145.38050018692294 145.48991713602527
 160896 4096 4526.854 4527.092 4771.948 276.21005761169226 291.1493806620232 291.16468788257805 138.10502880584613 145.5746903310116 145.58234394128903
 176960 4096 4980.087 4984.14 5241.871 276.5532230762642 290.8538524198758 291.0905612693112 138.2766115381321 145.4269262099379 145.5452806346556
 194624 4096 5470.037 5470.991 5759.954 276.80078833962915 291.4206599864632 291.4714851106126 138.40039416981458 145.7103299932316 145.7357425553063
 214080 4096 6012.917 6014.109 6335.02 276.83312128454213 291.60485119242105 291.66265890581894 138.41656064227107 145.80242559621053 145.83132945290947
 235456 4096 6617.069 6619.93 6963.015 277.01441861032896 291.37098911922027 291.49696821961504 138.50720930516448 145.68549455961013 145.74848410980752
 258944 4096 7272.959 7272.959 7653.952 277.1469233149097 291.66522841665955 291.66522841665955 138.57346165745486 145.83261420832977 145.83261420832977
 284800 2048 4032.135 4032.85 4228.83 275.8542670194829 289.25965508263386 289.31094817013815 137.92713350974145 144.62982754131693 144.65547408506907
 313280 2048 4455.09 4456.043 4572.153 280.6544050472501 287.96734681420264 288.02894666549946 140.32720252362506 143.98367340710132 144.01447333274973
 344576 2048 4889.965 4898.071 5124.092 275.4406626578914 288.1508446896748 288.62850674800325 137.7203313289457 144.0754223448374 144.31425337400162
 379008 2048 5377.054 5385.16 5630.97 275.6926014523253 288.276814059378 288.71139624039483 137.84630072616264 144.138407029689 144.35569812019742
 416896 2048 5907.059 5909.204 6189.823 275.8731576007908 288.9739491139585 289.078882740125 137.9365788003954 144.48697455697925 144.5394413700625
 458560 2048 6497.145 6498.814 6808.043 275.8886452391679 289.0160820112716 289.09032505816015 137.94432261958394 144.5080410056358 144.54516252908007
 504384 2048 7142.067 7149.935 7487.059 275.93703535660666 288.9476427408081 289.26595956044656 137.96851767830333 144.47382137040404 144.63297978022328
 554816 1024 3929.853 3931.046 4116.058 276.0561605302938 289.0485555244075 289.1363030627354 138.0280802651469 144.52427776220375 144.5681515313677
 610240 1024 4321.814 4322.052 4526.854 276.0794847812631 289.16161119764405 289.1775351738876 138.03974239063155 144.58080559882202 144.5887675869438
 671232 1024 4750.967 4752.874 4979.849 276.049160526755 289.231975432128 289.3480708243185 138.0245802633775 144.615987716064 144.67403541215924
 738304 1024 5221.128 5221.844 5470.037 276.42346697106433 289.5618084339555 289.6015175264809 138.21173348553216 144.78090421697775 144.80075876324045
 812096 1024 5742.073 5746.126 6021.023 276.2275792668455 289.4424187704899 289.6467195732273 138.11378963342275 144.72120938524495 144.82335978661365
 893248 1024 6314.039 6318.092 6614.923 276.5522597919885 289.5449930137136 289.7308527869404 138.27612989599425 144.7724965068568 144.8654263934702
 982528 1024 6943.941 6948.948 7277.966 276.48072881901345 289.57150693889207 289.7803054490239 138.24036440950672 144.78575346944604 144.89015272451195
 1080768 512 3819.942 3820.896 4006.147 276.2520776197179 289.6457877942765 289.71812451602665 138.12603880985895 144.82289389713824 144.85906225801332
 1188800 512 4199.982 4204.988 4405.975 276.29099121079895 289.4969498129364 289.84200408477943 138.14549560539947 144.7484749064682 144.92100204238972
 1307648 512 4617.929 4622.936 4840.851 276.61077608048674 289.6495975717596 289.96365080537186 138.30538804024337 144.8247987858798 144.98182540268593
 1438400 512 5082.13 5082.846 5323.887 276.6628217315657 289.78285000175106 289.82367629320777 138.33141086578286 144.89142500087553 144.91183814660388
 1582208 512 5585.909 5587.101 5857.944 276.5784363933831 289.9859859343871 290.0478672316359 138.28921819669154 144.99299296719354 145.02393361581795
 1740416 512 6147.146 6149.054 6443.977 276.56616154899376 289.8309209839432 289.92088100721867 138.28308077449688 144.9154604919716 144.96044050360933
 1914432 512 6758.928 6762.028 7086.039 276.653623836956 289.9098270518844 290.0427949520989 138.326811918478 144.9549135259422 145.02139747604946
 2105856 256 3716.946 3720.045 3896.952 276.67732935894514 289.83473909589804 290.07638851896155 138.33866467947257 144.91736954794902 145.03819425948078
 2316416 256 4086.971 4088.879 4286.051 276.71275773433393 290.05627019043607 290.1916827890386 138.35637886716697 145.02813509521803 145.0958413945193
 2548032 256 4494.905 4508.972 4714.012 276.7477859623607 289.332553850412 290.2380326169296 138.37389298118035 144.666276925206 145.1190163084648
 2802816 256 4945.04 4991.055 5186.796 276.67210971860084 287.522736575734 290.19821720350086 138.33605485930042 143.761368287867 145.09910860175043
 3083072 256 5441.904 5484.104 5706.072 276.64089482221743 287.83787907742084 290.06995786768744 138.32044741110872 143.91893953871042 145.03497893384372
 3391360 256 6051.064 6067.038 6276.131 276.66349220562796 286.1983590674725 286.953884473871 138.33174610281398 143.09917953373625 143.4769422369355
 3730496 256 6654.978 6695.032 6899.834 276.82027596605946 285.28824836087415 287.0052991910717 138.41013798302973 142.64412418043707 143.50264959553584
 4103488 256 7340.193 7344.961 7591.963 276.73815797047484 286.04452167955685 286.2303288210541 138.36907898523742 143.02226083977843 143.11516441052706
 4513792 128 4025.936 4038.095 4204.035 274.86230538042616 286.1573964951295 287.0216396882613 137.43115269021308 143.07869824756474 143.51081984413065
 4965120 128 4420.042 4436.97 4626.989 274.7079623487326 286.4726874421057 287.5698285219914 137.3539811743663 143.23634372105286 143.7849142609957
 5461632 128 4863.024 4873.037 5087.137 274.84571223460273 286.9212345401851 287.5120073435788 137.42285611730136 143.46061727009254 143.7560036717894
 6007744 128 5348.921 5354.881 5592.823 274.9921576277311 287.2113243973115 287.5313477241484 137.49607881386555 143.60566219865575 143.7656738620742
 6608512 128 5878.925 5879.879 6147.861 275.18173751813845 287.72345009140497 287.77014028925356 137.59086875906922 143.86172504570249 143.88507014462678
 7269312 128 6464.005 6477.118 6767.988 274.9626435507864 287.31047851837803 287.89332186469534 137.4813217753932 143.65523925918902 143.94666093234767
 7996224 128 7118.94 7120.132 7437.944 275.2149443448351 287.49935310188073 287.54749218282495 137.60747217241754 143.74967655094036 143.77374609141248
 8795840 64 3913.879 3920.078 4092.932 275.07603839985615 287.2053872397437 287.66027769381725 137.53801919992807 143.60269361987184 143.83013884690862
 9675392 64 4298.925 4305.124 4416.943 280.38627077596425 287.66887457829324 288.0836897596492 140.19313538798212 143.83443728914662 144.0418448798246
 10642880 64 4726.887 4733.086 4948.854 275.2735562617123 287.8224988939563 288.19995908512306 137.63677813085616 143.91124944697816 144.09997954256153
 11707136 64 5195.856 5204.916 5449.057 275.0041719145166 287.90347586781417 288.405492377002 137.5020859572583 143.95173793390708 144.202746188501
 12877824 64 5725.145 5774.975 5872.011 280.71498367424715 285.4317935575478 287.9161090243129 140.35749183712358 142.7158967787739 143.95805451215645
 14165568 64 6289.005 6293.058 6584.883 275.3568596435199 288.1258529636943 288.31153799368894 137.67842982175995 144.06292648184714 144.15576899684447
 15582080 64 6917.953 6920.099 7247.925 275.18306825746674 288.2193217177962 288.3087294753231 137.59153412873337 144.1096608588981 144.15436473766155
 17140288 32 3803.015 3810.167 3983.021 275.4136701764816 287.9082286944378 288.4496726939021 137.7068350882408 143.9541143472189 144.22483634695104
 18854272 32 4187.822 4191.16 4472.971 269.7700047686426 287.9091726395556 288.13865727817466 134.8850023843213 143.9545863197778 144.06932863908733
 20739648 32 4714.012 4722.118 4826.069 275.0349139226977 281.08943317384274 281.5727817409035 137.51745696134884 140.54471658692137 140.78639087045175
 22813568 32 5064.964 5066.156 5300.999 275.4326782555515 288.2004328330987 288.26825857005105 137.71633912777574 144.10021641654936 144.13412928502552
 25094912 32 5573.034 5575.18 5834.103 275.29071187121656 288.0757873288396 288.18671624827704 137.64535593560828 144.0378936644198 144.09335812413852
 27604352 32 6128.073 6130.934 6422.997 275.0551694170182 288.15813838478766 288.29267014280015 137.5275847085091 144.07906919239383 144.14633507140007
 30364736 32 6742.001 6745.1 7073.164 274.74876929193215 288.11182992097963 288.2442622004951 137.37438464596607 144.05591496048982 144.12213110024754
 33401152 32 7416.01 7418.156 7769.108 275.15047132824003 288.1678045055942 288.25119275729134 137.57523566412002 144.0839022527971 144.12559637864567
 36741248 16 4104.137 4106.998 4298.925 273.49161383369096 286.2723419879922 286.47190286289174 136.74580691684548 143.1361709939961 143.23595143144587
 40415360 16 4511.118 4515.886 4719.019 274.0594009051457 286.3871054318023 286.68980062148665 137.02970045257285 143.19355271590115 143.34490031074333
 44456896 16 4965.067 4966.974 5200.148 273.573112149885 286.4159691594923 286.5259767894371 136.7865560749425 143.20798457974615 143.26298839471855
 48902528 16 5463.839 5475.044 5835.056 268.1860972713887 285.82069769667606 286.4068461753723 134.09304863569434 142.91034884833803 143.20342308768616
 53792768 16 6132.841 6148.1 6295.204 273.4412698937159 279.9838284998617 280.6804507079182 136.72063494685796 139.99191424993086 140.3402253539591
 59172032 16 6627.798 6643.057 6923.914 273.4732152941241 285.0351914788628 285.6914202877034 136.73660764706204 142.5175957394314 142.8457101438517
 65089216 16 7286.072 7305.145 7614.136 273.55105188559804 285.1216385164155 285.8680111862743 136.77552594279902 142.56081925820774 142.93400559313716
 71598080 8 4077.911 4086.018 4256.01 269.1650818489618 280.3632485221553 280.9206184244825 134.5825409244809 140.18162426107764 140.46030921224124
 78757888 8 4499.912 4547.119 4697.084 268.27840592163136 277.1262876559861 280.03352243332756 134.13920296081568 138.56314382799306 140.01676121666378
 86633664 8 4956.007 5090.952 5170.107 268.1063707192133 272.27493482554934 279.6885928530771 134.05318535960666 136.13746741277467 139.84429642653856
 95297024 8 5555.868 5597.115 5697.012 267.640718327432 272.41755511544784 274.4399946147028 133.820359163716 136.20877755772392 137.2199973073514
 104826688 8 6001.949 6014.109 6263.018 267.7985290797504 278.88204354127936 279.4470609463693 133.8992645398752 139.44102177063968 139.72353047318464
 115309312 8 6627.083 6644.011 6909.132 267.0305028185885 277.6860230965903 278.3953350214567 133.51525140929425 138.84301154829515 139.19766751072834
 126840192 8 7336.14 7484.913 7554.054 268.65615098859496 271.1378304597528 276.63636081099867 134.32807549429748 135.5689152298764 138.31818040549933
 139524160 4 4111.052 4271.03 4594.088 242.96297328218358 261.3405384649605 271.51037739245334 121.48148664109179 130.67026923248025 135.75518869622667
 153476544 4 4554.987 4616.022 4843.95 253.473374415508 265.98927648091797 269.55342616784634 126.736687207754 132.99463824045898 134.77671308392317
 168824192 4 5252.838 5374.908 5442.858 248.14050559467105 251.27751693610384 257.1169215574514 124.07025279733553 125.63875846805192 128.5584607787257
 185706560 4 5807.877 5867.004 6397.009 232.24173672414716 253.22165793648682 255.79957702272273 116.12086836207358 126.61082896824341 127.89978851136136
 204277184 4 7672.071 8009.911 8114.815 201.38690432252616 204.02442324265527 213.00864812121785 100.69345216126308 102.01221162132764 106.50432406060892
 224704896 4 9073.019 9088.039 9162.903 196.1866417226069 197.80275678834562 198.1302109033388 98.09332086130345 98.90137839417281 99.0651054516694
 247175360 4 9585.857 9784.937 9849.072 200.77047664998287 202.08641915630116 206.28336934298105 100.38523832499143 101.04320957815058 103.14168467149052
 271892864 2 6558.895 6619.93 7444.143 146.09760398208363 164.28745560753663 165.8162626479003 73.04880199104181 82.14372780376831 82.90813132395014
 299082112 2 6541.967 6734.133 6735.086 177.62630618228187 177.65144347460915 182.86983838347092 88.81315309114093 88.82572173730458 91.43491919173546
 328990272 2 6587.029 6652.117 6814.003 193.1259918729123 197.8259083536865 199.7806731987972 96.56299593645615 98.91295417684324 99.8903365993986
 361889280 2 6968.975 7019.043 7123.232 203.2163377523012 206.23283259555467 207.7144945992775 101.6081688761506 103.11641629777733 103.85724729963874
 398078208 2 8247.137 8332.968 9288.073 171.43629598949101 191.0859170466033 193.07461874345 85.71814799474551 95.54295852330165 96.537309371725
 437886016 2 9057.045 9136.915 9305.0 188.23686878022568 191.69972184265694 193.3902353361389 94.11843439011284 95.84986092132847 96.69511766806944
 481674560 2 10290.861 10859.966 10916.948 176.48689358967357 177.4129163940292 187.2242021343015 88.24344679483679 88.7064581970146 93.61210106715075
 529841984 2 11648.893 11903.048 12263.06 172.82537441715203 178.05254049214957 181.9372824525043 86.41268720857602 89.02627024607479 90.96864122625215
 582826176 1 6609.917 6615.877 6666.899 174.84175956467917 176.19014863789033 176.34901497250266 87.42087978233958 88.09507431894517 88.17450748625133
 641108736 1 7230.997 7284.164 7353.067 174.37859222552984 176.02808942797003 177.3223626008972 87.18929611276492 88.01404471398502 88.6611813004486
 705219584 1 8049.965 8079.052 8114.1 173.82570685596676 174.57978584616114 175.21059631936285 86.91285342798338 87.28989292308057 87.60529815968142
 775741504 1 8949.995 8982.897 9531.975 162.76616419996904 172.71521737363793 173.35015360343775 81.38308209998452 86.35760868681896 86.67507680171887
 853315648 1 9935.856 10006.905 10894.06 156.6570494379506 170.54536802337987 171.76489836406648 78.3285247189753 85.27268401168993 85.88244918203324
 938647168 1 11047.125 11098.146 11930.943 157.34668550507703 169.15386912372568 169.93510402027678 78.67334275253852 84.57693456186284 84.96755201013839
 1032511872 1 12264.013 12363.911 12373.209 166.89475979917574 167.02026923357826 168.38075302105435 83.44737989958787 83.51013461678913 84.19037651052717
 
META_DATA
 FLOPS          8
 MPI_PROCS      4
 OPENMP_THREADS 2
 ERT_VERSION  1.1.0
 HOSTNAME  ('c3cpu-a7-u1-3.rc.int.colorado.edu', [], ['10.225.64.156'])
 UNAME  uname_result(system='Linux', node='c3cpu-a7-u1-3.rc.int.colorado.edu', release='4.18.0-305.34.2.el8_4.x86_64', version='#1 SMP Mon Jan 17 09:42:23 EST 2022', machine='x86_64', processor='x86_64')
 TIMESTAMP_DATA  1728533938.929155
 CONFIG  {'nux': ['workstation,', 'MPI', 'and', 'OpenMP', '(8-core', 'Intel', 'Xeon', 'CPU', 'E5530,', '2.40', 'GHz)'], 'ERT_RESULTS': ['Results.alpine'], 'ERT_DRIVER': ['driver1'], 'ERT_KERNEL': ['kernel1'], 'ERT_MPI': ['True'], 'ERT_MPI_CFLAGS': ['-I/usr/include/mpi'], 'ERT_MPI_LDFLAGS': ['-lmpi'], 'ERT_OPENMP': ['True'], 'ERT_OPENMP_CFLAGS': ['-qopenmp'], 'ERT_OPENMP_LDFLAGS': ['-qopenmp'], 'ERT_FLOPS': ['1,2,4,8,16'], 'ERT_ALIGN': ['32'], 'ERT_CC': ['icpc'], 'ERT_CFLAGS': ['-O3', '-fno-alias', '-fno-fnalias', '-DERT_INTEL'], 'ERT_LD': ['icpc'], 'ERT_LDFLAGS': [], 'ERT_LDLIBS': [], 'ERT_PRECISION': ['FP64'], 'ERT_RUN': ['export', 'OMP_NUM_THREADS=ERT_OPENMP_THREADS;', 'mpirun', '-np', 'ERT_MPI_PROCS', 'ERT_CODE'], 'ERT_PROCS_THREADS': ['1-8'], 'ERT_MPI_PROCS': ['1,2,4,8'], 'ERT_OPENMP_THREADS': ['1,2,4,8'], 'ERT_NUM_EXPERIMENTS': ['3'], 'ERT_MEMORY_MAX': ['1073741824'], 'ERT_WORKING_SET_MIN': ['1'], 'ERT_TRIALS_MIN': ['1'], 'ERT_GNUPLOT': ['gnuplot'], 'ERT_GPU': [False], 'ERT_HIP': [False], 'ERT_OCL': [False], 'ERT_SYCL': [False], 'ERT_WSS_MULT': [1.1]}
 TIMESTAMP_DATA  1728533944.6947072
 TIMESTAMP_DATA  1728533950.3270476
 