fp64
 8 134217728 522061.11 522192.955 522250.891 4.111976992299665 4.11243320584438 4.113471788772008 0.5139971240374581 0.5140541507305475 0.514183973596501
 16 67108864 282744.884 282752.991 282922.029 7.590372710072712 7.594910456667814 7.5951282216657185 0.948796588759089 0.9493638070834768 0.9493910277082148
 24 33554432 141366.959 141425.133 141496.897 11.38267177689416 11.388447737927882 11.393134204718939 1.42283397211177 1.4235559672409852 1.4241417755898673
 32 33554432 142354.965 142416.0 142422.915 15.078217209639334 15.078949331535785 15.085414463766684 1.8847771512049167 1.8848686664419732 1.8856768079708355
 40 16777216 71143.866 71165.085 71424.007 18.791682746110844 18.860053072373905 18.8656781738569 2.3489603432638555 2.357506634046738 2.3582097717321124
 48 16777216 70904.97 70971.012 71015.12 22.679856571389305 22.69395194759235 22.715089450006115 2.834982071423663 2.8367439934490437 2.8393861812507644
 56 16777216 70789.099 70812.941 70824.862 26.530912153418672 26.53537849811943 26.544315700359455 3.316364019177334 3.316922312264929 3.318039462544932
 64 16777216 70718.05 70731.163 70736.885 30.358753400011892 30.361209358313538 30.366839130886667 3.7948441750014865 3.795151169789192 3.7958548913608334
 72 8388608 35351.992 35360.098 35367.966 34.15405771426041 34.161657357397594 34.16949042079439 4.269257214282551 4.270207169674699 4.271186302599299
 80 8388608 35394.192 35400.867 35418.034 37.89530723246807 37.913683865426236 37.920834017061324 4.736913404058509 4.7392104831782795 4.7401042521326655
 88 8388608 35374.88 35381.079 35392.046 41.71544668539365 41.72837713626541 41.73568950622589 5.214430835674206 5.216047142033176 5.216961188278236
 96 8388608 35480.976 35502.911 35588.026 45.25715295363671 45.36565286153578 45.39369875281897 5.657144119204589 5.670706607691972 5.674212344102371
 104 8388608 35427.094 35434.008 35435.915 49.23904078672726 49.24169075087413 49.251300826423986 6.154880098340907 6.155211343859266 6.156412603302998
 112 8388608 35689.116 35729.885 35787.821 52.50524171337506 52.59037895028209 52.6504548893842 6.563155214171882 6.573797368785261 6.581306861173025
 120 8388608 35835.028 36180.973 36188.126 55.6333290096315 55.644327752048014 56.18150821592772 6.954166126203938 6.955540969006002 7.022688526990965
 128 8388608 36086.082 36128.998 36135.912 59.42796318521033 59.43933590408458 59.51002516704362 7.428495398151291 7.429916988010572 7.438753145880453
 136 4194304 19028.902 19041.061 19049.883 59.887543036353556 59.91528980449146 59.95357419991969 7.4859428795441945 7.489411225561432 7.494196774989962
 144 4194304 18866.062 18906.116 19100.904 63.240962417276165 63.8925283225809 64.02817673343804 7.905120302159521 7.986566040322613 8.003522091679756
 152 4194304 19718.17 19953.966 19983.053 63.80748807502037 63.900500582190034 64.66464261135796 7.975936009377547 7.987562572773754 8.083080326419745
 160 4194304 20288.944 20436.049 20812.988 64.48748637149072 65.67694567575171 66.15313640769081 8.06093579643634 8.209618209468964 8.269142050961351
 176 4194304 21778.107 21868.944 21928.072 67.32899308247437 67.51103336311073 67.79262348192154 8.416124135309296 8.43887917038884 8.474077935240192
 192 4194304 23114.92 23120.88 23122.072 69.65693801143773 69.6605291840103 69.67849060260646 8.707117251429716 8.707566148001288 8.709811325325807
 208 4194304 24473.19 24480.82 24490.833 71.24422693176668 71.27336682349693 71.29558770229791 8.905528366470834 8.909170852937116 8.911948462787239
 224 4194304 25834.084 25840.998 25846.004 72.70169083004087 72.71577483191632 72.7352358225668 9.08771135375511 9.08947185398954 9.09190447782085
 240 4194304 27190.924 27194.977 27208.805 73.99317684109978 74.03080061439287 74.04183543008689 9.249147105137473 9.25385007679911 9.255229428760861
 264 2097152 14961.958 14966.965 14969.11 73.97208357744715 73.9826849331177 74.00744314347092 9.246510447180894 9.247835616639712 9.250930392933865
 288 2097152 15632.868 15650.034 15730.143 76.79266183403419 77.18574617793162 77.27050161237207 9.599082729254274 9.648218272241452 9.658812701546509
 312 2097152 16993.999 16998.053 17013.073 76.91866413551507 76.9866318218916 77.00499735230066 9.614833016939384 9.62332897773645 9.625624669037583
 336 2097152 18354.893 18358.946 18368.006 76.72504810810709 76.76291133488817 76.77986158786106 9.590631013513386 9.595363916861022 9.597482698482633
 368 2097152 19715.071 19721.985 19738.913 78.19599144086607 78.26310951965534 78.29055609284897 9.774498930108258 9.782888689956918 9.786319511606122
 400 2097152 21755.934 21764.994 21780.014 77.03032697775124 77.08348552726456 77.11558602816132 9.628790872218906 9.63543569090807 9.639448253520165
 440 2097152 23123.98 23135.185 23140.192 79.75274189600502 79.77000227143202 79.80865577638453 9.969092737000627 9.971250283929002 9.976081972048066
 480 2097152 25151.968 25156.021 25157.928 80.02510858604889 80.03117504155367 80.04407130288969 10.00313857325611 10.003896880194208 10.005508912861211
 528 1048576 16147.137 16367.912 16556.025 66.88176999007912 67.65042822810874 68.5753924054772 8.36022124875989 8.456303528513592 8.57192405068465
 576 1048576 16733.885 16949.177 17158.031 70.40199146393896 71.26951072609602 72.18643799691465 8.80024893299237 8.908688840762002 9.023304749614331
 632 1048576 17817.974 17982.96 18024.921 73.53153248216734 73.70310916556564 74.38556504796787 9.191441560270917 9.212888645695704 9.298195630995984
 688 1048576 18532.038 18532.038 18545.866 77.79850107835352 77.85655177266526 77.85655177266526 9.72481263479419 9.732068971583157 9.732068971583157
 752 1048576 19881.964 19895.077 19906.044 79.22509886946898 79.26877106331379 79.3210521857901 9.903137358683622 9.908596382914224 9.915131523223762
 824 1048576 22094.965 22096.872 22114.038 78.14281805973201 78.20352346703189 78.21027315499255 9.767852257466501 9.775440433378986 9.776284144374069
 904 1048576 24466.991 24474.144 24485.111 77.4276828069107 77.46237858206604 77.48502494646768 9.678460350863837 9.682797322758255 9.68562811830846
 992 1048576 26509.047 26520.014 26525.021 78.43065549316624 78.44546326408425 78.47791676554802 9.80383193664578 9.805682908010532 9.809739595693502
 1088 524288 14614.82 14615.059 14617.205 78.04848382436998 78.05994406180639 78.06122059662727 9.756060478046248 9.757493007725799 9.757652574578408
 1192 524288 16104.937 16104.937 16126.871 77.50434613137293 77.60990260315828 77.60990260315828 9.688043266421616 9.701237825394784 9.701237825394784
 1304 524288 17679.93 17682.076 17682.791 77.32620399121383 77.32933078672436 77.33871706505624 9.665775498901729 9.666166348340544 9.66733963313203
 1432 524288 19370.079 19387.96 19389.868 77.44048757835795 77.4481086199889 77.51960288855817 9.680060947294743 9.681013577498613 9.689950361069771
 1568 524288 21244.049 21265.03 21268.845 77.30401759004779 77.3178861257191 77.39424664290692 9.663002198755974 9.664735765714887 9.674280830363365
 1720 524288 23205.996 23211.956 23221.016 77.66889786390053 77.69921328474 77.7191687872393 9.708612232987566 9.7124016605925 9.714896098404912
 1888 524288 25417.089 25420.904 25427.103 77.85831866099728 77.87730475674665 77.88899381829287 9.73228983262466 9.734663094593332 9.73612422728661
 2072 262144 14062.881 14073.849 14076.948 77.17047303151222 77.18746563218065 77.24766610767736 9.646309128939027 9.64843320402258 9.65595826345967
 2272 262144 15335.083 15339.136 15346.05 77.62142935804327 77.65641663259261 77.67694090732994 9.702678669755409 9.707052079074076 9.709617613416242
 2496 262144 16911.03 16919.851 16921.997 77.3326486229728 77.34245697553719 77.38279974667421 9.6665810778716 9.667807121942149 9.672849968334276
 2744 262144 18564.939 18570.9 18579.006 77.43397423952604 77.46777334431825 77.49264740379702 9.679246779940755 9.68347166803978 9.686580925474628
 3016 262144 20393.133 20397.186 20401.955 77.50495518689262 77.52307636945606 77.53848356699287 9.688119398361577 9.690384546182008 9.692310445874108
 3312 262144 22392.035 22393.942 22400.856 77.51676346653895 77.54069631867404 77.54730001091906 9.689595433317368 9.692587039834255 9.693412501364882
 3640 262144 24687.052 24703.026 24708.986 77.23539606198327 77.25403033620252 77.30401831697037 9.654424507747908 9.656753792025315 9.663002289621296
 4000 262144 27200.937 27202.129 27203.798 77.09041215494983 77.09514207509271 77.0985205399358 9.636301519368729 9.636892759386589 9.637315067491976
 4400 131072 14933.109 14943.123 14945.984 77.1734801803615 77.18825576152992 77.24001746722669 9.646685022545187 9.64853197019124 9.655002183403337
 4840 131072 16406.059 16407.967 16412.973 77.30329904277549 77.32688394607328 77.33587694643789 9.662912380346937 9.66586049325916 9.666984618304737
 5320 131072 18038.988 18047.81 18048.048 77.27185122734602 77.27287022635987 77.31066066455611 9.658981403418252 9.659108778294984 9.663832583069514
 5848 131072 19842.863 19846.916 20239.115 75.74531356731754 77.24213232927472 77.25790940551269 9.468164195914692 9.65526654115934 9.657238675689086
 6432 131072 21867.99 21868.944 21872.044 77.0897410411208 77.10066878400714 77.10403233218966 9.6362176301401 9.637583598000893 9.638004041523708
 7072 131072 24046.898 24060.011 24062.157 77.04556029619457 77.05243227029281 77.09444968743993 9.63069503702432 9.631554033786601 9.636806210929992
 7776 131072 26386.976 26397.943 26399.851 77.21375942614222 77.21934030996279 77.25143434397333 9.651719928267777 9.652417538745349 9.656429292996666
 8552 65536 14509.916 14516.115 14525.89 77.1675776148656 77.21954145444563 77.25253157909391 9.6459472018582 9.652442681805704 9.656566447386739
 9400 65536 15960.932 15975.952 15977.144 77.11495871852942 77.12071243078347 77.19328670781881 9.639369839816178 9.640089053847934 9.649160838477352
 10336 65536 17539.978 17551.899 17556.19 77.16709559420353 77.18596101766538 77.23842025343477 9.645886949275441 9.648245127208172 9.654802531679346
 11368 65536 19305.944 19307.852 19311.905 77.15585262044321 77.17204876026604 77.1796756480802 9.644481577555402 9.646506095033255 9.647459456010026
 12504 65536 21245.956 21249.056 21264.076 77.07479450317992 77.12927520168425 77.14052914352266 9.63434931289749 9.641159400210531 9.642566142940332
 13752 65536 23362.875 23384.094 23391.962 77.0564753824412 77.08240242277506 77.15241142196754 9.63205942280515 9.635300302846883 9.644051427745943
 15120 65536 25714.874 25732.04 25745.153 76.9779321179408 77.01715992979958 77.06857284231687 9.6222415147426 9.627144991224947 9.633571605289609
 16632 32768 14240.026 14250.04 14255.047 76.4637781972939 76.490645078891 76.54443552280031 9.557972274661738 9.561330634861376 9.56805444035004
 18288 32768 15666.008 15669.107 15673.876 76.46624025863161 76.48951328240976 76.50464419525383 9.558280032328952 9.56118916030122 9.563080524406729
 20112 32768 17197.132 17208.815 17213.821 76.56986975756283 76.59214373563782 76.64417718024144 9.571233719695353 9.574017966954727 9.58052214753018
 22120 32768 18908.978 18918.037 18926.859 76.59254607433806 76.62826328122733 76.66497470143548 9.574068259292257 9.578532910153417 9.583121837679435
 24328 32768 20802.975 20806.074 20825.148 76.55935064663166 76.62953654783695 76.64095197922414 9.569918830828957 9.578692068479619 9.580118997403018
 26760 32768 22879.124 22894.144 22902.012 76.5759514928208 76.60226824815987 76.65255715210075 9.5719939366026 9.575283531019984 9.581569644012594
 29432 32768 25126.934 25128.126 25142.193 76.71787230334283 76.76081980805094 76.76446127490127 9.589734037917854 9.595102476006367 9.595557659362658
 32368 32768 27624.13 27635.813 28223.991 75.15837317266718 76.75798240493232 76.79044545475278 9.394796646583398 9.59474780061654 9.598805681844098
 35600 16384 15210.867 15216.112 15229.94 76.59523281116012 76.66484053219378 76.6912760462635 9.574404101395015 9.583105066524222 9.586409505782937
 39160 16384 16743.183 16750.813 16762.972 76.54936606706734 76.60493135467514 76.63984082357577 9.568670758383417 9.575616419334393 9.57998010294697
 43072 16384 18409.014 18415.928 18506.05 76.26604791406054 76.63927096152851 76.6680548996269 9.533255989257567 9.579908870191064 9.583506862453362
 47376 16384 20262.957 20266.056 20287.037 76.52259755823385 76.60181971272556 76.61353513211326 9.565324694779232 9.575227464090695 9.576691891514157
 52112 16384 22302.151 22308.111 22325.039 76.48837773586867 76.54641919255288 76.56687536551966 9.561047216983583 9.56830239906911 9.570859420689958
 57320 16384 24559.975 24573.088 24585.962 76.39569930190244 76.43572350369641 76.47653387269328 9.549462412737805 9.554465437962051 9.55956673408666
 63048 16384 26983.976 27009.01 27036.905 76.41247635407973 76.49139542693345 76.56235923127117 9.551559544259966 9.561424428366681 9.570294903908897
 69352 8192 14868.021 14872.074 14874.935 76.3877736608597 76.40246868056197 76.42329587777687 9.548471707607462 9.550308585070246 9.552911984722108
 76280 8192 16341.925 16350.031 16376.972 76.31273473509022 76.43848014722417 76.47639552867854 9.539091841886277 9.554810018403021 9.559549441084817
 83904 8192 17993.212 17996.073 18020.153 76.28587482026374 76.3879506378975 76.40009665867329 9.535734352532968 9.548493829737188 9.550012082334161
 92288 8192 19789.934 19795.179 19816.16 76.30371333295653 76.38458798478155 76.40483247695519 9.537964166619567 9.548073498097693 9.550604059619399
 101512 8192 21756.172 21783.113 21807.909 76.26465279179219 76.35146583502551 76.44601302104066 9.533081598974023 9.543933229378188 9.555751627630082
 111656 8192 23906.946 23943.186 24005.89 76.20512732500232 76.40469835551542 76.52051851374074 9.52564091562529 9.550587294439428 9.565064814217592
 122816 8192 26332.14 26340.961 26372.91 76.29864675532583 76.39118952417871 76.41677979837569 9.53733084441573 9.54889869052234 9.55209747479696
 135096 4096 14452.934 14473.915 14549.017 76.06743685844893 76.46213426015007 76.5731326248359 9.508429607306116 9.557766782518758 9.571641578104488
 148600 4096 15906.811 15933.037 15959.024 76.27854936492358 76.40296071615224 76.52892839425829 9.534818670615447 9.55037008951903 9.566116049282286
 163456 4096 17482.996 17513.037 17534.018 76.36763872376544 76.45912881929046 76.59050840027648 9.54595484047068 9.557391102411307 9.57381355003456
 179800 4096 19218.922 19255.877 19282.103 76.38801639012094 76.49205486719717 76.63913720030708 9.548502048765117 9.561506858399646 9.579892150038384
 197776 4096 21152.02 21183.014 21216.869 76.36286918677776 76.48491343111043 76.59698657622299 9.54535864834722 9.560614178888803 9.574623322027874
 217552 4096 23262.024 23284.197 23338.079 76.36386799444804 76.54058175164899 76.61353904544161 9.545483499306005 9.567572718956123 9.576692380680202
 239304 4096 25621.176 25624.037 25653.124 76.41869925861661 76.50544557050085 76.5139885850673 9.552337407327077 9.563180696312607 9.564248573133412
 263232 2048 14111.042 14152.05 14152.05 76.18672008648925 76.18672008648925 76.40812577837981 9.523340010811156 9.523340010811156 9.551015722297477
 289552 2048 15498.161 15558.958 15615.94 75.94835738354527 76.22650514256803 76.5255304806809 9.493544672943159 9.528313142821004 9.565691310085112
 318504 2048 17071.962 17127.037 17172.813 75.96847319073468 76.17151664937724 76.41724975723353 9.496059148841836 9.521439581172155 9.552156219654192
 350352 2048 18779.993 18829.107 18893.957 75.95242182460774 76.21401227365695 76.41332944053813 9.494052728075967 9.526751534207119 9.551666180067267
 385384 2048 20666.838 20707.846 20784.855 75.94630147768653 76.22873301259821 76.37998923686342 9.493287684710817 9.528591626574777 9.547498654607928
 423920 2048 22869.825 22904.873 23198.128 74.8498465048559 75.8081618701837 75.9243378556679 9.356230813106988 9.476020233772962 9.490542231958488
 466312 2048 25281.906 25395.87 25449.038 75.05250108078741 75.20962865221786 75.54865333333649 9.381562635098426 9.401203581527232 9.443581666667061
 512936 2048 27806.997 27935.982 28306.961 74.22152650014249 75.20715956933248 75.55601404926968 9.277690812517811 9.40089494616656 9.44450175615871
 564224 1024 15243.053 15391.111 15393.019 75.06849384126662 75.07779990671239 75.80704154213727 9.383561730158327 9.384724988339048 9.475880192767159
 620640 1024 16896.963 17014.027 17062.902 74.49323215945331 74.70722363376996 75.22480341585644 9.311654019931664 9.338402954221245 9.403100426982055
 682704 1024 18451.929 18671.036 18703.938 74.75312375393888 74.88485330969316 75.77407175152257 9.34414046924236 9.360606663711645 9.471758968940321
 750968 1024 20338.058 20563.126 20568.132 74.77501914126182 74.79322278140006 75.62091051171157 9.346877392657728 9.349152847675008 9.452613813963946
 826064 1024 22405.863 22563.219 22627.115 74.76777627196397 74.97950855327868 75.50608838409839 9.345972033995496 9.372438569159835 9.438261048012299
 908664 1024 24646.997 24655.819 24806.023 75.01983981874079 75.4768629669126 75.50387870781987 9.377479977342599 9.434607870864076 9.437984838477483
 999528 1024 27106.047 27176.142 27226.925 75.18415480264481 75.3246485097112 75.51943461176762 9.398019350330602 9.4155810637139 9.439929326470953
 1099480 512 14894.009 14899.969 15017.986 74.96794310502086 75.56173573247031 75.59197258441296 9.370992888127608 9.445216966558789 9.44899657305162
 1209424 512 16369.82 16371.012 16390.085 75.5609367492603 75.64896879924099 75.6544773247354 9.445117093657538 9.456121099905124 9.456809665591924
 1330360 512 17977.953 17977.953 18018.007 75.6070657537207 75.77551459835277 75.77551459835277 9.450883219215088 9.471939324794096 9.471939324794096
 1463392 512 19769.907 19778.967 19819.975 75.60622089583866 75.76297629699265 75.79769636751453 9.450777611979833 9.470372037124081 9.474712045939317
 1609728 512 21734.953 21765.947 21778.107 75.68892337612263 75.73120857089286 75.83920112456649 9.461115422015329 9.466401071361608 9.47990014057081
 1770696 512 23941.994 23946.047 23989.916 75.58145280708777 75.71991752960312 75.73273571115256 9.447681600885971 9.46498969120039 9.46659196389407
 1947760 512 26311.159 26340.008 26376.963 75.61546187102738 75.72155027439626 75.80457554150313 9.451932733878422 9.465193784299533 9.47557194268789
 2142536 256 14471.054 14472.008 14509.201 75.60570923236918 75.80001558871443 75.80501268255927 9.450713654046147 9.475001948589304 9.475626585319908
 2356784 256 15924.931 15949.011 16000.032 75.41693716612566 75.65819648628997 75.77259882633086 9.427117145765708 9.457274560786246 9.471574853291358
 2592456 256 17498.016 17529.964 17557.144 75.60099022939038 75.71820866260764 75.85645549758327 9.450123778673797 9.464776082825955 9.482056937197909
 2851696 256 19239.902 19283.056 19336.939 75.50669482900061 75.71768458277568 75.88751501956715 9.438336853625076 9.46471057284696 9.485939377445893
 3136864 256 21184.206 21195.889 21208.048 75.72947628183414 75.77291841828385 75.81470686227279 9.466184535229267 9.471614802285481 9.476838357784098
 3450544 256 23288.965 23330.212 23388.863 75.53503254946594 75.72492388838987 75.85904002174419 9.441879068683242 9.465615486048733 9.482380002718024
 3795592 256 25614.977 25620.937 25649.071 75.76660784322364 75.84980611755142 75.86745457550089 9.470825980402955 9.481225764693928 9.48343182193761
 4175144 256 28184.891 28215.885 28244.019 75.68589045347974 75.76135669676852 75.84466897530312 9.460736306684968 9.470169587096064 9.48058362191289
 4592656 128 15499.115 15511.99 15529.156 75.71048523177949 75.79426856257643 75.85723029992357 9.463810653972436 9.474283570322054 9.482153787490446
 5051920 128 17049.074 17075.062 17166.138 75.33969026696629 75.74154167053682 75.8569949312203 9.417461283370786 9.467692708817102 9.482124366402537
 5557112 128 18737.078 18779.993 18805.027 75.65108372351713 75.75192770306145 75.9254282871641 9.456385465439642 9.468990962882682 9.490678535895512
 6112816 128 20613.909 20638.227 20678.997 75.67489351635382 75.82438627116565 75.91383545934931 9.459361689544227 9.478048283895706 9.489229432418664
 6724096 128 22687.912 22707.939 22783.995 75.55165702941912 75.80470319213029 75.87161727355077 9.44395712867739 9.475587899016286 9.483952159193846
 7396504 128 24957.895 24993.181 25048.018 75.59500412367956 75.76086549367206 75.86797780822461 9.449375515459945 9.470108186709007 9.483497226028076
 8136152 128 27455.091 27501.106 27534.962 75.64400895123808 75.7371326084122 75.86406878054056 9.45550111890476 9.467141576051525 9.48300859756757
 8949760 64 15097.141 15107.87 15115.976 75.78533334532946 75.82599532561505 75.87988215782048 9.473166668166183 9.478249415701882 9.48498526972756
 9844736 64 16592.979 16619.205 16651.154 75.67801054509496 75.8234950468449 75.94333772133382 9.45975131813687 9.477936880855612 9.492917215166727
 10829208 64 18263.102 18287.897 18295.05 75.7657740208417 75.79540851526012 75.8983125648644 9.470721752605213 9.474426064407515 9.48728907060805
 11912128 64 20095.11 20107.985 20172.834 75.58444113504329 75.82820377079055 75.87678713876161 9.448055141880412 9.478525471348819 9.484598392345202
 13103336 64 22099.972 22135.019 22156.0 75.70080375519048 75.77255786407954 75.89272095005369 9.46260046939881 9.471569733009943 9.48659011875671
 14413664 64 24315.119 24356.127 24400.949 75.60972288413863 75.7488656550362 75.87661783600565 9.45121536051733 9.468608206879525 9.484577229500706
 15855024 64 26724.815 26846.17 26875.973 75.51142695373298 75.59525518910147 75.93852649681578 9.438928369216622 9.449406898637683 9.492315812101973
 17440520 32 14698.982 14731.169 14740.944 75.72061056605331 75.77085565985972 75.93677439702968 9.465076320756664 9.471356957482465 9.49209679962871
 19184568 32 16168.118 16194.105 16223.907 75.67920304276892 75.8184754267062 75.94033838694152 9.459900380346115 9.477309428338275 9.49254229836769
 21103024 32 17791.986 17791.986 17827.034 75.76097829846515 75.91021800489277 75.91021800489277 9.470122287308143 9.488777250611596 9.488777250611596
 23213320 32 19591.808 19595.146 19641.876 75.63699516278385 75.81737232271706 75.83028988442516 9.454624395347981 9.477171540339633 9.478786235553144
 25534648 32 21551.847 21577.12 21598.816 75.66236371475178 75.73844294326584 75.82725842476516 9.457795464343972 9.46730536790823 9.478407303095645
 28088112 32 23711.92 23813.963 23895.979 75.22768445687034 75.48677084952219 75.81162419576314 9.403460557108792 9.435846356190273 9.476453024470393
 30896920 32 26957.035 27160.168 27499.914 71.90578414172495 72.80525216191593 73.35387144765735 8.988223017715619 9.100656520239491 9.16923393095717
 33986608 16 17870.903 18210.888 18712.997 58.11850747370932 59.72094584294847 60.85710699677572 7.264813434213665 7.465118230368558 7.607138374596965
 37385264 16 24331.093 24840.832 26798.01 44.64243606148368 48.159757611983366 49.168709683531276 5.58030450768546 6.019969701497921 6.1460887104414095
 41123784 16 27961.969 28295.04 28315.067 46.475648035725996 46.50854312275225 47.06253297112231 5.8094560044657495 5.813567890344031 5.882816621390289
 45236160 16 31656.027 31943.798 32335.043 44.767440698934585 45.31574861574069 45.72769412914641 5.595930087366823 5.664468576967586 5.715961766143301
 49759776 16 35408.02 35428.047 35643.101 44.67380186701487 44.94497910088016 44.97040026525064 5.584225233376859 5.61812238761002 5.62130003315633
 54735752 16 38787.127 39229.155 39448.977 44.40024044222997 44.64903880799879 45.15787065126015 5.5500300552787465 5.581129850999849 5.644733831407518
 60209320 16 42843.103 43782.949 43800.116 43.98842779320493 44.00567536005854 44.971024624430214 5.498553474150616 5.500709420007317 5.621378078053777
 66230248 16 47451.019 48374.891 48541.069 43.66133625940541 43.81132220018853 44.664329252866 5.457667032425676 5.476415275023566 5.58304115660825
 72853272 8 26139.021 26715.994 26890.039 43.34885315711145 43.63125519492181 44.59433855613796 5.418606644638931 5.453906899365227 5.574292319517245
 80138592 8 28685.093 29469.967 29565.096 43.36929844570773 43.509294462392845 44.699784379294144 5.421162305713466 5.438661807799106 5.587473047411768
 88152448 8 31712.055 32315.016 32516.956 43.37549824774496 43.64655638728447 44.47643547540517 5.42193728096812 5.455819548410559 5.559554434425646
 96967688 8 34943.819 35634.041 35710.096 43.446621034006746 43.5393507012017 44.39935451817673 5.430827629250843 5.442418837650212 5.549919314772091
 106664456 8 38594.961 39233.923 39331.913 43.39049809247773 43.49886948598028 44.21901853975186 5.423812261559716 5.437358685747535 5.527377317468982
 117330896 8 42394.161 43195.009 43241.024 43.414659560328644 43.4609085508004 44.28190797312866 5.4268324450410805 5.43261356885005 5.535238496641083
 129063984 8 46663.046 47578.096 47634.125 43.35177236907364 43.40282435850312 44.253942273721265 5.418971546134205 5.42535304481289 5.531742784215158
 141970376 4 25725.126 26136.875 26155.949 43.422741342705635 43.45443011071523 44.149949275272746 5.427842667838204 5.431803763839404 5.518743659409093
 156167408 4 28220.177 28789.043 28894.186 43.23843087325596 43.39634575557097 44.27113494008206 5.404803859156995 5.424543219446371 5.533891867510257
 171784144 4 31018.972 31664.133 31723.976 43.31970091012551 43.40157211947031 44.30427778199741 5.414962613765689 5.425196514933789 5.538034722749677
 188962552 4 34138.918 34873.962 34971.952 43.22608060310731 43.34753865935852 44.28085318931315 5.403260075388414 5.418442332419815 5.535106648664144
 207858800 4 37789.106 38404.942 41498.899 40.07022933307219 43.29834425996529 44.003962411812545 5.008778666634024 5.412293032495661 5.500495301476568
 228644680 4 41318.893 42260.885 45582.056 40.12889282572072 43.28251620854603 44.269275074721875 5.01611160321509 5.4103145260682535 5.533659384340234
 251509144 4 45552.969 46638.966 50336.123 39.97274784154513 43.14146141233063 44.1699673187054 4.996593480193141 5.3926826765413285 5.521245914838175
 276660056 2 25097.132 25592.089 27595.997 40.101476456893366 43.241496385855804 44.09429029579953 5.012684557111671 5.4051870482319755 5.511786286974941
 304326056 2 27677.059 28198.957 30493.975 39.91949963886309 43.16841307286649 43.98242689008251 4.989937454857886 5.396051634108312 5.497803361260313
 334758656 2 30368.09 31044.006 33184.052 40.35175161851843 43.13343529182412 44.093475223499404 5.0439689523148035 5.391679411478015 5.5116844029374255
 368234520 2 33453.941 34125.805 36630.869 40.21029585730003 43.16200247876937 44.02883594491902 5.026286982162504 5.395250309846171 5.503604493114877
 405057968 2 36796.093 37413.836 40354.013 40.150452248702 43.3056870191017 44.032714886333174 5.01880653108775 5.413210877387712 5.504089360791647
 445563760 2 40480.137 41337.967 44913.054 39.68233912572501 43.11424023343964 44.0278905182559 4.960292390715626 5.389280029179955 5.503486314781988
 490120136 2 44635.057 45495.033 48734.903 40.22744323508759 43.09218863518573 43.92243845459859 5.028430404385949 5.386523579398216 5.490304806824824
 539132144 1 24619.818 24955.034 26819.944 40.203823244373666 43.20828767454294 43.7965986588528 5.025477905546708 5.401035959317867 5.4745748323566
 593045352 1 26923.18 27457.952 29260.159 40.5360307167162 43.19661947110986 44.05462891084931 5.067003839589525 5.399577433888733 5.506828613856164
 652349880 1 29550.076 30220.032 31942.844 40.8448214567244 43.17334144450939 44.1521625866546 5.10560268209055 5.396667680563674 5.519020323331825
 717584864 1 32515.049 33293.962 36295.891 39.54083199114742 43.10600606800717 44.138630330835426 4.942603998893428 5.388250758500896 5.517328791354428
 789343344 1 35746.098 36422.968 39359.093 40.109834035047506 43.34316434618947 44.16388854526164 5.013729254380938 5.4178955432736835 5.520486068157705
 868277672 1 39532.185 40007.83 43172.121 40.22399881627312 43.405386995495626 43.9276337495638 5.02799985203414 5.425673374436953 5.490954218695475
 955105432 1 43437.958 44059.038 48002.005 39.79439742152437 43.35570976379466 43.97561377079466 4.974299677690547 5.419463720474332 5.496951721349332
 1050615968 1 47764.063 48480.988 52450.895 40.06093577621507 43.34135962740694 43.99190110774286 5.0076169720268835 5.417669953425867 5.498987638467858
 
META_DATA
 FLOPS          2
 MPI_PROCS      1
 OPENMP_THREADS 1
 ERT_VERSION  1.1.0
 HOSTNAME  ('c3cpu-c11-u13-2.rc.int.colorado.edu', [], ['10.225.64.253'])
 UNAME  uname_result(system='Linux', node='c3cpu-c11-u13-2.rc.int.colorado.edu', release='4.18.0-305.34.2.el8_4.x86_64', version='#1 SMP Mon Jan 17 09:42:23 EST 2022', machine='x86_64', processor='x86_64')
 TIMESTAMP_DATA  1728533097.587699
 CONFIG  {'nux': ['workstation,', 'MPI', 'and', 'OpenMP', '(8-core', 'Intel', 'Xeon', 'CPU', 'E5530,', '2.40', 'GHz)'], 'ERT_RESULTS': ['Results.alpine'], 'ERT_DRIVER': ['driver1'], 'ERT_KERNEL': ['kernel1'], 'ERT_MPI': ['True'], 'ERT_MPI_CFLAGS': ['-I/usr/include/mpi'], 'ERT_MPI_LDFLAGS': ['-lmpi'], 'ERT_OPENMP': ['True'], 'ERT_OPENMP_CFLAGS': ['-qopenmp'], 'ERT_OPENMP_LDFLAGS': ['-qopenmp'], 'ERT_FLOPS': ['1,2,4,8,16'], 'ERT_ALIGN': ['32'], 'ERT_CC': ['icpc'], 'ERT_CFLAGS': ['-O3', '-fno-alias', '-fno-fnalias', '-DERT_INTEL'], 'ERT_LD': ['icpc'], 'ERT_LDFLAGS': [], 'ERT_LDLIBS': [], 'ERT_PRECISION': ['FP64'], 'ERT_RUN': ['export', 'OMP_NUM_THREADS=ERT_OPENMP_THREADS;', 'mpirun', '-np', 'ERT_MPI_PROCS', 'ERT_CODE'], 'ERT_PROCS_THREADS': ['1-8'], 'ERT_MPI_PROCS': ['1,2,4,8'], 'ERT_OPENMP_THREADS': ['1,2,4,8'], 'ERT_NUM_EXPERIMENTS': ['3'], 'ERT_MEMORY_MAX': ['1073741824'], 'ERT_WORKING_SET_MIN': ['1'], 'ERT_TRIALS_MIN': ['1'], 'ERT_GNUPLOT': ['gnuplot'], 'ERT_GPU': [False], 'ERT_HIP': [False], 'ERT_OCL': [False], 'ERT_SYCL': [False], 'ERT_WSS_MULT': [1.1]}
 HOSTNAME  ('c3cpu-a7-u1-3.rc.int.colorado.edu', [], ['10.225.64.156'])
 UNAME  uname_result(system='Linux', node='c3cpu-a7-u1-3.rc.int.colorado.edu', release='4.18.0-305.34.2.el8_4.x86_64', version='#1 SMP Mon Jan 17 09:42:23 EST 2022', machine='x86_64', processor='x86_64')
 TIMESTAMP_DATA  1728533108.182495
 TIMESTAMP_DATA  1728533117.329814
 TIMESTAMP_DATA  1728533132.2115076
 TIMESTAMP_DATA  1728533139.3955748
 TIMESTAMP_DATA  1728533158.0761921
 