fp64
 32 33554432 130612.135 130661.964 141016.96 15.228548736265482 16.435415343978757 16.441685514136953 1.9035685920331853 2.0544269179973447 2.055210689267119
 64 16777216 70741.892 70772.171 75484.991 28.449147566302287 30.343616956444645 30.356604655131363 3.556143445787786 3.7929521195555806 3.7945755818914204
 96 8388608 35362.959 35375.118 37771.94 42.64045574572023 45.52953677779958 45.54519139645526 5.330056968215029 5.691192097224947 5.693148924556907
 128 8388608 35614.014 35648.108 38341.999 56.008651192130074 60.24116758174095 60.298837642957075 7.001081399016259 7.530145947717619 7.537354705369634
 160 4194304 17874.956 17912.149 18483.877 72.61340680853914 74.9311140723539 75.0870256687625 9.076675851067392 9.366389259044238 9.385878208595312
 192 4194304 17775.059 17786.026 19363.88 83.17613701386293 90.55495229794445 90.61082362652071 10.397017126732866 11.319369037243057 11.326352953315089
 224 4194304 17739.058 17750.978 19260.168 97.56136042011678 105.85603745326031 105.92716884966495 12.195170052514598 13.23200468165754 13.240896106208119
 256 4194304 17688.99 17701.864 18561.84 115.69346831995105 121.31398410924409 121.40227610508005 14.461683539993881 15.164248013655511 15.175284513135006
 288 2097152 8846.998 8852.959 9586.811 126.00222868689077 136.44698365823223 136.5389199816706 15.750278585861347 17.05587295727903 17.067364997708825
 320 2097152 8866.072 8872.986 9500.98 141.26724611566388 151.26556944866135 151.38353038414306 17.658405764457985 18.90819618108267 18.922941298017882
 352 2097152 8851.051 8851.051 8853.912 166.75058527801042 166.80448547861718 166.80448547861718 20.843823159751302 20.850560684827148 20.850560684827148
 384 2097152 8881.807 8924.961 9288.073 173.40655440584928 180.46159932799708 181.33840737588645 21.67581930073116 22.557699915999635 22.667300921985806
 416 2097152 8862.972 8867.025 9576.082 182.20713481776787 196.77743820503497 196.86742370392236 22.775891852220983 24.59717977562937 24.608427962990294
 448 2097152 8930.922 8958.817 9710.789 193.50108338261697 209.74289261629076 210.39800728301063 24.18763542282712 26.217861577036345 26.29975091037633
 480 2097152 9057.045 9252.071 9835.005 204.7041074203826 217.60165048452393 222.28728244145853 25.588013427547825 27.20020631056549 27.785910305182316
 512 2097152 9027.958 9027.958 9407.043 228.28466373545865 237.87036315410415 237.87036315410415 28.53558296693233 29.73379539426302 29.73379539426302
 544 1048576 4764.08 4827.023 5259.991 216.8921368876867 236.3466442981523 239.4692549243506 27.111517110960836 29.54333053726904 29.933656865543824
 576 1048576 4714.966 4817.963 4920.006 245.5199347317869 250.71997273536556 256.1968743783094 30.68999184147336 31.339996591920695 32.02460929728868
 608 1048576 4982.948 4993.916 5432.844 234.69630565501237 255.3243618835399 255.8863580354441 29.337038206876546 31.915545235442487 31.98579475443051
 640 1048576 5079.031 5244.017 5407.095 248.22520780567012 255.94449445911408 264.2585327791856 31.028150975708765 31.99306180738926 33.0323165973982
 704 1048576 5506.992 5547.047 5682.945 259.79399906210597 266.15873418775794 268.0946346027014 32.474249882763246 33.26984177346974 33.51182932533767
 768 1048576 5780.935 5787.849 5788.088 278.26334637621267 278.27483681761566 278.6076536062073 34.78291829702658 34.78435460220196 34.82595670077591
 832 1048576 6125.927 6131.887 6392.956 272.9301537504716 284.55032912380807 284.8271721161548 34.11626921880895 35.56879114047601 35.60339651451935
 896 1048576 6460.905 6467.819 7061.005 266.1162528563568 290.52269273459876 290.83358941200964 33.2645316070446 36.315336591824845 36.354198676501206
 960 1048576 6803.989 6809.95 7420.063 271.3273350913597 295.6359327160992 295.8949404533135 33.915916886419964 36.9544915895124 36.98686755666419
 1056 524288 3742.933 3746.033 3891.945 284.5097389608537 295.5916982044739 295.8365153744403 35.563717370106716 36.94896227555924 36.97956442180504
 1152 524288 3919.125 3931.999 4038.095 299.1409444304802 307.21257864002513 308.2217464357478 37.392618053810025 38.40157233000314 38.52771830446847
 1248 524288 4252.911 4255.056 4626.036 282.88211505487635 307.54538788678695 307.70050160936825 35.360264381859544 38.44317348584837 38.46256270117103
 1344 524288 4590.988 4595.995 4858.017 290.09493873734897 306.633524187907 306.96794328366786 36.26186734216862 38.32919052348838 38.37099291045848
 1472 524288 4933.834 4935.98 5491.018 281.0961231596764 312.7046446703593 312.8406573873381 35.13701539495955 39.08808058379491 39.105082173417266
 1600 524288 5448.818 5452.871 5686.998 295.0100562722196 307.6767449660922 307.90560448155907 36.87625703402745 38.459593120761525 38.48820056019488
 1760 524288 5785.942 5786.896 6058.931 304.59065468809604 318.9090939253099 318.96167642192063 38.073831836012005 39.863636740663736 39.87020955274008
 1920 524288 6295.919 6303.072 6702.9 300.3574452848767 319.41026851668516 319.7731609952415 37.544680660609586 39.926283564585646 39.971645124405185
 2112 262144 3957.987 4117.966 4148.96 266.8852570282673 268.89397726936056 279.7624792602906 33.36065712853341 33.61174715867007 34.970309907536326
 2304 262144 4205.942 4294.157 4539.013 266.1282424174595 281.3030711266495 287.2030931477419 33.266030302182436 35.16288389083119 35.90038664346774
 2528 262144 4484.892 4570.961 4854.918 273.0015345264328 289.9609215655089 295.5255252523361 34.1251918158041 36.24511519568861 36.94069065654201
 2752 262144 4634.857 4637.003 5198.002 277.5759947764545 311.1579992508092 311.3020695136873 34.69699934705681 38.89474990635115 38.91275868921091
 3008 262144 4976.034 4977.942 5297.899 297.6761738945948 316.80929669329214 316.9307733829793 37.20952173682435 39.60116208666152 39.61634667287241
 3296 262144 5529.165 5532.98 6088.018 283.8449636646935 312.3187230027942 312.53421592591286 35.48062045808669 39.03984037534927 39.06677699073911
 3616 262144 6123.066 6124.973 6377.935 297.2475272952766 309.52388002363443 309.620279774871 37.155940911909575 38.690485002954304 38.702534971858874
 3968 262144 6635.904 6638.05 6641.865 313.22147981026416 313.4014935108955 313.5028451285612 39.15268497628302 39.175186688861935 39.18785564107015
 4352 131072 3661.871 3672.123 3686.19 309.4931861895344 310.67877846139686 311.5485739393878 38.6866482736918 38.83484730767461 38.94357174242347
 4768 131072 4029.989 4031.897 4201.174 297.5126933566665 310.0036017785177 310.1503731151623 37.18908666958331 38.75045022231471 38.76879663939529
 5216 131072 4423.857 4426.956 4429.102 308.7179080544995 308.86756136722386 309.0839292499735 38.58973850681244 38.60844517090298 38.63549115624669
 5728 131072 4848.957 4849.911 4850.864 309.54502785483163 309.60585297338446 309.6667658632568 38.693128481853954 38.70073162167306 38.7083457329071
 6272 131072 5321.026 5326.033 7628.918 215.51774026146305 308.70390175952724 308.9943871726994 26.93971753268288 38.587987719940905 38.62429839658743
 6880 131072 5820.99 5827.904 5857.944 307.8811815203423 309.4681587068009 309.8357358456208 38.48514769004279 38.683519838350115 38.7294669807026
 7552 131072 6386.995 6434.202 8518.934 232.38957925956467 307.685628769504 309.95976793468606 29.048697407445584 38.460703596188 38.74497099183576
 8288 65536 3520.966 3520.966 3528.833 307.8424895709148 308.53031128389193 308.53031128389193 38.48031119636435 38.56628891048649 38.56628891048649
 9088 65536 3839.97 3851.891 4982.948 239.05172921732276 309.2461172966732 310.2061568189335 29.881466152165345 38.65576466208415 38.77576960236669
 9984 65536 4231.93 4232.883 5355.12 244.36853852014522 309.1563948259378 309.22601460799206 30.546067315018153 38.644549353242226 38.65325182599901
 10976 65536 4646.063 4647.97 4651.07 309.3151193166304 309.5214194583872 309.6484640866902 38.6643899145788 38.6901774322984 38.70605801083627
 12064 65536 5104.065 5108.833 5110.979 309.3835071519566 309.5134657954175 309.80260008444253 38.67293839399458 38.68918322442719 38.725325010555316
 13248 65536 5605.936 5606.89 6742.001 257.5558585648385 309.69786387819266 309.75056725585165 32.19448232060481 38.71223298477408 38.718820906981456
 14560 65536 6177.187 6177.902 6178.856 308.8611095646184 308.9088043157693 308.94456004003115 38.6076386955773 38.613600539471165 38.618070005003894
 16000 65536 6808.996 6818.056 7965.088 263.29301069868905 307.58796935666123 307.99724364649353 32.91162633733613 38.448496169582654 38.49965545581169
 17600 32768 3737.926 3741.98 4321.098 266.93067363896864 308.2415191957199 308.5758252036022 33.36633420487108 38.530189899464986 38.57197815045028
 19360 32768 4103.184 4104.853 4105.091 309.074015655195 309.0919358135358 309.217661211391 38.63425195689938 38.63649197669198 38.65220765142387
 21280 32768 4511.833 4513.025 4514.933 308.88743642485946 309.0180267115737 309.09966747439455 38.61092955310743 38.627253338946716 38.63745843429932
 23392 32768 4964.113 4966.021 4966.974 308.64226629734725 308.70149602669824 308.82014813119685 38.580283287168406 38.58768700333728 38.602518516399606
 25728 32768 5470.991 5471.945 6050.11 278.69083504266865 308.1372725785804 308.1910037870653 34.83635438033358 38.51715907232255 38.523875473383164
 28288 32768 6021.976 6024.122 6587.982 281.4036783949926 307.7431645640643 307.8528323593452 35.175459799374075 38.467895570508034 38.48160404491815
 31104 32768 6604.91 6607.056 7171.869 284.2260147250319 308.5234549245534 308.62369721919 35.52825184062899 38.565431865569174 38.57796215239875
 34208 16384 3633.022 3633.022 3918.886 286.0322407949606 308.53866120271226 308.53866120271226 35.75403009937008 38.56733265033903 38.56733265033903
 37600 16384 3997.087 3998.995 4000.902 307.94975732972216 308.0966092730799 308.2436784588377 38.49371966621527 38.512076159134985 38.53045980735471
 41344 16384 4672.05 4678.011 4678.965 289.5427069875496 289.6017542498297 289.9712528761464 36.1928383734437 36.20021928122871 36.2464066095183
 45472 16384 5110.979 5113.125 5125.046 290.7342677509626 291.4121004278206 291.53445866242066 36.341783468870325 36.42651255347757 36.44180733280258
 50016 16384 5316.019 5320.072 5321.98 307.95386078113785 308.06430589661187 308.29917801271966 38.49423259764223 38.508038237076484 38.53739725158996
 55008 16384 5846.024 5849.838 5851.03 308.0657839730782 308.1285574062051 308.329583320219 38.50822299663478 38.51606967577564 38.541197915027375
 60480 16384 6715.059 6716.967 6723.881 294.7417778512142 295.04516547423856 295.1289988665773 36.84272223140177 36.88064568427982 36.891124858322165
 66528 8192 3564.835 3565.788 3566.98 305.5791599616482 305.68131139596636 305.7630302664779 38.197394995206025 38.210163924495795 38.22037878330974
 73152 8192 4060.984 4062.176 4063.845 294.92324830302334 295.0444215120172 295.1310244019676 36.86540603787792 36.88055268900215 36.89137805024595
 80448 8192 4304.886 4310.846 4317.999 305.2478780101617 305.75437675110646 306.1776855414986 38.15598475127021 38.21929709388831 38.272210692687324
 88480 8192 4838.943 4887.819 4888.058 296.57101450105546 296.58551595302526 299.58119366150834 37.07137681263193 37.07318949412816 37.44764920768854
 97312 8192 5205.87 5208.969 5210.161 306.00970065992203 306.0797267175136 306.26193277972754 38.251212582490254 38.2599658396892 38.28274159746594
 107040 8192 5725.861 5727.053 5737.066 305.68645366812933 306.220906284611 306.28465483182356 38.21080670851617 38.27761328557637 38.285581853977945
 117728 8192 6287.098 6288.052 6292.82 306.51687987261676 306.7493004192713 306.79584635073286 38.314609984077094 38.343662552408915 38.34948079384161
 129472 8192 7053.137 7057.19 7058.144 300.54207565048256 300.58270331392526 300.7554295344043 37.56775945631032 37.57283791424066 37.59442869180054
 142400 4096 3811.121 3814.936 3830.91 304.50749299774725 305.7825347528766 306.0886285163866 38.063436624718406 38.22281684410957 38.26107856454833
 156640 4096 4193.068 4198.074 4216.909 304.2975032185897 305.66275868410133 306.02768187875796 38.037187902323716 38.20784483551267 38.253460234844745
 172288 4096 4636.049 4652.977 4659.891 302.87903644098117 303.3290936103918 304.4366649273983 37.859879555122646 37.916136701298974 38.054583115924785
 189504 4096 5077.839 5078.077 5113.84 303.57163462290566 305.70957628251796 305.72390499186764 37.94645432786321 38.213697035314745 38.215488123983455
 208448 4096 5594.015 5594.969 5616.188 304.05072194876664 305.20383866291303 305.2558879445264 38.00634024359583 38.15047983286413 38.1569859930658
 229280 4096 6159.067 6164.074 6175.995 304.12294051403865 304.711098536455 304.9588127552436 38.01536756425483 38.08888731705687 38.11985159440545
 252192 4096 6780.863 6781.816 6783.009 304.5782283349469 304.63180717377173 304.6746209147714 38.072278541868364 38.07897589672147 38.08432761434643
 277408 2048 3731.966 3736.019 3746.033 303.3243882261582 304.13741686003203 304.4677170156427 37.915548528269774 38.017177107504004 38.058464626955335
 305120 2048 4101.992 4104.853 4109.144 304.1440066349585 304.4619429733537 304.67429483041406 38.01800082936981 38.05774287166921 38.08428685380176
 335616 2048 4506.111 4519.939 4523.993 303.8650006752884 304.1375416792129 305.0708551120911 37.98312508441105 38.017192709901614 38.13385688901139
 369152 2048 4961.014 4963.16 4968.166 304.34703510309436 304.65400913933865 304.7857941944933 38.043379387886795 38.08175114241733 38.09822427431166
 406048 2048 5450.964 5459.07 5460.024 304.6090288247817 304.6622607880097 305.11531685037727 38.076128603097715 38.08278259850121 38.13941460629716
 446624 2048 6001.949 6002.188 6005.049 304.6389636454257 304.78417270502024 304.7963093321853 38.07987045567821 38.09802158812753 38.09953866652316
 491264 2048 6592.989 6599.188 6614.923 304.1936155568251 304.91893002593656 305.205627371743 38.024201944603135 38.11486625324207 38.150703421467874
 540384 1024 3632.069 3635.168 3639.936 304.0455744276822 304.44437010889175 304.7041319974923 38.005696803460275 38.05554626361147 38.08801649968654
 594400 1024 3987.074 3993.034 4001.141 304.2460138245566 304.86372016867375 305.31943976961554 38.030751728069575 38.10796502108422 38.16492997120194
 653824 1024 4389.048 4392.147 4398.108 304.45626892290954 304.86947545243817 305.0847363710764 38.05703361536369 38.10868443155477 38.13559204638455
 719200 1024 4833.937 4837.99 4842.997 304.13432013276076 304.44907905969217 304.70434347820424 38.016790016595095 38.05613488246152 38.08804293477553
 791104 1024 5311.966 5321.026 5325.079 304.25482739317107 304.4865768368732 305.0059040287532 38.031853424146384 38.06082210460915 38.12573800359415
 870208 1024 5841.97 5851.03 5852.938 304.4942529717554 304.5935474608744 305.0659253642179 38.06178162146942 38.0741934326093 38.133240670527236
 957216 1024 6420.135 6433.964 6474.972 302.76244715807263 304.69215681032716 305.34846510236935 37.84530589475908 38.086519601290895 38.16855813779617
 1052928 512 3543.139 3565.073 3566.98 302.27202619582954 302.433715102047 304.3059479179338 37.78400327447869 37.80421438775588 38.038243489741724
 1158208 512 3911.018 3917.933 3921.032 302.47266331924857 302.7119126335238 303.2471320766103 37.80908291490607 37.838989079190476 37.905891509576286
 1274016 512 4297.972 4306.078 4309.177 302.74745827335477 302.96533968962007 303.53673406899816 37.843432284169346 37.87066746120251 37.94209175862477
 1401408 512 4730.94 4731.894 4745.007 302.4319652215476 303.2700631079225 303.3312178975003 37.80399565269345 37.908757888490314 37.91640223718754
 1541536 512 5205.154 5280.972 5287.886 298.5187018025729 298.90953104845096 303.263431591073 37.31483772532161 37.36369138105637 37.90792894888413
 1695680 512 5725.861 5800.009 5831.003 297.78347224311153 299.37476303916077 303.2515668822558 37.22293403038894 37.421845379895096 37.90644586028198
 1865248 512 6312.847 6386.995 6400.824 298.40126083766717 299.04735356767935 302.559835839519 37.300157604708396 37.38091919595992 37.819979479939875
 2051744 512 6982.088 6994.009 7061.958 297.5075547036672 300.3979342891895 300.910824383766 37.1884443379584 37.54974178614869 37.61385304797075
 2256896 256 3850.937 3856.897 3879.786 297.83363103016507 299.60114361363554 300.0648288974865 37.22920387877063 37.45014295170444 37.50810361218581
 2482560 256 4231.93 4254.103 4257.917 298.5193746143948 298.7870110338184 300.35249165274473 37.31492182679935 37.3483763792273 37.54406145659309
 2730816 256 4647.97 4668.951 4672.05 299.26430410633446 299.46293974813614 300.81471954423114 37.40803801329181 37.43286746851702 37.60183994302889
 3003872 256 5123.138 5124.807 5129.099 299.8543143737331 300.1054408487969 300.20320826805755 37.481789296716634 37.51318010609961 37.525401033507194
 3304256 256 5636.93 5643.129 5659.819 298.9104549103072 299.7945062039163 300.12419384310255 37.3638068637884 37.474313275489536 37.51552423038782
 3634656 256 6201.982 6214.142 6222.963 299.04466280773323 299.469157930411 300.05631619053395 37.380582850966654 37.43364474130137 37.507039523816744
 3998112 256 6786.823 6805.897 6849.051 298.8783911814936 300.77348276061184 301.61879041194976 37.3597988976867 37.59668534507648 37.70234880149372
 4397920 128 3742.933 3750.086 3751.04 300.1480975942672 300.2244535191993 300.798202906651 37.5185121992834 37.52805668989991 37.599775363331375
 4837696 128 4116.058 4120.111 4132.986 299.6502228655021 300.5866045841969 300.882586202624 37.45627785818776 37.57332557302461 37.610323275328
 5321440 128 4516.84 4530.191 4534.96 300.397057526417 300.71329001359993 301.6021466334871 37.54963219080212 37.58916125169999 37.70026832918589
 5853568 128 4973.888 4979.134 4992.962 300.1251377438883 300.95864220565267 301.2760657256456 37.515642217986034 37.61983027570658 37.6595082157057
 6438912 128 5462.885 5480.051 5481.005 300.74073495645416 300.79308969934766 301.7382705292167 37.59259186955677 37.59913621241846 37.71728381615209
 7082784 128 6016.97 6031.036 6042.957 300.0505719302652 300.6436545893608 301.34647571784467 37.50632149128315 37.5804568236701 37.668309464730584
 7791040 128 6606.102 6623.983 6650.925 299.88403718279784 301.1037679293561 301.9187775181189 37.48550464784973 37.63797099116951 37.73984718976486
 8570144 64 3639.221 3643.99 3655.91 300.0561917552675 301.0377174470841 301.4322109044765 37.507023969408436 37.62971468088551 37.67902636305956
 9427136 64 3998.995 4001.141 4014.015 300.6150719416843 301.58232564161074 301.7441652215119 37.576883992710535 37.69779070520134 37.718020652688985
 10369824 64 4402.876 4405.022 4428.148 299.7500246152568 301.3236873731845 301.4705551553121 37.4687530769071 37.66546092164806 37.683819394414016
 11406784 64 4840.851 4871.845 4902.84 297.8005303048845 299.6951569682533 301.6139831612252 37.22506628811056 37.46189462103166 37.70174789515315
 12547456 64 5321.026 5323.172 5357.027 299.80703252008993 301.713784187323 301.83546706969673 37.47587906501124 37.71422302341537 37.72943338371209
 13802176 64 5862.951 5870.104 5877.018 300.607983164251 300.96204905398605 301.3292330091109 37.57599789553137 37.620256131748256 37.66615412613886
 15182368 64 6453.037 6458.998 6469.965 300.36377383803466 300.87377391973183 301.1517063980882 37.54547172975433 37.60922173996648 37.643963299761026
 16700576 64 7086.992 7095.098 7119.179 300.2696979525308 301.28882335381417 301.6334331970461 37.53371224406635 37.66110291922677 37.70417914963076
 18370624 32 3970.861 3981.829 4113.913 285.79115212207944 295.2713278244746 296.08690306711816 35.72389401525993 36.908915978059326 37.01086288338977
 20207680 32 4304.886 4337.072 4354.0 297.0352595314653 298.19461609122465 300.4241041458472 37.12940744143316 37.27432701140308 37.5530130182309
 22228448 32 4753.113 4760.981 4797.22 296.551059155094 298.808306943464 299.3029351500795 37.06888239438675 37.351038367933 37.41286689375994
 24451264 32 5239.01 5240.917 5252.838 297.91150916894827 298.5891392670405 298.6978257342513 37.238938646118534 37.32364240838006 37.33722821678141
 26896384 32 5804.062 5856.037 5962.133 288.71690316200596 293.9476946610822 296.57997726419876 36.089612895250745 36.743461832635276 37.072497158024845
 29586016 32 6281.137 6353.855 6461.859 293.02790791318716 298.00885037508726 301.4589594208819 36.628488489148396 37.25110629688591 37.68236992761024
 32544608 32 6899.118 6974.936 6976.128 298.5689069925323 298.61993170976774 301.90162162757616 37.321113374066535 37.32749146372097 37.73770270344702
 35799040 16 4276.991 4412.889 5465.031 209.61807535949933 259.596214633996 267.84467865375444 26.202259419937416 32.4495268292495 33.480584831719305
 39378944 16 4189.014 4961.967 6093.979 206.7821710576948 253.95699084657358 300.81690058806197 25.84777138221185 31.744623855821697 37.602112573507746
 43316832 16 4878.998 7105.827 7107.019 195.03797921463274 195.0706967675965 284.1031342910983 24.379747401829093 24.383837095949563 35.512891786387286
 47648512 16 5074.024 5552.053 7754.087 196.63854480869247 274.62857144915586 300.50161055603985 24.57981810108656 34.32857143114448 37.56270131950498
 52413344 16 5555.153 5558.968 6801.128 246.6101223208856 301.71553568935815 301.92273876165063 30.8262652901107 37.71444196116977 37.74034234520633
 57654656 16 6113.768 6115.198 9721.994 189.77063676443328 301.69897883927877 301.7695457204133 23.72132959555416 37.712372354909846 37.72119321505166
 63420096 16 6729.126 6732.225 6741.047 301.0575466986063 301.4520566380357 301.5908859486358 37.63219333732579 37.68150707975446 37.69886074357947
 69762080 8 5491.018 5961.895 5977.869 186.72093349653534 187.22122412420885 203.27620124355812 23.340116687066917 23.402653015526106 25.409525155444765
 76738272 8 4316.807 5347.967 5898.952 208.1407599180329 229.58487814154427 284.42604730765123 26.017594989754112 28.698109767693033 35.553255913456404
 84412096 8 5324.841 5487.919 5507.946 245.20820211381886 246.10303759949812 253.6401624010933 30.651025264227357 30.762879699937265 31.705020300136663
 92853280 8 5182.028 5264.997 5501.986 270.02113055176807 282.17537066023016 286.69325599938867 33.75264131897101 35.27192133252877 35.836656999923584
 102138592 8 5417.824 5427.122 5446.911 300.0264685800814 301.120459794344 301.637238861949 37.50330857251018 37.640057474293 37.70465485774363
 112352448 8 5962.133 5973.101 5987.883 300.212807765282 300.955762844124 301.5094041008478 37.52660097066025 37.6194703555155 37.688675512605975
 123587680 8 6634.951 6824.017 6888.866 287.0433072729242 289.7710952361344 298.0282567271409 35.880413409115526 36.2213869045168 37.25353209089261
 135946432 4 4685.879 5464.077 5472.898 198.7194820733001 199.04028731659528 232.09550566713312 24.839935259162512 24.88003591457441 29.01193820839164
 149541056 4 6743.193 6898.88 6981.134 171.36591963426 173.4090820538986 177.4127550553573 21.4207399542825 21.676135256737325 22.176594381919664
 164495136 4 7928.848 7982.969 7982.969 164.846072682983 164.846072682983 165.97128460527932 20.605759085372874 20.605759085372874 20.746410575659915
 180944640 4 8991.957 9092.093 9163.141 157.9760826554999 159.21054921017634 160.9835456286101 19.74701033193749 19.901318651272042 20.122943203576263
 199039104 4 10344.028 10406.971 10504.007 151.59099113319328 153.0044459622305 153.93547194574492 18.94887389164916 19.125555745278813 19.241933993218115
 218943008 4 11695.147 11699.915 11705.875 149.6294863903809 149.7057084602751 149.76674205121148 18.70368579879761 18.713213557534388 18.720842756401435
 240837280 4 13016.939 13062.0 13067.961 147.4367914015048 147.5040759454907 148.01469377708537 18.4295989251881 18.43800949318634 18.50183672213567
 264920992 4 14509.916 14622.927 14626.98 144.89443042924788 144.93459045511204 146.0634186993226 18.111803803655985 18.116823806889006 18.257927337415325
 291413088 2 8250.952 8336.067 8341.789 139.73649441384813 139.8324116156936 141.27489191550262 17.467061801731017 17.4790514519617 17.659361489437828
 320554368 2 9142.876 9232.998 9248.018 138.6478131854847 138.87336182678692 140.24224675036606 17.330976648185587 17.359170228348365 17.530280843795758
 352609792 2 10205.984 10246.038 10260.105 137.4682976441274 137.6570307469092 138.1972740698006 17.183537205515925 17.20712884336365 17.274659258725077
 387870752 2 11277.199 11312.962 11443.853 135.57348281212631 137.14206836370528 137.5769823694696 16.94668535151579 17.14275854546316 17.1971227961837
 426657824 2 12540.102 12614.965 12721.062 134.1579261228347 135.28624899078198 136.09389269720452 16.76974076535434 16.910781123847748 17.011736587150565
 469323584 2 13900.042 13987.064 14153.957 132.63388718787263 134.21646858840427 135.05673838971134 16.57923589848408 16.777058573550534 16.882092298713918
 516255936 2 15400.887 15496.016 15716.076 131.39563234486778 133.26159085019015 134.08472797703143 16.424454043108472 16.65769885627377 16.76059099712893
 567881504 1 8631.945 8733.988 8864.164 128.12973767182106 130.0394513937963 131.57671973118457 16.016217208977633 16.254931424224537 16.44708996639807
 624669632 1 9554.863 9646.893 9814.024 127.30142742671102 129.50690590224232 130.75428334241948 15.912678428338877 16.18836323778029 16.344285417802435
 687136576 1 10523.081 10618.21 10862.112 126.5198841624907 129.42606635204993 130.5960822690617 15.814985520311337 16.17825829400624 16.324510283632712
 755850208 1 11671.066 11748.075 11986.017 126.12199832521513 128.67643558625562 129.52547916359995 15.765249790651891 16.084554448281953 16.190684895449994
 831435200 1 12911.797 12989.044 13215.78 125.82461269785061 128.02099985187516 128.78690704322565 15.728076587231326 16.002624981484395 16.098363380403207
 914578720 1 14199.972 14374.018 14605.045 125.24147922858162 127.2544280938009 128.81415822510073 15.655184903572703 15.906803511725112 16.10176977813759
 1006036576 1 15683.174 15810.013 16139.984 124.66388764697662 127.26574937035156 128.29502191329382 15.582985955872077 15.908218671293945 16.036877739161728
 
META_DATA
 FLOPS          2
 MPI_PROCS      2
 OPENMP_THREADS 2
 ERT_VERSION  1.1.0
 HOSTNAME  ('c3cpu-a7-u1-3.rc.int.colorado.edu', [], ['10.225.64.156'])
 UNAME  uname_result(system='Linux', node='c3cpu-a7-u1-3.rc.int.colorado.edu', release='4.18.0-305.34.2.el8_4.x86_64', version='#1 SMP Mon Jan 17 09:42:23 EST 2022', machine='x86_64', processor='x86_64')
 TIMESTAMP_DATA  1728533279.2697778
 CONFIG  {'nux': ['workstation,', 'MPI', 'and', 'OpenMP', '(8-core', 'Intel', 'Xeon', 'CPU', 'E5530,', '2.40', 'GHz)'], 'ERT_RESULTS': ['Results.alpine'], 'ERT_DRIVER': ['driver1'], 'ERT_KERNEL': ['kernel1'], 'ERT_MPI': ['True'], 'ERT_MPI_CFLAGS': ['-I/usr/include/mpi'], 'ERT_MPI_LDFLAGS': ['-lmpi'], 'ERT_OPENMP': ['True'], 'ERT_OPENMP_CFLAGS': ['-qopenmp'], 'ERT_OPENMP_LDFLAGS': ['-qopenmp'], 'ERT_FLOPS': ['1,2,4,8,16'], 'ERT_ALIGN': ['32'], 'ERT_CC': ['icpc'], 'ERT_CFLAGS': ['-O3', '-fno-alias', '-fno-fnalias', '-DERT_INTEL'], 'ERT_LD': ['icpc'], 'ERT_LDFLAGS': [], 'ERT_LDLIBS': [], 'ERT_PRECISION': ['FP64'], 'ERT_RUN': ['export', 'OMP_NUM_THREADS=ERT_OPENMP_THREADS;', 'mpirun', '-np', 'ERT_MPI_PROCS', 'ERT_CODE'], 'ERT_PROCS_THREADS': ['1-8'], 'ERT_MPI_PROCS': ['1,2,4,8'], 'ERT_OPENMP_THREADS': ['1,2,4,8'], 'ERT_NUM_EXPERIMENTS': ['3'], 'ERT_MEMORY_MAX': ['1073741824'], 'ERT_WORKING_SET_MIN': ['1'], 'ERT_TRIALS_MIN': ['1'], 'ERT_GNUPLOT': ['gnuplot'], 'ERT_GPU': [False], 'ERT_HIP': [False], 'ERT_OCL': [False], 'ERT_SYCL': [False], 'ERT_WSS_MULT': [1.1]}
 TIMESTAMP_DATA  1728533285.8013406
 TIMESTAMP_DATA  1728533292.1859071
 