fp64
 8 134217728 405860.901 405860.901 405860.901 5.29118139418904 5.29118139418904 5.29118139418904 0.66139767427363 0.66139767427363 0.66139767427363
 16 67108864 219398.022 219398.022 219398.022 9.78807205472436 9.78807205472436 9.78807205472436 1.223509006840545 1.223509006840545 1.223509006840545
 24 33554432 110488.892 110488.892 110488.892 14.57714623475453 14.57714623475453 14.57714623475453 1.8221432793443162 1.8221432793443162 1.8221432793443162
 32 33554432 110640.049 110640.049 110640.049 19.409641150827763 19.409641150827763 19.409641150827763 2.4262051438534704 2.4262051438534704 2.4262051438534704
 40 16777216 55416.822 55416.822 55416.822 24.219672503053317 24.219672503053317 24.219672503053317 3.0274590628816647 3.0274590628816647 3.0274590628816647
 48 16777216 55035.114 55035.114 55035.114 29.265183969638002 29.265183969638002 29.265183969638002 3.6581479962047503 3.6581479962047503 3.6581479962047503
 56 16777216 55047.989 55047.989 55047.989 34.13472909973151 34.13472909973151 34.13472909973151 4.266841137466439 4.266841137466439 4.266841137466439
 64 16777216 54891.825 54891.825 54891.825 39.12210330044593 39.12210330044593 39.12210330044593 4.890262912555741 4.890262912555741 4.890262912555741
 72 8388608 27482.986 27482.986 27482.986 43.952995209472505 43.952995209472505 43.952995209472505 5.494124401184063 5.494124401184063 5.494124401184063
 80 8388608 27478.933 27478.933 27478.933 48.84386449794102 48.84386449794102 48.84386449794102 6.1054830622426275 6.1054830622426275 6.1054830622426275
 88 8388608 27460.098 27460.098 27460.098 53.765103387467875 53.765103387467875 53.765103387467875 6.720637923433484 6.720637923433484 6.720637923433484
 96 8388608 27580.976 27580.976 27580.976 58.39578468869267 58.39578468869267 58.39578468869267 7.299473086086584 7.299473086086584 7.299473086086584
 104 8388608 27510.881 27510.881 27510.881 63.423285644687276 63.423285644687276 63.423285644687276 7.9279107055859095 7.9279107055859095 7.9279107055859095
 112 8388608 27678.013 27678.013 27678.013 67.88956244799799 67.88956244799799 67.88956244799799 8.486195305999749 8.486195305999749 8.486195305999749
 120 8388608 27908.087 27908.087 27908.087 72.13915880368296 72.13915880368296 72.13915880368296 9.01739485046037 9.01739485046037 9.01739485046037
 128 8388608 27972.937 27972.937 27972.937 76.77004556225182 76.77004556225182 76.77004556225182 9.596255695281478 9.596255695281478 9.596255695281478
 136 4194304 14790.058 14790.058 14790.058 77.13632279197282 77.13632279197282 77.13632279197282 9.642040348996602 9.642040348996602 9.642040348996602
 144 4194304 14492.989 14492.989 14492.989 83.34785543547987 83.34785543547987 83.34785543547987 10.418481929434984 10.418481929434984 10.418481929434984
 152 4194304 15457.153 15457.153 15457.153 82.49050882785465 82.49050882785465 82.49050882785465 10.311313603481832 10.311313603481832 10.311313603481832
 160 4194304 15753.031 15753.031 15753.031 85.20120858011389 85.20120858011389 85.20120858011389 10.650151072514236 10.650151072514236 10.650151072514236
 176 4194304 16931.057 16931.057 16931.057 87.20040384956474 87.20040384956474 87.20040384956474 10.900050481195592 10.900050481195592 10.900050481195592
 192 4194304 17942.905 17942.905 17942.905 89.76320924621739 89.76320924621739 89.76320924621739 11.220401155777173 11.220401155777173 11.220401155777173
 208 4194304 19155.979 19155.979 19155.979 91.08542372070882 91.08542372070882 91.08542372070882 11.385677965088602 11.385677965088602 11.385677965088602
 224 4194304 20030.022 20030.022 20030.022 93.8115890237165 93.8115890237165 93.8115890237165 11.726448627964562 11.726448627964562 11.726448627964562
 240 4194304 21088.839 21088.839 21088.839 95.4659438577913 95.4659438577913 95.4659438577913 11.933242982223913 11.933242982223913 11.933242982223913
 264 2097152 11606.932 11606.932 11606.932 95.3995643293163 95.3995643293163 95.3995643293163 11.924945541164538 11.924945541164538 11.924945541164538
 288 2097152 12130.976 12130.976 12130.976 99.5764522162108 99.5764522162108 99.5764522162108 12.44705652702635 12.44705652702635 12.44705652702635
 312 2097152 13230.085 13230.085 13230.085 98.91265611672185 98.91265611672185 98.91265611672185 12.364082014590231 12.364082014590231 12.364082014590231
 336 2097152 14219.999 14219.999 14219.999 99.10592426905234 99.10592426905234 99.10592426905234 12.388240533631542 12.388240533631542 12.388240533631542
 368 2097152 15295.982 15295.982 15295.982 100.9091061953394 100.9091061953394 100.9091061953394 12.613638274417426 12.613638274417426 12.613638274417426
 400 2097152 16865.969 16865.969 16865.969 99.47377467609479 99.47377467609479 99.47377467609479 12.434221834511849 12.434221834511849 12.434221834511849
 440 2097152 17929.077 17929.077 17929.077 102.93300430356788 102.93300430356788 102.93300430356788 12.866625537945986 12.866625537945986 12.866625537945986
 480 2097152 19505.024 19505.024 19505.024 103.21781301063764 103.21781301063764 103.21781301063764 12.902226626329705 12.902226626329705 12.902226626329705
 528 1048576 12279.034 12279.034 12279.034 90.1777986769969 90.1777986769969 90.1777986769969 11.272224834624613 11.272224834624613 11.272224834624613
 576 1048576 12607.098 12607.098 12607.098 95.81582946368783 95.81582946368783 95.81582946368783 11.97697868296098 11.97697868296098 11.97697868296098
 632 1048576 13398.17 13398.17 13398.17 98.92396230231442 98.92396230231442 98.92396230231442 12.365495287789303 12.365495287789303 12.365495287789303
 688 1048576 14408.112 14408.112 14408.112 100.14084954364598 100.14084954364598 100.14084954364598 12.517606192955748 12.517606192955748 12.517606192955748
 752 1048576 15424.967 15424.967 15424.967 102.24062741917048 102.24062741917048 102.24062741917048 12.78007842739631 12.78007842739631 12.78007842739631
 824 1048576 17181.873 17181.873 17181.873 100.57420678176354 100.57420678176354 100.57420678176354 12.571775847720442 12.571775847720442 12.571775847720442
 904 1048576 18980.026 18980.026 18980.026 99.88529035734724 99.88529035734724 99.88529035734724 12.485661294668406 12.485661294668406 12.485661294668406
 992 1048576 20653.009 20653.009 20653.009 100.72986381790665 100.72986381790665 100.72986381790665 12.591232977238331 12.591232977238331 12.591232977238331
 1088 524288 11325.121 11325.121 11325.121 100.73629129437117 100.73629129437117 100.73629129437117 12.592036411796396 12.592036411796396 12.592036411796396
 1192 524288 12511.969 12511.969 12511.969 99.89655441122017 99.89655441122017 99.89655441122017 12.48706930140252 12.48706930140252 12.48706930140252
 1304 524288 13699.055 13699.055 13699.055 99.81295089332804 99.81295089332804 99.81295089332804 12.476618861666005 12.476618861666005 12.476618861666005
 1432 524288 15033.96 15033.96 15033.96 99.8779318290058 99.8779318290058 99.8779318290058 12.484741478625725 12.484741478625725 12.484741478625725
 1568 524288 16484.022 16484.022 16484.022 99.74308260447602 99.74308260447602 99.74308260447602 12.467885325559502 12.467885325559502 12.467885325559502
 1720 524288 18006.086 18006.086 18006.086 100.16339586515359 100.16339586515359 100.16339586515359 12.520424483144199 12.520424483144199 12.520424483144199
 1888 524288 19783.974 19783.974 19783.974 100.06642184224464 100.06642184224464 100.06642184224464 12.50830273028058 12.50830273028058 12.50830273028058
 2072 262144 10905.027 10905.027 10905.027 99.61687724386194 99.61687724386194 99.61687724386194 12.452109655482742 12.452109655482742 12.452109655482742
 2272 262144 11886.835 11886.835 11886.835 100.21021878405817 100.21021878405817 100.21021878405817 12.526277348007271 12.526277348007271 12.526277348007271
 2496 262144 13104.916 13104.916 13104.916 99.85740068841342 99.85740068841342 99.85740068841342 12.482175086051678 12.482175086051678 12.482175086051678
 2744 262144 14405.966 14405.966 14405.966 99.86461664563139 99.86461664563139 99.86461664563139 12.483077080703923 12.483077080703923 12.483077080703923
 3016 262144 15841.007 15841.007 15841.007 99.82020764210255 99.82020764210255 99.82020764210255 12.477525955262818 12.477525955262818 12.477525955262818
 3312 262144 17372.131 17372.131 17372.131 99.95560452543212 99.95560452543212 99.95560452543212 12.494450565679015 12.494450565679015 12.494450565679015
 3640 262144 19154.072 19154.072 19154.072 99.63460093498655 99.63460093498655 99.63460093498655 12.454325116873319 12.454325116873319 12.454325116873319
 4000 262144 21076.918 21076.918 21076.918 99.49993637589708 99.49993637589708 99.49993637589708 12.437492046987135 12.437492046987135 12.437492046987135
 4400 131072 11584.997 11584.997 11584.997 99.56270165628874 99.56270165628874 99.56270165628874 12.445337707036092 12.445337707036092 12.445337707036092
 4840 131072 12716.055 12716.055 12716.055 99.77756151573739 99.77756151573739 99.77756151573739 12.472195189467174 12.472195189467174 12.472195189467174
 5320 131072 14045.0 14045.0 14045.0 99.29555571377715 99.29555571377715 99.29555571377715 12.411944464222143 12.411944464222143 12.411944464222143
 5848 131072 15367.985 15367.985 15367.985 99.75400886973796 99.75400886973796 99.75400886973796 12.469251108717245 12.469251108717245 12.469251108717245
 6432 131072 16994.953 16994.953 16994.953 99.21240782484071 99.21240782484071 99.21240782484071 12.401550978105089 12.401550978105089 12.401550978105089
 7072 131072 18668.89 18668.89 18668.89 99.3032991249078 99.3032991249078 99.3032991249078 12.412912390613474 12.412912390613474 12.412912390613474
 7776 131072 20478.964 20478.964 20478.964 99.53783521471107 99.53783521471107 99.53783521471107 12.442229401838883 12.442229401838883 12.442229401838883
 8552 65536 11249.065 11249.065 11249.065 99.6463034038829 99.6463034038829 99.6463034038829 12.455787925485362 12.455787925485362 12.455787925485362
 9400 65536 12399.197 12399.197 12399.197 99.36746710290997 99.36746710290997 99.36746710290997 12.420933387863746 12.420933387863746 12.420933387863746
 10336 65536 13607.025 13607.025 13607.025 99.5632911676138 99.5632911676138 99.5632911676138 12.445411395951725 12.445411395951725 12.445411395951725
 11368 65536 14983.892 14983.892 14983.892 99.4418870611187 99.4418870611187 99.4418870611187 12.430235882639838 12.430235882639838 12.430235882639838
 12504 65536 16463.041 16463.041 16463.041 99.55173457929187 99.55173457929187 99.55173457929187 12.443966822411484 12.443966822411484 12.443966822411484
 13752 65536 18163.919 18163.919 18163.919 99.23531061771416 99.23531061771416 99.23531061771416 12.40441382721427 12.40441382721427 12.40441382721427
 15120 65536 19962.072 19962.072 19962.072 99.2787041345207 99.2787041345207 99.2787041345207 12.409838016815087 12.409838016815087 12.409838016815087
 16632 32768 11040.211 11040.211 11040.211 98.7295217455536 98.7295217455536 98.7295217455536 12.3411902181942 12.3411902181942 12.3411902181942
 18288 32768 12161.016 12161.016 12161.016 98.55446025233417 98.55446025233417 98.55446025233417 12.31930753154177 12.31930753154177 12.31930753154177
 20112 32768 13324.976 13324.976 13324.976 98.91650326424603 98.91650326424603 98.91650326424603 12.364562908030754 12.364562908030754 12.364562908030754
 22120 32768 14672.995 14672.995 14672.995 98.79757472826782 98.79757472826782 98.79757472826782 12.349696841033477 12.349696841033477 12.349696841033477
 24328 32768 16125.917 16125.917 16125.917 98.86940432596795 98.86940432596795 98.86940432596795 12.358675540745994 12.358675540745994 12.358675540745994
 26760 32768 17737.865 17737.865 17737.865 98.87003650101069 98.87003650101069 98.87003650101069 12.358754562626336 12.358754562626336 12.358754562626336
 29432 32768 19492.865 19492.865 19492.865 98.95187557088195 98.95187557088195 98.95187557088195 12.368984446360244 12.368984446360244 12.368984446360244
 32368 32768 21456.003 21456.003 21456.003 98.86600258212118 98.86600258212118 98.86600258212118 12.358250322765148 12.358250322765148 12.358250322765148
 35600 16384 11806.965 11806.965 11806.965 98.80107207906518 98.80107207906518 98.80107207906518 12.350134009883147 12.350134009883147 12.350134009883147
 39160 16384 12975.216 12975.216 12975.216 98.89583957600398 98.89583957600398 98.89583957600398 12.361979947000497 12.361979947000497 12.361979947000497
 43072 16384 14338.017 14338.017 14338.017 98.43643622406083 98.43643622406083 98.43643622406083 12.304554528007603 12.304554528007603 12.304554528007603
 47376 16384 15729.189 15729.189 15729.189 98.69655504807018 98.69655504807018 98.69655504807018 12.337069381008773 12.337069381008773 12.337069381008773
 52112 16384 17310.858 17310.858 17310.858 98.64363834536681 98.64363834536681 98.64363834536681 12.330454793170851 12.330454793170851 12.330454793170851
 57320 16384 19042.015 19042.015 19042.015 98.63776286280628 98.63776286280628 98.63776286280628 12.329720357850785 12.329720357850785 12.329720357850785
 63048 16384 20988.941 20988.941 20988.941 98.43073378499658 98.43073378499658 98.43073378499658 12.303841723124572 12.303841723124572 12.303841723124572
 69352 8192 11605.024 11605.024 11605.024 97.91131565087672 97.91131565087672 97.91131565087672 12.23891445635959 12.23891445635959 12.23891445635959
 76280 8192 12695.074 12695.074 12695.074 98.44539070823848 98.44539070823848 98.44539070823848 12.30567383852981 12.30567383852981 12.30567383852981
 83904 8192 13955.832 13955.832 13955.832 98.5024136146093 98.5024136146093 98.5024136146093 12.312801701826162 12.312801701826162 12.312801701826162
 92288 8192 15361.071 15361.071 15361.071 98.43366989189751 98.43366989189751 98.43366989189751 12.304208736487189 12.304208736487189 12.304208736487189
 101512 8192 16936.064 16936.064 16936.064 98.20301859983526 98.20301859983526 98.20301859983526 12.275377324979408 12.275377324979408 12.275377324979408
 111656 8192 18596.172 18596.172 18596.172 98.37357408825861 98.37357408825861 98.37357408825861 12.296696761032326 12.296696761032326 12.296696761032326
 122816 8192 20463.943 20463.943 20463.943 98.32989390167869 98.32989390167869 98.32989390167869 12.291236737709836 12.291236737709836 12.291236737709836
 135096 4096 11243.82 11243.82 11243.82 98.42797483417557 98.42797483417557 98.42797483417557 12.303496854271947 12.303496854271947 12.303496854271947
 148600 4096 12429.953 12429.953 12429.953 97.93530192752942 97.93530192752942 97.93530192752942 12.241912740941178 12.241912740941178 12.241912740941178
 163456 4096 13613.939 13613.939 13613.939 98.35739325701401 98.35739325701401 98.35739325701401 12.294674157126751 12.294674157126751 12.294674157126751
 179800 4096 14991.045 14991.045 14991.045 98.2534306314203 98.2534306314203 98.2534306314203 12.281678828927538 12.281678828927538 12.281678828927538
 197776 4096 16485.929 16485.929 16485.929 98.27659648418964 98.27659648418964 98.27659648418964 12.284574560523705 12.284574560523705 12.284574560523705
 217552 4096 18102.884 18102.884 18102.884 98.4476276818655 98.4476276818655 98.4476276818655 12.305953460233187 12.305953460233187 12.305953460233187
 239304 4096 19927.979 19927.979 19927.979 98.37316508613343 98.37316508613343 98.37316508613343 12.296645635766678 12.296645635766678 12.296645635766678
 263232 2048 10946.989 10946.989 10946.989 98.49267885443204 98.49267885443204 98.49267885443204 12.311584856804005 12.311584856804005 12.311584856804005
 289552 2048 12036.085 12036.085 12036.085 98.53743904267876 98.53743904267876 98.53743904267876 12.317179880334844 12.317179880334844 12.317179880334844
 318504 2048 13261.795 13261.795 13261.795 98.37223271811999 98.37223271811999 98.37223271811999 12.296529089764999 12.296529089764999 12.296529089764999
 350352 2048 14593.84 14593.84 14593.84 98.3320217297161 98.3320217297161 98.3320217297161 12.291502716214513 12.291502716214513 12.291502716214513
 385384 2048 16247.034 16247.034 16247.034 97.15821755527809 97.15821755527809 97.15821755527809 12.14477719440976 12.14477719440976 12.14477719440976
 423920 2048 17838.955 17838.955 17838.955 97.3362127994605 97.3362127994605 97.3362127994605 12.167026599932562 12.167026599932562 12.167026599932562
 466312 2048 19639.015 19639.015 19639.015 97.25609721261479 97.25609721261479 97.25609721261479 12.157012151576849 12.157012151576849 12.157012151576849
 512936 2048 21624.088 21624.088 21624.088 97.1595128543687 97.1595128543687 97.1595128543687 12.144939106796087 12.144939106796087 12.144939106796087
 564224 1024 11898.994 11898.994 11898.994 97.1116341431889 97.1116341431889 97.1116341431889 12.138954267898612 12.138954267898612 12.138954267898612
 620640 1024 13162.851 13162.851 13162.851 96.56500100168269 96.56500100168269 96.56500100168269 12.070625125210336 12.070625125210336 12.070625125210336
 682704 1024 14470.1 14470.1 14470.1 96.62530265858564 96.62530265858564 96.62530265858564 12.078162832323205 12.078162832323205 12.078162832323205
 750968 1024 15888.214 15888.214 15888.214 96.80021077258903 96.80021077258903 96.80021077258903 12.100026346573628 12.100026346573628 12.100026346573628
 826064 1024 17403.126 17403.126 17403.126 97.21121780075602 97.21121780075602 97.21121780075602 12.151402225094502 12.151402225094502 12.151402225094502
 908664 1024 19206.047 19206.047 19206.047 96.89364354882608 96.89364354882608 96.89364354882608 12.11170544360326 12.11170544360326 12.11170544360326
 999528 1024 21025.181 21025.181 21025.181 97.36103313450666 97.36103313450666 97.36103313450666 12.170129141813332 12.170129141813332 12.170129141813332
 1099480 512 11538.982 11538.982 11538.982 97.57078397383755 97.57078397383755 97.57078397383755 12.196347996729694 12.196347996729694 12.196347996729694
 1209424 512 12704.849 12704.849 12704.849 97.47854350728606 97.47854350728606 97.47854350728606 12.184817938410758 12.184817938410758 12.184817938410758
 1330360 512 13961.077 13961.077 13961.077 97.5776181164247 97.5776181164247 97.5776181164247 12.197202264553088 12.197202264553088 12.197202264553088
 1463392 512 15372.992 15372.992 15372.992 97.47701735615291 97.47701735615291 97.47701735615291 12.184627169519114 12.184627169519114 12.184627169519114
 1609728 512 16885.996 16885.996 16885.996 97.6170710925195 97.6170710925195 97.6170710925195 12.202133886564937 12.202133886564937 12.202133886564937
 1770696 512 18534.899 18534.899 18534.899 97.825874529988 97.825874529988 97.825874529988 12.2282343162485 12.2282343162485 12.2282343162485
 1947760 512 20509.958 20509.958 20509.958 97.24574960124248 97.24574960124248 97.24574960124248 12.15571870015531 12.15571870015531 12.15571870015531
 2142536 256 11247.873 11247.873 11247.873 97.5276331800688 97.5276331800688 97.5276331800688 12.1909541475086 12.1909541475086 12.1909541475086
 2356784 256 12414.932 12414.932 12414.932 97.19532962403659 97.19532962403659 97.19532962403659 12.149416203004574 12.149416203004574 12.149416203004574
 2592456 256 13616.085 13616.085 13616.085 97.48304832115839 97.48304832115839 97.48304832115839 12.185381040144799 12.185381040144799 12.185381040144799
 2851696 256 14991.045 14991.045 14991.045 97.39603556656657 97.39603556656657 97.39603556656657 12.174504445820821 12.174504445820821 12.174504445820821
 3136864 256 16438.961 16438.961 16438.961 97.69926262371449 97.69926262371449 97.69926262371449 12.212407827964311 12.212407827964311 12.212407827964311
 3450544 256 18085.003 18085.003 18085.003 97.68748879942125 97.68748879942125 97.68748879942125 12.210936099927656 12.210936099927656 12.210936099927656
 3795592 256 19952.059 19952.059 19952.059 97.4006293786521 97.4006293786521 97.4006293786521 12.175078672331512 12.175078672331512 12.175078672331512
 4175144 256 21862.984 21862.984 21862.984 97.77593616681054 97.77593616681054 97.77593616681054 12.221992020851317 12.221992020851317 12.221992020851317
 4592656 128 12113.81 12113.81 12113.81 97.05616449325191 97.05616449325191 97.05616449325191 12.13202056165649 12.13202056165649 12.13202056165649
 5051920 128 13250.828 13250.828 13250.828 97.60080804007116 97.60080804007116 97.60080804007116 12.200101005008895 12.200101005008895 12.200101005008895
 5557112 128 14667.988 14667.988 14667.988 96.98812625153498 96.98812625153498 96.98812625153498 12.123515781441872 12.123515781441872 12.123515781441872
 6112816 128 16026.02 16026.02 16026.02 97.64625877167256 97.64625877167256 97.64625877167256 12.20578234645907 12.20578234645907 12.20578234645907
 6724096 128 17623.186 17623.186 17623.186 97.67635522884453 97.67635522884453 97.67635522884453 12.209544403605566 12.209544403605566 12.209544403605566
 7396504 128 19365.072 19365.072 19365.072 97.77939498495022 97.77939498495022 97.77939498495022 12.222424373118777 12.222424373118777 12.222424373118777
 8136152 128 21517.038 21517.038 21517.038 96.80026182042344 96.80026182042344 96.80026182042344 12.10003272755293 12.10003272755293 12.10003272755293
 8949760 64 11692.047 11692.047 11692.047 97.97850453389384 97.97850453389384 97.97850453389384 12.24731306673673 12.24731306673673 12.24731306673673
 9844736 64 12856.007 12856.007 12856.007 98.01847556554691 98.01847556554691 98.01847556554691 12.252309445693363 12.252309445693363 12.252309445693363
 10829208 64 14230.967 14230.967 14230.967 97.40298210234062 97.40298210234062 97.40298210234062 12.175372762792577 12.175372762792577 12.175372762792577
 11912128 64 15635.014 15635.014 15635.014 97.52165133974296 97.52165133974296 97.52165133974296 12.19020641746787 12.19020641746787 12.19020641746787
 13103336 64 17193.079 17193.079 17193.079 97.55245165801891 97.55245165801891 97.55245165801891 12.194056457252364 12.194056457252364 12.194056457252364
 14413664 64 18933.058 18933.058 18933.058 97.44590609715556 97.44590609715556 97.44590609715556 12.180738262144445 12.180738262144445 12.180738262144445
 15855024 64 20819.902 20819.902 20819.902 97.47611069446917 97.47611069446917 97.47611069446917 12.184513836808646 12.184513836808646 12.184513836808646
 17440520 32 11468.172 11468.172 11468.172 97.32965986209486 97.32965986209486 97.32965986209486 12.166207482761857 12.166207482761857 12.166207482761857
 19184568 32 12605.19 12605.19 12605.19 97.40530305374214 97.40530305374214 97.40530305374214 12.175662881717768 12.175662881717768 12.175662881717768
 21103024 32 13890.982 13890.982 13890.982 97.22808193114066 97.22808193114066 97.22808193114066 12.153510241392583 12.153510241392583 12.153510241392583
 23213320 32 15233.994 15233.994 15233.994 97.52219148832538 97.52219148832538 97.52219148832538 12.190273936040672 12.190273936040672 12.190273936040672
 25534648 32 16810.894 16810.894 16810.894 97.21181229267165 97.21181229267165 97.21181229267165 12.151476536583957 12.151476536583957 12.151476536583957
 28088112 32 18796.921 18796.921 18796.921 95.63476741749353 95.63476741749353 95.63476741749353 11.954345927186692 11.954345927186692 11.954345927186692
 30896920 32 21504.879 21504.879 21504.879 91.95136043313705 91.95136043313705 91.95136043313705 11.493920054142132 11.493920054142132 11.493920054142132
 33986608 16 15659.094 15659.094 15659.094 69.45302557095577 69.45302557095577 69.45302557095577 8.681628196369472 8.681628196369472 8.681628196369472
 37385264 16 22549.152 22549.152 22549.152 53.054254457107746 53.054254457107746 53.054254457107746 6.631781807138468 6.631781807138468 6.631781807138468
 41123784 16 25423.05 25423.05 25423.05 51.7625181872356 51.7625181872356 51.7625181872356 6.47031477340445 6.47031477340445 6.47031477340445
 45236160 16 28833.866 28833.866 28833.866 50.20336572279277 50.20336572279277 50.20336572279277 6.275420715349096 6.275420715349096 6.275420715349096
 49759776 16 32100.916 32100.916 32100.916 49.603345649077426 49.603345649077426 49.603345649077426 6.200418206134678 6.200418206134678 6.200418206134678
 54735752 16 35407.066 35407.066 35407.066 49.46877168529016 49.46877168529016 49.46877168529016 6.18359646066127 6.18359646066127 6.18359646066127
 60209320 16 39372.921 39372.921 39372.921 48.93460254066493 48.93460254066493 48.93460254066493 6.116825317583117 6.116825317583117 6.116825317583117
 66230248 16 43617.01 43617.01 43617.01 48.59039938776179 48.59039938776179 48.59039938776179 6.073799923470224 6.073799923470224 6.073799923470224
 72853272 8 23977.995 23977.995 23977.995 48.613420429856625 48.613420429856625 48.613420429856625 6.076677553732078 6.076677553732078 6.076677553732078
 80138592 8 26714.087 26714.087 26714.087 47.99780250771811 47.99780250771811 47.99780250771811 5.999725313464764 5.999725313464764 5.999725313464764
 88152448 8 29561.996 29561.996 29561.996 47.711229241760265 47.711229241760265 47.711229241760265 5.963903655220033 5.963903655220033 5.963903655220033
 96967688 8 32392.025 32392.025 32392.025 47.89706750349815 47.89706750349815 47.89706750349815 5.987133437937269 5.987133437937269 5.987133437937269
 106664456 8 35760.88 35760.88 35760.88 47.72341441262073 47.72341441262073 47.72341441262073 5.965426801577591 5.965426801577591 5.965426801577591
 117330896 8 39504.051 39504.051 39504.051 47.52156521871643 47.52156521871643 47.52156521871643 5.940195652339554 5.940195652339554 5.940195652339554
 129063984 8 43676.853 43676.853 43676.853 47.279590954046064 47.279590954046064 47.279590954046064 5.909948869255758 5.909948869255758 5.909948869255758
 141970376 4 24136.066 24136.066 24136.066 47.0566747704452 47.0566747704452 47.0566747704452 5.88208434630565 5.88208434630565 5.88208434630565
 156167408 4 26550.055 26550.055 26550.055 47.055995326563355 47.055995326563355 47.055995326563355 5.881999415820419 5.881999415820419 5.881999415820419
 171784144 4 29247.999 29247.999 29247.999 46.98691189096389 46.98691189096389 46.98691189096389 5.873363986370486 5.873363986370486 5.873363986370486
 188962552 4 32249.212 32249.212 32249.212 46.87557686680841 46.87557686680841 46.87557686680841 5.859447108351051 5.859447108351051 5.859447108351051
 207858800 4 35510.063 35510.063 35510.063 46.82814558791405 46.82814558791405 46.82814558791405 5.853518198489256 5.853518198489256 5.853518198489256
 228644680 4 39165.974 39165.974 39165.974 46.70271802764307 46.70271802764307 46.70271802764307 5.837839753455384 5.837839753455384 5.837839753455384
 251509144 4 43083.191 43083.191 43083.191 46.70204563074263 46.70204563074263 46.70204563074263 5.837755703842829 5.837755703842829 5.837755703842829
 276660056 2 23798.943 23798.943 23798.943 46.499553530591676 46.499553530591676 46.499553530591676 5.8124441913239595 5.8124441913239595 5.8124441913239595
 304326056 2 26272.058 26272.058 26272.058 46.33455909696911 46.33455909696911 46.33455909696911 5.791819887121139 5.791819887121139 5.791819887121139
 334758656 2 28893.948 28893.948 28893.948 46.34308277982642 46.34308277982642 46.34308277982642 5.792885347478302 5.792885347478302 5.792885347478302
 368234520 2 31819.82 31819.82 31819.82 46.28995638567409 46.28995638567409 46.28995638567409 5.786244548209261 5.786244548209261 5.786244548209261
 405057968 2 35088.062 35088.062 35088.062 46.17615734947117 46.17615734947117 46.17615734947117 5.772019668683896 5.772019668683896 5.772019668683896
 445563760 2 38686.037 38686.037 38686.037 46.069723812754454 46.069723812754454 46.069723812754454 5.758715476594307 5.758715476594307 5.758715476594307
 490120136 2 42608.976 42608.976 42608.976 46.01097534003164 46.01097534003164 46.01097534003164 5.751371917503955 5.751371917503955 5.751371917503955
 539132144 1 23477.077 23477.077 23477.077 45.928387422335405 45.928387422335405 45.928387422335405 5.741048427791926 5.741048427791926 5.741048427791926
 593045352 1 25845.051 25845.051 25845.051 45.89237235399535 45.89237235399535 45.89237235399535 5.736546544249419 5.736546544249419 5.736546544249419
 652349880 1 28572.083 28572.083 28572.083 45.66344567877673 45.66344567877673 45.66344567877673 5.7079307098470915 5.7079307098470915 5.7079307098470915
 717584864 1 31455.04 31455.04 31455.04 45.62606590231644 45.62606590231644 45.62606590231644 5.703258237789555 5.703258237789555 5.703258237789555
 789343344 1 34574.986 34574.986 34574.986 45.65979254481839 45.65979254481839 45.65979254481839 5.707474068102298 5.707474068102298 5.707474068102298
 868277672 1 38091.183 38091.183 38091.183 45.58943060392742 45.58943060392742 45.58943060392742 5.698678825490927 5.698678825490927 5.698678825490927
 955105432 1 41791.916 41791.916 41791.916 45.7076642286513 45.7076642286513 45.7076642286513 5.713458028581413 5.713458028581413 5.713458028581413
 1050615968 1 45995.951 45995.951 45995.951 45.6829762254508 45.6829762254508 45.6829762254508 5.71037202818135 5.71037202818135 5.71037202818135
 
META_DATA
 FLOPS          2
 MPI_PROCS      1
 OPENMP_THREADS 1
 ERT_VERSION  1.1.0
 HOSTNAME  ('c3cpu-c11-u13-2.rc.int.colorado.edu', [], ['10.225.64.253'])
 UNAME  uname_result(system='Linux', node='c3cpu-c11-u13-2.rc.int.colorado.edu', release='4.18.0-305.34.2.el8_4.x86_64', version='#1 SMP Mon Jan 17 09:42:23 EST 2022', machine='x86_64', processor='x86_64')
 TIMESTAMP_DATA  1728137844.6910248
 CONFIG  {'ERT_RESULTS': ['Results.alpine'], 'ERT_DRIVER': ['driver1'], 'ERT_KERNEL': ['kernel1'], 'ERT_MPI': ['True'], 'ERT_MPI_CFLAGS': ['-I/usr/include/mpi'], 'ERT_MPI_LDFLAGS': ['-lmpi'], 'ERT_OPENMP': ['True'], 'ERT_OPENMP_CFLAGS': ['-qopenmp'], 'ERT_OPENMP_LDFLAGS': ['-qopenmp'], 'ERT_FLOPS': ['1,2,4,8,16'], 'ERT_ALIGN': ['32'], 'ERT_CC': ['icpc'], 'ERT_CFLAGS': ['-O3', '-fno-alias', '-fno-fnalias', '-DERT_INTEL'], 'ERT_LD': ['icpc'], 'ERT_LDFLAGS': [], 'ERT_LDLIBS': [], 'ERT_PRECISION': ['FP64'], 'ERT_RUN': ['export', 'OMP_NUM_THREADS=ERT_OPENMP_THREADS;', 'mpirun', '-np', 'ERT_MPI_PROCS', 'ERT_CODE'], 'ERT_PROCS_THREADS': ['1'], 'ERT_MPI_PROCS': ['1'], 'ERT_OPENMP_THREADS': ['1'], 'ERT_NUM_EXPERIMENTS': ['1'], 'ERT_MEMORY_MAX': ['1073741824'], 'ERT_WORKING_SET_MIN': ['1'], 'ERT_TRIALS_MIN': ['1'], 'ERT_GNUPLOT': ['gnuplot'], 'ERT_GPU': [False], 'ERT_HIP': [False], 'ERT_OCL': [False], 'ERT_SYCL': [False], 'ERT_WSS_MULT': [1.1]}
 