fp64
 64 16777216 76022.863 76039.076 76045.99 28.23927531221567 28.241843022921532 28.247866013675388 7.059818828053918 7.060460755730383 7.061966503418847
 128 8388608 40085.077 40117.979 40127.993 53.51584984576727 53.52920813882474 53.57314513827678 13.378962461441818 13.382302034706186 13.393286284569195
 192 4194304 20045.042 20048.141 20062.923 80.2780699502261 80.33726099591978 80.34968128278304 20.069517487556524 20.084315248979944 20.08742032069576
 256 4194304 20082.951 20094.872 20119.19 106.73807683112493 106.86724692747484 106.93068204966491 26.684519207781232 26.71681173186871 26.732670512416227
 320 2097152 10088.205 10088.921 10092.974 132.98134722233507 133.03476952589875 133.0442115321804 33.24533680558377 33.25869238147469 33.2610528830451
 384 2097152 10114.193 10131.121 10135.174 158.91318057292355 158.97675449735522 159.2428319293492 39.72829514323089 39.744188624338804 39.8107079823373
 448 2097152 10132.074 10146.856 10488.987 179.1448680411178 185.1852625088993 185.45543508663673 44.78621701027945 46.29631562722483 46.36385877165918
 512 2097152 10164.022 10169.983 10174.99 211.0551114055149 211.15902042314133 211.28286105638105 52.76377785137873 52.78975510578533 52.82071526409526
 576 1048576 5022.049 5023.003 5023.956 240.4399146807814 240.48553265845152 240.53121584436948 60.10997867019535 60.12138316461288 60.13280396109237
 640 1048576 6253.004 7169.962 7574.081 177.20661820226113 187.19447606556352 214.64519773216205 44.30165455056528 46.79861901639088 53.66129943304051
 704 1048576 7034.063 7131.1 7835.865 188.41506432282844 207.0360825118144 209.89220710704467 47.10376608070711 51.7590206279536 52.47305177676117
 768 1048576 5171.061 5172.014 5173.922 311.2943596753102 311.4091988150071 311.46658993193086 77.82358991882755 77.85229970375177 77.86664748298271
 832 1048576 5081.892 5081.892 5091.19 342.7156448688814 343.34268890405383 343.34268890405383 85.67891121722035 85.83567222601346 85.83567222601346
 896 1048576 5244.97 5248.07 5248.07 358.04556570320136 358.04556570320136 358.25718583709727 89.51139142580034 89.51139142580034 89.56429645927432
 960 1048576 5280.018 5303.86 5386.114 373.78821168657026 379.58504183745424 381.2990637531917 93.44705292164257 94.89626045936356 95.32476593829793
 1024 1048576 5424.976 5424.976 5426.168 395.76431249456346 395.8512716000956 395.8512716000956 98.94107812364086 98.9628179000239 98.9628179000239
 1088 524288 2717.018 2721.071 2767.086 412.29318062394884 419.26531428250127 419.89073609376163 103.07329515598721 104.81632857062532 104.97268402344041
 1152 524288 2735.138 2737.999 2743.959 440.2250733338217 441.1833430180216 441.64482815857923 110.05626833345542 110.2958357545054 110.41120703964481
 1216 524288 2749.92 2753.019 2753.973 462.992344514634 463.15278463388745 463.67473090126265 115.7480861286585 115.78819615847186 115.91868272531566
 1280 524288 2756.834 2762.079 2780.914 482.63890217388956 485.9300838245394 486.85458754498825 120.65972554347239 121.48252095613485 121.71364688624706
 1408 524288 2802.849 2807.14 2820.015 523.5415442825658 525.9427773463382 526.7479653738035 130.88538607064146 131.48569433658454 131.68699134345087
 1536 524288 3039.122 3040.075 3057.957 526.6956781929896 529.7937504831295 529.9598818342929 131.6739195482474 132.44843762078239 132.48997045857323
 1664 524288 3927.946 3929.853 4340.887 401.9525189206722 443.9938247054025 444.2093816972026 100.48812973016805 110.99845617635063 111.05234542430065
 1792 524288 3561.974 3566.98 3746.986 501.4825761291876 526.7896629641882 527.5300134139103 125.3706440322969 131.69741574104705 131.88250335347757
 1920 524288 3829.002 3829.956 3830.91 525.5320328590335 525.6629371199042 525.793906610652 131.38300821475838 131.41573427997605 131.448476652663
 2112 262144 1913.071 1914.978 1917.124 577.5819696587179 578.2292308318946 578.8056250918027 144.39549241467947 144.55730770797365 144.70140627295066
 2304 262144 1978.874 1981.02 1984.119 608.8140640757938 609.7664597025774 610.427724049131 152.20351601894845 152.44161492564436 152.60693101228276
 2496 262144 2245.188 2246.141 2249.956 581.6215285987814 582.609394512633 582.8566908428159 145.40538214969536 145.65234862815825 145.71417271070396
 2688 262144 2377.987 2379.179 2382.994 591.39307274798 592.3413681778462 592.6382877618759 147.848268186995 148.08534204446156 148.15957194046896
 2944 262144 2640.009 2641.916 2646.923 583.131383874786 584.2365434782937 584.6585644215608 145.7828459686965 146.05913586957342 146.1646411053902
 3200 262144 3731.966 3763.914 3886.938 431.6306563161028 445.7385583198766 449.55436357137233 107.9076640790257 111.43463957996914 112.38859089284308
 3520 262144 3037.93 3038.168 3038.883 607.2934561811035 607.4363761319322 607.4839644099766 151.82336404527587 151.85909403298305 151.87099110249414
 3840 262144 3298.998 3298.998 3302.097 609.6931495349772 610.2658807310582 610.2658807310582 152.4232873837443 152.56647018276456 152.56647018276456
 4224 131072 1718.044 1718.998 1721.144 643.348991136128 644.1521491008133 644.5098356037446 160.837247784032 161.03803727520332 161.12745890093615
 4608 131072 1882.076 1883.984 1893.997 637.783244640831 641.1729356512582 641.8229402000769 159.44581116020774 160.29323391281454 160.45573505001923
 5056 131072 2145.052 2151.012 2166.986 611.6329611727995 616.1751138533862 617.887148656536 152.90824029319987 154.04377846334654 154.471787164134
 5504 131072 2213.955 2223.015 2444.983 590.1229480941176 649.0467117855706 651.7027563794205 147.5307370235294 162.26167794639264 162.92568909485513
 6016 131072 2478.838 2480.03 2483.13 635.109037384269 635.9029140776522 636.2087010123291 158.77725934606724 158.97572851941305 159.05217525308228
 6592 131072 2649.069 2655.029 2660.99 649.4023833235 650.8604041613104 652.324740503173 162.350595830875 162.7151010403276 163.08118512579324
 7232 131072 2836.943 2839.088 2847.91 665.6900702620519 667.7585929002553 668.2634822060224 166.42251756551298 166.93964822506382 167.0658705515056
 7936 131072 3166.914 3170.967 3177.881 654.6421291420289 656.0695157029385 656.9091500432281 163.66053228550723 164.01737892573462 164.22728751080703
 8704 65536 1702.07 1702.07 1704.931 669.147718001491 670.2724846804185 670.2724846804185 167.28692950037274 167.56812117010463 167.56812117010463
 9536 65536 1867.056 1873.97 1895.905 659.2643576550513 666.9811106901391 669.4510459247072 164.81608941376282 166.74527767253477 167.3627614811768
 10432 65536 2013.922 2017.021 2020.836 676.6224988074242 677.902264775627 678.9454129802444 169.15562470185606 169.47556619390676 169.7363532450611
 11456 65536 2212.048 2225.161 2232.075 672.7197034149838 674.8099719525912 678.8102391991495 168.17992585374594 168.7024929881478 169.70255979978737
 12544 65536 2393.007 2402.067 2404.928 683.665859435293 684.480144808617 687.0716082318188 170.91646485882325 171.12003620215424 171.7679020579547
 13760 65536 2655.983 2660.036 2663.136 677.2281700972087 678.0174102906877 679.0520571856069 169.30704252430218 169.50435257267193 169.76301429640174
 15104 65536 2904.177 2910.137 2915.144 679.1127601243712 680.2811991325494 681.6772834438121 169.7781900310928 170.07029978313736 170.41932086095304
 16576 32768 1574.039 1579.046 1586.914 684.5517375232683 687.9626913972106 690.1510928255271 171.1379343808171 171.99067284930265 172.5377732063818
 18176 32768 1744.986 1744.986 1749.992 680.6787322456331 682.6314572151296 682.6314572151296 170.16968306140828 170.6578643037824 170.6578643037824
 19968 32768 1898.05 1899.004 1902.819 687.7284954585801 689.1101061398501 689.4564674270963 171.93212386464504 172.27752653496253 172.36411685677407
 21952 32768 2090.931 2094.03 2114.058 680.5140975318558 687.0227608964532 688.041007570312 170.12852438296395 171.7556902241133 172.010251892578
 24128 32768 2293.11 2297.163 2513.885 629.0075353486734 688.3501989192756 689.5668363052797 157.25188383716835 172.0875497298189 172.39170907631993
 26496 32768 2518.892 2523.184 2527.952 686.8966879117957 688.1947000298035 689.3673313504509 171.7241719779489 172.04867500745087 172.3418328376127
 29120 32768 2749.92 2753.019 2754.211 692.9056343177774 693.2056480540091 693.9868505265608 173.22640857944435 173.30141201350227 173.4967126316402
 32000 32768 3005.981 3007.889 3007.889 697.2172177896192 697.2172177896192 697.6597656472213 174.3043044474048 174.3043044474048 174.41494141180533
 35200 16384 1648.903 1656.055 1660.109 694.7938960634514 696.494742022457 699.515738645633 173.69847401586284 174.12368550561425 174.87893466140824
 38720 16384 1829.863 1832.008 1833.916 691.8402805799176 692.5608185117096 693.3726513952137 172.9600701449794 173.1402046279274 173.34316284880342
 42560 16384 2005.1 2006.054 2013.922 692.4826681470286 695.1986736149674 695.529439928183 173.12066703675714 173.79966840374186 173.88235998204576
 46784 16384 2202.988 2226.114 2228.975 687.7681947980575 688.6521139528344 695.881281241659 171.94204869951437 172.1630284882086 173.97032031041476
 51456 16384 2400.875 2402.067 2410.889 699.3728072922478 701.9413729925103 702.2898768157444 174.84320182306195 175.48534324812758 175.5724692039361
 56576 16384 2643.108 2645.969 2664.089 695.8785415952696 700.6440241741305 701.4024277479391 173.9696353988174 175.16100604353264 175.35060693698478
 62208 16384 2912.045 2912.045 2913.952 699.5419773558384 700.0000837899139 700.0000837899139 174.8854943389596 175.00002094747848 175.00002094747848
 68416 8192 1600.027 1603.127 1603.127 699.2133149775408 699.2133149775408 700.5680179146977 174.8033287443852 174.8033287443852 175.14200447867444
 75200 8192 1759.052 1762.867 1763.105 698.8107911894073 698.9051357816556 700.4209085348244 174.70269779735182 174.7262839454139 175.1052271337061
 82688 8192 1931.906 1931.906 1932.859 700.9099949867011 701.2557505385873 701.2557505385873 175.22749874667528 175.31393763464683 175.31393763464683
 90944 8192 2124.786 2125.978 2125.978 700.8663758514904 700.8663758514904 701.2595602568917 175.2165939628726 175.2165939628726 175.31489006422294
 100032 8192 2336.979 2338.171 2341.032 700.0862388895152 700.942868592588 701.3003916594886 175.0215597223788 175.235717148147 175.32509791487215
 110016 8192 2561.092 2563.0 2565.861 702.4940727498489 703.2782458056964 703.8021843807251 175.62351818746222 175.8195614514241 175.95054609518127
 120960 8192 2814.054 2815.962 2817.869 703.3004869992182 703.7767697149322 704.2539482184776 175.82512174980454 175.94419242873306 176.0634870546194
 133056 4096 1574.039 1574.039 1576.9 691.2262997019468 692.4826843553432 692.4826843553432 172.8065749254867 173.1206710888358 173.1206710888358
 146304 4096 1725.912 1728.058 1728.058 693.5660539171718 693.5660539171718 694.4284343581827 173.39151347929294 173.39151347929294 173.60710858954567
 160896 4096 1893.044 1893.044 1893.997 695.9145299596566 696.2648686454197 696.2648686454197 173.97863248991416 174.06621716135493 174.06621716135493
 176960 4096 2077.818 2080.917 2084.017 695.6067632845607 696.6430280496533 697.6820491496367 173.90169082114016 174.1607570124133 174.42051228740917
 194624 4096 2278.09 2280.951 2288.103 696.8042120481465 698.9890655257392 699.8669095602017 174.20105301203662 174.7472663814348 174.96672739005044
 214080 4096 2505.064 2506.971 2507.925 699.2806244205867 699.5467279039127 700.079263443968 174.82015610514668 174.88668197597818 175.019815860992
 235456 4096 2756.119 2758.98 3328.085 579.5691973011507 699.1190773401764 699.844800605489 144.89229932528767 174.7797693350441 174.96120015137225
 258944 4096 3027.201 3031.969 3033.876 699.1944456530194 699.6342139382032 700.7361744396886 174.79861141325486 174.9085534845508 175.18404360992216
 284800 2048 1744.032 1749.992 1753.092 665.4190424689633 666.5977901613264 668.8758004440285 166.35476061724083 166.6494475403316 167.21895011100713
 313280 2048 1991.034 1996.994 2002.954 640.6511981802877 642.5632125084002 644.4866737584591 160.16279954507192 160.64080312710004 161.12166843961478
 344576 2048 2197.027 2197.981 2207.994 639.2151862731511 642.1271594249448 642.4059859073193 159.80379656828777 160.5317898562362 160.60149647682982
 379008 2048 2418.041 2420.902 2429.962 638.8646275126937 641.2555188107574 642.0142454160207 159.71615687817342 160.31387970268935 160.50356135400517
 416896 2048 2662.897 2677.917 2681.017 636.9247252068898 637.6620395628394 641.2587554081138 159.23118130172244 159.41550989070984 160.31468885202844
 458560 2048 2938.032 2955.914 2956.152 635.373877933205 635.4250360463802 639.2924787749077 158.84346948330125 158.85625901159506 159.82311969372694
 504384 2048 3226.042 3242.97 3248.93 635.8883891004116 637.0570384554899 640.3998658417962 158.9720972751029 159.26425961387247 160.09996646044905
 554816 1024 1775.98 1780.987 1785.04 636.5477345045489 637.9963290018399 639.7950247187468 159.13693362613722 159.49908225045996 159.9487561796867
 610240 1024 1957.893 1961.946 1973.867 633.1589311741875 637.0060745810537 638.3247296966688 158.28973279354688 159.25151864526342 159.5811824241672
 671232 1024 2151.012 2156.019 2171.04 633.191067875304 637.6025146346113 639.086688498251 158.297766968826 159.40062865865283 159.77167212456274
 738304 1024 2367.02 2376.08 2377.987 635.8514962445125 636.3618194673579 638.797556421154 158.96287406112813 159.09045486683948 159.6993891052885
 812096 1024 2604.961 2613.068 2617.836 635.32345341725 636.482712275379 638.4635347707701 158.8308633543125 159.12067806884474 159.61588369269253
 893248 1024 2858.877 2878.904 2882.957 634.5470653915407 635.4403981515188 639.8917840816516 158.63676634788519 158.8600995378797 159.9729460204129
 982528 1024 3159.046 3177.881 3179.073 632.9572626989063 633.1946803546138 636.9699409252034 158.23931567472658 158.29867008865344 159.24248523130086
 1080768 512 1728.058 1735.926 1740.932 635.6976791741436 637.5308809246477 640.4336150754199 158.9244197935359 159.38272023116193 160.10840376885497
 1188800 512 1904.011 1919.985 1923.084 633.0098945235882 634.0316200386983 639.3509281196381 158.25247363089704 158.50790500967457 159.83773202990952
 1307648 512 2096.176 2108.097 2115.011 633.1085521541023 635.1849805772694 638.797291830457 158.27713803852558 158.79624514431734 159.69932295761424
 1438400 512 2305.984 2322.197 2334.833 630.8466601251567 634.2793483929227 638.73886375621 157.7116650312892 158.56983709823066 159.6847159390525
 1582208 512 2540.112 2556.086 2567.053 631.1443480130719 633.8523007441847 637.838407125355 157.78608700326797 158.46307518604618 159.45960178133876
 1740416 512 2787.113 2800.941 2801.18 636.2268701047416 636.2811583678485 639.4380077162283 159.0567175261854 159.07028959196214 159.85950192905707
 1914432 512 3070.116 3082.037 3119.946 628.3372750682224 636.0658123182818 638.5356019121102 157.0843187670556 159.01645307957045 159.63390047802756
 2105856 256 1689.911 1698.017 1700.163 634.1734716024288 634.9749572589674 638.0207431042227 158.5433679006072 158.74373931474184 159.50518577605567
 2316416 256 1857.996 1863.003 1866.102 635.5520716445295 636.6092765282718 638.3248360061054 158.88801791113238 159.15231913206796 159.58120900152636
 2548032 256 2046.108 2061.129 2063.99 632.073015857635 632.950380107213 637.597030068794 158.01825396440876 158.23759502680326 159.3992575171985
 2802816 256 2241.85 2263.069 2276.897 630.2620592850709 634.1131410487263 640.1149907442514 157.56551482126773 158.52828526218158 160.02874768606284
 3083072 256 2467.155 2468.824 2522.945 625.6707395523882 639.3865516537428 639.8190887885032 156.41768488809706 159.8466379134357 159.9547721971258
 3391360 256 2720.833 2749.92 2759.933 629.1371276041846 631.4279397218828 638.1782049835473 157.28428190104614 157.8569849304707 159.54455124588682
 3730496 256 2990.961 3030.777 3037.93 628.7221733219659 630.2060336342792 638.5954052894705 157.18054333049147 157.5515084085698 159.64885132236762
 4103488 256 3316.879 3329.039 3336.191 629.7558670951394 631.1088142854438 633.4225203873882 157.43896677378484 157.77720357136096 158.35563009684705
 4513792 128 1827.002 1827.955 1835.108 629.6799708790982 632.1439816625683 632.4737203352815 157.41999271977454 158.03599541564208 158.11843008382039
 4965120 128 1995.087 1997.948 2020.121 629.2052406761773 636.1880889792926 637.1003971255388 157.3013101690443 159.04702224482315 159.2750992813847
 5461632 128 2188.921 2192.974 2204.895 634.1244331362718 637.5715316278258 638.7520572921545 158.53110828406795 159.39288290695646 159.68801432303863
 6007744 128 2406.12 2411.127 2426.147 633.9197352839708 637.8687078698052 639.1960766711552 158.4799338209927 159.4671769674513 159.7990191677888
 6608512 128 2640.009 2649.069 2652.884 637.7131725322329 638.6315615033055 640.8232214359875 159.42829313305822 159.65789037582638 160.20580535899688
 7269312 128 2910.852 2917.051 2923.965 636.4453309119637 637.9538348832434 639.312432236335 159.1113327279909 159.48845872081085 159.82810805908375
 7996224 128 3194.809 3208.876 3303.051 619.74015660067 637.9284659176608 640.737316064904 154.9350391501675 159.4821164794152 160.184329016226
 8795840 64 1758.099 1763.105 1808.882 622.410704512511 638.5708848877406 640.3891475963526 155.60267612812774 159.64272122193515 160.09728689908815
 9675392 64 1937.866 1939.058 1988.888 622.6847243283685 638.6865044779476 639.0793666847966 155.67118108209212 159.6716261194869 159.76984167119915
 10642880 64 2125.025 2128.124 2192.02 621.4763733907538 640.1359319287786 641.0694650651169 155.36909334768845 160.03398298219466 160.26736626627923
 11707136 64 2340.078 2345.085 2346.992 638.4825376481897 639.0017453525138 640.3689996658231 159.62063441204742 159.75043633812845 160.09224991645578
 12877824 64 2565.861 2572.06 2583.981 637.9154769326863 640.8720916308329 642.4204085879944 159.47886923317157 160.21802290770822 160.6051021469986
 14165568 64 2831.936 2833.843 2840.996 638.2243072499925 639.835271043597 640.2661303080295 159.55607681249813 159.95881776089925 160.06653257700737
 15582080 64 3110.886 3115.892 3115.892 640.1076288908602 640.1076288908602 641.1376823194422 160.02690722271504 160.02690722271504 160.28442057986055
 17140288 32 1716.852 1718.044 1720.19 637.7077136827908 638.5042711362456 638.9475808048684 159.4269284206977 159.6260677840614 159.7368952012171
 18854272 32 1914.024 1920.938 1927.137 626.1482229857036 628.1688466780291 630.4379715196884 156.5370557464259 157.04221166950728 157.6094928799221
 20739648 32 2095.938 2098.083 2106.905 629.9939826427865 632.6429755162212 633.290427484019 157.49849566069662 158.1607438790553 158.32260687100475
 22813568 32 2276.897 2284.05 2288.103 638.11303599532 639.2453545237626 641.2535797622818 159.52825899883 159.81133863094064 160.31339494057045
 25094912 32 2511.978 2516.031 2516.985 638.0945329431839 638.3364783661251 639.3664148332509 159.52363323579598 159.58411959153128 159.84160370831273
 27604352 32 2767.801 2770.185 2784.014 634.5796134645874 637.7474890666147 638.2968024073986 158.64490336614685 159.43687226665367 159.57420060184964
 30364736 32 3035.069 3036.022 3051.043 636.9438595260702 640.0951982561392 640.2961856880354 159.23596488151756 160.0237995640348 160.07404642200885
 33401152 32 3340.006 3361.94 3365.993 635.0796712886807 635.8452940861528 640.0209245133093 158.76991782217019 158.9613235215382 160.00523112832732
 36741248 16 1984.119 1994.133 2086.163 563.580092255495 589.5895288829782 592.5652322264945 140.89502306387374 147.39738222074456 148.14130805662361
 40415360 16 2159.119 2226.114 2298.117 562.7613911737304 580.9637421982881 598.99038450405 140.6903477934326 145.24093554957201 149.7475961260125
 44456896 16 2404.213 2404.928 2487.898 571.8163172284394 591.5439763685234 591.7198983617508 142.95407930710985 147.88599409213086 147.9299745904377
 48902528 16 2638.102 2773.046 2812.862 556.330490439986 564.3184051039904 593.1843787692819 139.0826226099965 141.0796012759976 148.29609469232048
 53792768 16 2950.907 2996.206 3151.894 546.1378383917734 574.516096690281 583.3354206011915 136.53445959794334 143.62902417257024 145.83385515029786
 59172032 16 3015.041 3026.009 3473.997 545.0508517998145 625.743355026373 628.0196600974912 136.26271294995362 156.43583875659326 157.0049150243728
 65089216 16 3310.919 3997.803 4163.98 500.2077128132221 520.9998871880381 629.0866408993999 125.05192820330552 130.24997179700952 157.27166022484997
 71598080 8 2304.077 2346.992 2768.04 413.8557535295733 488.10105871685965 497.1922726540822 103.46393838239332 122.02526467921491 124.29806816352055
 78757888 8 2658.129 2681.017 2928.972 430.2281510372922 470.01798496615277 474.0651066972295 107.55703775932305 117.50449624153819 118.51627667430738
 86633664 8 2836.943 2947.092 3639.936 380.8140099166578 470.3411444230448 488.6029165901465 95.20350247916446 117.5852861057612 122.15072914753662
 95297024 8 3129.005 3280.878 4354.0 350.1957703261368 464.7391289770604 487.29624401367204 87.5489425815342 116.1847822442651 121.82406100341801
 104826688 8 3987.074 4159.212 4671.097 359.0649065947464 403.2559552145935 420.66613461400516 89.7662266486866 100.81398880364837 105.16653365350129
 115309312 8 4243.851 4507.065 5625.01 327.9903488171576 409.3459916819483 434.73462946743416 81.9975872042894 102.33649792048708 108.68365736685854
 126840192 8 3963.947 4204.988 4436.016 457.49227955895566 482.62755375282865 511.97532963987663 114.37306988973891 120.65688843820716 127.99383240996916
 139524160 4 2589.941 3108.978 4213.81 264.8893234388831 359.02257269109015 430.97247389033197 66.22233085972077 89.75564317277254 107.74311847258299
 153476544 4 3777.027 3787.041 5364.895 228.86046269311885 324.21416932111373 325.0737556284347 57.21511567327971 81.05354233027843 81.26843890710867
 168824192 4 4436.97 5053.043 6211.042 217.45039495788308 267.28320657473137 304.39546266934417 54.36259873947077 66.82080164368284 76.09886566733604
 185706560 4 5012.989 5383.015 5961.895 249.19131920303863 275.98891699168587 296.3606104062865 62.29782980075966 68.99722924792147 74.09015260157163
 204277184 4 5703.926 7040.024 8386.135 194.8713527745499 232.1323722760036 286.5074813382922 48.717838193637476 58.0330930690009 71.62687033457306
 224704896 4 6355.047 7961.035 9097.099 197.6057606936013 225.80470604638717 282.8679580182491 49.401440173400324 56.45117651159679 70.71698950456228
 247175360 4 7081.985 8939.028 10155.916 194.70453280629735 221.21005550044146 279.215909098932 48.67613320157434 55.302513875110364 69.803977274733
 271892864 2 4302.979 5500.078 6402.016 169.87952794869616 197.7374604505609 252.7484926140704 42.46988198717404 49.43436511264022 63.1871231535176
 299082112 2 4743.814 5886.793 6884.813 173.7633902329664 203.22244182868332 252.1870478058372 43.4408475582416 50.80561045717083 63.0467619514593
 328990272 2 5275.011 6452.799 7267.952 181.06353591768354 203.93647593858105 249.47077607989817 45.265883979420884 50.984118984645264 62.36769401997454
 361889280 2 5884.886 7168.055 7951.021 182.0592751547254 201.9455933304083 245.97878701473567 45.51481878868135 50.48639833260207 61.49469675368392
 398078208 2 6567.001 7946.014 8882.046 179.27320259318628 200.39139523288028 242.4718424742131 44.81830064829657 50.09784880822007 60.617960618553276
 437886016 2 7375.002 8835.793 9965.897 175.7537795142775 198.23280875864793 237.49743579730554 43.93844487856938 49.55820218966198 59.374358949326385
 481674560 2 8263.826 9818.792 11219.978 171.72032244626507 196.22558864675003 233.14845206082512 42.93008061156627 49.05639716168751 58.28711301520628
 529841984 2 9419.918 10863.066 12569.904 168.60653319229806 195.0985049708802 224.9879389608275 42.151633298074515 48.77462624272005 56.24698474020688
 582826176 1 5576.849 6250.143 7010.937 166.26199208465286 186.50010919750156 209.0163014992875 41.565498021163215 46.62502729937539 52.25407537482187
 641108736 1 6174.088 6791.115 7643.938 167.74304972123005 188.8080929273028 207.67722649887725 41.93576243030751 47.2020232318257 51.91930662471931
 705219584 1 6836.891 7469.893 8235.216 171.26923786819918 188.81651557793396 206.29832594961658 42.817309467049796 47.20412889448349 51.574581487404146
 775741504 1 7557.154 8217.812 8924.007 173.85497434056248 188.79514498506416 205.29990628747274 43.46374358514062 47.19878624626604 51.324976571868184
 853315648 1 8363.008 9011.03 9808.064 174.00287110687697 189.39358719258507 204.0690737112771 43.50071777671924 47.34839679814627 51.017268427819275
 938647168 1 9243.965 9926.081 10545.969 178.01060632740342 189.1274447589134 203.0832371174058 44.502651581850856 47.28186118972835 50.77080927935145
 1032511872 1 10248.899 10924.816 12009.859 171.94404563783803 189.02137518837844 201.48737381449462 42.98601140945951 47.25534379709461 50.371843453623654
 
META_DATA
 FLOPS          4
 MPI_PROCS      1
 OPENMP_THREADS 8
 ERT_VERSION  1.1.0
 HOSTNAME  ('c3cpu-c11-u13-2.rc.int.colorado.edu', [], ['10.225.64.253'])
 UNAME  uname_result(system='Linux', node='c3cpu-c11-u13-2.rc.int.colorado.edu', release='4.18.0-305.34.2.el8_4.x86_64', version='#1 SMP Mon Jan 17 09:42:23 EST 2022', machine='x86_64', processor='x86_64')
 TIMESTAMP_DATA  1728533487.5269578
 CONFIG  {'nux': ['workstation,', 'MPI', 'and', 'OpenMP', '(8-core', 'Intel', 'Xeon', 'CPU', 'E5530,', '2.40', 'GHz)'], 'ERT_RESULTS': ['Results.alpine'], 'ERT_DRIVER': ['driver1'], 'ERT_KERNEL': ['kernel1'], 'ERT_MPI': ['True'], 'ERT_MPI_CFLAGS': ['-I/usr/include/mpi'], 'ERT_MPI_LDFLAGS': ['-lmpi'], 'ERT_OPENMP': ['True'], 'ERT_OPENMP_CFLAGS': ['-qopenmp'], 'ERT_OPENMP_LDFLAGS': ['-qopenmp'], 'ERT_FLOPS': ['1,2,4,8,16'], 'ERT_ALIGN': ['32'], 'ERT_CC': ['icpc'], 'ERT_CFLAGS': ['-O3', '-fno-alias', '-fno-fnalias', '-DERT_INTEL'], 'ERT_LD': ['icpc'], 'ERT_LDFLAGS': [], 'ERT_LDLIBS': [], 'ERT_PRECISION': ['FP64'], 'ERT_RUN': ['export', 'OMP_NUM_THREADS=ERT_OPENMP_THREADS;', 'mpirun', '-np', 'ERT_MPI_PROCS', 'ERT_CODE'], 'ERT_PROCS_THREADS': ['1-8'], 'ERT_MPI_PROCS': ['1,2,4,8'], 'ERT_OPENMP_THREADS': ['1,2,4,8'], 'ERT_NUM_EXPERIMENTS': ['3'], 'ERT_MEMORY_MAX': ['1073741824'], 'ERT_WORKING_SET_MIN': ['1'], 'ERT_TRIALS_MIN': ['1'], 'ERT_GNUPLOT': ['gnuplot'], 'ERT_GPU': [False], 'ERT_HIP': [False], 'ERT_OCL': [False], 'ERT_SYCL': [False], 'ERT_WSS_MULT': [1.1]}
 TIMESTAMP_DATA  1728533492.4995463
 TIMESTAMP_DATA  1728533497.8114374
 