fp64
 64 16777216 65341.949 65346.003 65367.937 32.85224754760121 32.86327471322156 32.865313644072664 4.106530943450151 4.107909339152695 4.108164205509083
 128 8388608 35364.151 35387.993 35393.953 60.673744127987064 60.68396272148014 60.72487497296345 7.584218015998383 7.585495340185018 7.590609371620431
 192 4194304 17697.096 17698.05 17702.818 90.9805848989692 91.0050958156407 91.01000164094718 11.37257311237115 11.375636976955088 11.376250205118398
 256 4194304 17816.067 17835.855 18064.976 118.8755328542922 120.40261865775429 120.53634778091036 14.859441606786525 15.050327332219286 15.067043472613795
 320 2097152 8938.074 8964.062 9034.872 148.5552069802428 149.72869219333825 150.16403757677548 18.56940087253035 18.71608652416728 18.770504697096936
 384 2097152 8882.046 8888.006 8898.973 180.98860801128401 181.21193167511365 181.3335278831026 22.623576001410502 22.651491459389206 22.666690985387824
 448 2097152 8862.019 8871.078 8877.039 211.67510833285735 211.81734531023176 212.03387083688264 26.45938854160717 26.47716816377897 26.50423385461033
 512 2097152 8844.852 8848.906 8856.058 242.4875320373918 242.68351907004097 242.79475202072348 30.310941504673973 30.33543988375512 30.349344002590435
 576 1048576 4427.91 4431.963 4435.062 272.3658771850314 272.5563259440568 272.8058049960365 34.04573464812893 34.0695407430071 34.10072562450456
 640 1048576 4430.056 4434.109 4441.023 302.22254647183763 302.6937948525848 302.97072542649573 37.777818308979704 37.8367243565731 37.87134067831197
 704 1048576 4431.009 4435.062 4442.93 332.3021087435543 332.891627670594 333.19612034189055 41.53776359294429 41.61145345882425 41.64951504273632
 768 1048576 4452.944 4456.043 4467.01 360.5572264221481 361.4446126305334 361.6961578676938 45.069653302768515 45.18057657881668 45.21201973346172
 832 1048576 4433.87 4436.97 4442.93 392.72067396965514 393.24819955960936 393.5231443411738 49.09008424620689 49.15602494495117 49.190393042646726
 896 1048576 4477.024 4478.931 4488.945 418.5946123198213 419.53050672135834 419.70920683025145 52.32432653997766 52.44131334016979 52.46365085378143
 960 1048576 4606.009 4645.824 4647.017 433.23833762605125 433.349588791999 437.09552456367317 54.154792203256406 54.168698598999875 54.636940570459146
 1024 1048576 4517.794 4518.032 4518.032 475.31395262362025 475.31395262362025 475.3389924374596 59.41424407795253 59.41424407795253 59.41737405468245
 1088 524288 2382.994 2382.994 2382.994 478.7467731769362 478.7467731769362 478.7467731769362 59.84334664711702 59.84334664711702 59.84334664711702
 1152 524288 2369.881 2395.868 2433.062 496.4770942951721 504.18451767793556 509.7131678763617 62.05963678689651 63.023064709741945 63.71414598454521
 1216 524288 2498.15 2501.965 2504.11 509.19025761647856 509.626799735408 510.4050661489502 63.64878220205982 63.703349966926 63.800633268618775
 1280 524288 2578.974 2581.12 2582.073 519.8060937858845 519.9980163649889 520.4307139195664 64.97576172323556 64.99975204562361 65.0538392399458
 1408 524288 2733.946 2738.953 2748.013 537.2591061250438 539.0362696986767 540.0234708366587 67.15738826563047 67.37953371233459 67.50293385458234
 1536 524288 2894.878 2895.832 2897.024 555.9542261299872 556.1830713936444 556.3663601713095 69.4942782662484 69.52288392420554 69.54579502141368
 1664 524288 3064.156 3066.063 3141.165 555.4724008449094 569.0784775133453 569.4326476850396 69.43405010561368 71.13480968916816 71.17908096062995
 1792 524288 3232.956 3234.863 3237.963 580.3179937510095 580.8741180074705 581.2167539552038 72.53974921887618 72.60926475093382 72.65209424440047
 1920 524288 3403.902 3404.14 3418.207 588.9830311622438 591.4168982474281 591.4582499731191 73.62287889528048 73.92711228092851 73.93228124663989
 2112 262144 1873.016 1873.97 1884.937 587.4447029264107 590.8825947053581 591.1835542248436 73.43058786580134 73.86032433816976 73.89794427810546
 2304 262144 1958.847 1961.946 1968.145 613.7553645691754 615.6945970990026 616.6686586548107 76.71942057114693 76.96182463737533 77.08358233185133
 2496 262144 2127.886 2128.124 2129.078 614.6429806705062 614.918514146732 614.9872916124266 76.83037258381327 76.8648142683415 76.87341145155332
 2688 262144 2297.163 2297.878 2297.878 613.2989410229785 613.2989410229785 613.4898324585587 76.66236762787231 76.66236762787231 76.68622905731984
 2944 262144 2468.109 2472.878 2473.116 624.1130104693835 624.1730776851912 625.3791352002687 78.01412630867294 78.0216347106489 78.17239190003359
 3200 262144 2725.124 2725.124 2726.793 615.2728131545006 615.6496364936055 615.6496364936055 76.90910164431257 76.95620456170069 76.95620456170069
 3520 262144 2895.117 2898.932 2900.124 636.3499491745871 636.6116073091746 637.4504933652078 79.54374364682339 79.57645091364682 79.68131167065097
 3840 262144 3150.225 3150.94 3152.847 638.5549060896388 638.9413698769256 639.0863890674475 79.81936326120486 79.8676712346157 79.88579863343094
 4224 131072 2057.076 2171.04 2211.094 500.7911269263088 510.0303338492151 538.2865076448318 62.5988908657886 63.753791731151885 67.28581345560397
 4608 131072 2078.056 2207.041 2340.794 516.0469276664243 547.3208481401115 581.2930700616345 64.50586595830303 68.41510601751393 72.66163375770431
 5056 131072 2221.107 2253.056 2302.17 575.7177202378625 588.2676968526304 596.7294974983196 71.96471502973282 73.5334621065788 74.59118718728995
 5504 131072 2318.144 2318.859 2319.098 622.155931314675 622.2200556394331 622.4119709560753 77.76949141433437 77.77750695492914 77.80149636950941
 6016 131072 2488.852 2490.997 2494.097 632.3163469584382 633.103253034829 633.6488887246007 79.03954336980478 79.13790662935362 79.20611109057509
 6592 131072 2766.848 2768.04 2768.993 624.0728120294995 624.2876721434661 624.5566247224277 78.00910150368743 78.03595901793327 78.06957809030347
 7232 131072 3066.063 3066.063 3067.017 618.1333223780631 618.3256534520002 618.3256534520002 77.26666529725789 77.29070668150003 77.29070668150003
 7936 131072 3321.171 3322.124 3323.078 626.0385052652991 626.2182820388402 626.3979734858578 78.25481315816239 78.27728525485503 78.29974668573223
 8704 65536 1831.055 1831.055 1832.962 622.4082594183621 623.0564827380936 623.0564827380936 77.80103242729527 77.8820603422617 77.8820603422617
 9536 65536 2016.068 2017.021 2017.975 619.3845771131952 619.6775303777205 619.9704533775646 77.4230721391494 77.45969129721506 77.49630667219557
 10432 65536 2212.048 2213.001 2213.001 617.8682720884445 617.8682720884445 618.1344636282757 77.23353401105557 77.23353401105557 77.26680795353447
 11456 65536 2424.955 2424.955 2426.147 618.9076061755533 619.2118336216548 619.2118336216548 77.36345077194416 77.40147920270685 77.40147920270685
 12544 65536 2660.99 2661.228 2662.182 617.6013390519506 617.8227374730764 617.8779957835243 77.20016738149383 77.22784218413454 77.23474947294054
 13760 65536 2904.892 2906.799 2908.23 620.1540868500772 620.4593850486394 620.8667034781329 77.51926085625965 77.55742313107993 77.60833793476661
 15104 65536 3181.934 3182.173 3184.08 621.7530614808674 622.1256631867595 622.172392010645 77.71913268510842 77.76570789834494 77.77154900133063
 16576 32768 1760.006 1760.006 1760.006 617.2278594504791 617.2278594504791 617.2278594504791 77.15348243130988 77.15348243130988 77.15348243130988
 18176 32768 1921.177 1921.892 1926.899 618.1861820469054 619.7967086600079 620.0273769673487 77.27327275586318 77.47458858250099 77.50342212091859
 19968 32768 2116.919 2118.111 2119.064 617.5475813849888 617.8254340778175 618.1733207553053 77.1934476731236 77.22817925972718 77.27166509441317
 21952 32768 2322.912 2325.058 2325.058 618.7571544451794 618.7571544451794 619.3287873152319 77.34464430564742 77.34464430564742 77.41609841440399
 24128 32768 2553.94 2554.893 2554.893 618.9114800502409 618.9114800502409 619.1424262120488 77.36393500628012 77.36393500628012 77.3928032765061
 26496 32768 2804.041 2804.995 2810.001 617.9506185229114 619.0534585623147 619.2640749546814 77.24382731536393 77.38168232028934 77.40800936933518
 29120 32768 3090.858 3090.858 3091.097 617.3886875759641 617.4364270374116 617.4364270374116 77.17358594699552 77.17955337967645 77.17955337967645
 32000 32768 3401.995 3403.902 3404.856 615.9297192010469 616.1023437219991 616.447702010144 76.99121490013086 77.01279296524989 77.055962751268
 35200 16384 1871.109 1871.109 1871.109 616.4438309045598 616.4438309045598 616.4438309045598 77.05547886306998 77.05547886306998 77.05547886306998
 38720 16384 2053.022 2053.022 2104.998 602.7449717291894 618.004561081177 618.004561081177 75.34312146614867 77.25057013514713 77.25057013514713
 42560 16384 2259.97 2264.023 2275.944 612.7594000555374 615.9858269991073 617.0905277503684 76.59492500694218 76.99822837488841 77.13631596879605
 46784 16384 2480.984 2485.037 2491.951 615.187903774994 616.8995117577726 617.9072948475282 76.89848797187425 77.11243896972158 77.23841185594102
 51456 16384 2738.953 3026.009 3117.085 540.9253222161091 557.2059461819182 615.6039216445116 67.61566527701363 69.65074327273977 76.95049020556395
 56576 16384 3011.942 3300.19 3304.958 560.9397662542157 561.7501925646706 615.5106466193572 70.11747078177696 70.21877407058382 76.93883082741965
 62208 16384 3302.813 3593.206 3595.114 567.000585795054 567.3016643075848 617.1804894797253 70.87507322438175 70.9127080384481 77.14756118496567
 68416 8192 1817.942 1960.039 1962.185 571.2650662399316 571.8905307496433 616.5915876304085 71.40813327999145 71.48631634370541 77.07394845380107
 75200 8192 1999.855 2000.093 2001.047 615.716072635975 616.009755546367 616.0830660222866 76.96450907949688 77.00121944329588 77.01038325278583
 82688 8192 2197.981 2343.178 2344.131 577.9370658039163 578.1721200864808 616.3657429249843 72.24213322548954 72.2715150108101 77.04571786562303
 90944 8192 2416.849 2560.139 2561.808 581.630823231093 582.0099986758531 616.5161729177123 72.70385290388663 72.75124983448164 77.06452161471404
 100032 8192 2660.99 2662.182 2662.897 615.4666470389203 615.6319470269125 615.9077215622757 76.93333087986504 76.95399337836406 76.98846519528446
 110016 8192 2924.204 2925.873 2927.065 615.805301214698 616.0561801554613 616.4077964464859 76.97566265183725 77.00702251943267 77.05097455581074
 120960 8192 3219.843 3363.848 3371.954 587.7329999163688 589.1492837964141 615.4985320712842 73.4666249895461 73.64366047455177 76.93731650891053
 133056 4096 1783.848 1783.848 1784.086 610.9541535553778 611.0356667159982 611.0356667159982 76.36926919442223 76.37945833949978 76.37945833949978
 146304 4096 1969.099 2036.095 2036.095 588.637744309573 588.637744309573 608.6653682724942 73.57971803869663 73.57971803869663 76.08317103406178
 160896 4096 2154.112 2154.827 2155.066 611.6100537060119 611.6778896867359 611.8809198407511 76.45125671325148 76.45973621084198 76.48511498009388
 176960 4096 2367.02 2434.969 2443.075 593.3736459175425 595.3489839090355 612.4394048212521 74.17170573969281 74.41862298862944 76.55492560265651
 194624 4096 2605.915 2608.061 2608.061 611.3199836967003 611.3199836967003 611.8234125057802 76.41499796208754 76.41499796208754 76.47792656322252
 214080 4096 2866.03 2867.937 2870.083 611.0427329105116 611.4999597271488 611.9068397748802 76.38034161381395 76.4374949658936 76.48835497186002
 235456 4096 3144.026 3147.125 3149.033 612.5231307515672 612.8944836954363 613.4986008385426 76.5653913439459 76.61181046192954 76.68732510481783
 258944 4096 3458.977 3529.787 3530.025 600.9218767572468 600.9623946147459 613.26491850047 75.11523459465585 75.12029932684324 76.65811481255875
 284800 2048 1909.018 1911.163 1913.071 609.7739184797637 610.3826832143569 611.0685179500665 76.22173980997046 76.29783540179461 76.38356474375831
 313280 2048 2098.083 2099.991 2102.852 610.216448898924 611.0477997286655 611.6034875646005 76.2770561123655 76.38097496608319 76.45043594557507
 344576 2048 2315.998 2315.998 2328.873 606.0370385160547 609.4060944784926 609.4060944784926 75.75462981450684 76.17576180981158 76.17576180981158
 379008 2048 2541.065 2543.926 2545.834 609.7871141637672 610.2444678029158 610.9315456314578 76.2233892704709 76.28055847536447 76.36644320393222
 416896 2048 2798.08 2800.941 2802.134 609.394845499894 609.6544040020835 610.2777676120768 76.17435568748675 76.20680050026044 76.2847209515096
 458560 2048 3078.938 3082.991 3087.044 608.4337508632855 609.2336176135448 610.0355901937615 76.05421885791068 76.1542022016931 76.2544487742202
 504384 2048 3392.935 3395.081 3396.988 608.1731416183984 608.5147494271858 608.8996293769259 76.0216427022998 76.06434367839823 76.11245367211573
 554816 1024 1863.003 1864.91 1867.056 608.5854778860408 609.2857928800853 609.9094676712813 76.0731847357551 76.16072411001066 76.23868345891016
 610240 1024 2049.923 2061.129 2078.056 601.4137828816932 606.3528871797931 609.6675436101746 75.17672286021165 75.79411089747414 76.20844295127182
 671232 1024 2255.917 2262.115 2279.997 602.9319933315702 607.6981656547082 609.3677808181773 75.36649916644627 75.96227070683852 76.17097260227216
 738304 1024 2476.931 2481.937 2502.203 604.2861398535609 609.2203758596612 610.4516403565541 75.53576748169512 76.15254698245765 76.30645504456926
 812096 1024 2729.893 2733.946 2748.013 605.2273435387679 608.3414259096559 609.2446143493536 75.65341794234598 76.04267823870698 76.1555767936692
 893248 1024 3001.928 3006.935 3023.863 604.9784345388664 608.3842530683237 609.3989942463644 75.6223043173583 76.04803163354046 76.17487428079555
 982528 1024 3298.998 3301.859 3319.025 606.2676069026296 609.419525182632 609.9480339181777 75.7834508628287 76.177440647829 76.24350423977221
 1080768 512 1818.18 1822.948 1994.133 554.9812535071633 607.0970932796766 608.6891462891463 69.37265668839541 75.88713665995958 76.08614328614328
 1188800 512 1998.901 2005.1 2229.929 545.9058113509443 607.1174505012219 609.0002456349764 68.23822641886804 75.88968131265274 76.12503070437205
 1307648 512 2192.02 2211.094 2346.992 570.5309400287688 605.5968457243337 610.8664847948468 71.3163675035961 75.69960571554171 76.35831059935585
 1438400 512 2419.949 2425.194 2532.005 581.7214420982581 607.3417631744101 608.658116348733 72.71518026228226 75.91772039680126 76.08226454359162
 1582208 512 2653.837 2665.043 3012.18 537.8765518660904 607.9380302681795 610.5050882929132 67.2345689832613 75.99225378352244 76.31313603661415
 1740416 512 2927.065 2987.862 3421.068 520.9443320039239 596.4753338674946 608.8645055712805 65.11804150049049 74.55941673343682 76.10806319641006
 1914432 512 3213.882 3278.017 3355.98 584.1448304221121 598.0378893703114 609.972104763025 73.01810380276402 74.75473617128893 76.24651309537812
 2105856 256 1769.066 1800.06 2102.137 512.9058058537574 598.9790740308657 609.473175110482 64.11322573171968 74.87238425385821 76.18414688881025
 2316416 256 1943.111 1983.881 2042.055 580.7899356285702 597.8206313785957 610.3639946456996 72.59874195357128 74.72757892232447 76.29549933071245
 2548032 256 2142.906 2182.961 2182.961 597.6251449292956 597.6251449292956 608.7958986535107 74.70314311616195 74.70314311616195 76.09948733168883
 2802816 256 2362.967 2388.954 2388.954 600.6987962095545 600.6987962095545 607.3050499647265 75.08734952619432 75.08734952619432 75.91313124559082
 3083072 256 2629.042 2637.148 2692.938 586.1749746930675 598.5757583571343 600.421318487875 73.27187183663344 74.82196979464179 75.05266481098438
 3391360 256 2889.872 2893.925 3249.884 534.2887069200008 600.0073671570617 600.8488680467509 66.7860883650001 75.00092089463271 75.10610850584386
 3730496 256 3178.835 3194.094 3302.813 578.2991504514484 597.9830123972556 600.8534422201844 72.28739380643106 74.74787654965695 75.10668027752305
 4103488 256 3495.932 3523.827 3743.172 561.2848824472934 596.22275894929 600.9801838250859 70.16061030591167 74.52784486866125 75.12252297813573
 4513792 128 1929.045 1957.178 2282.858 506.1772357281968 590.4065710936869 599.0170016769956 63.2721544660246 73.80082138671087 74.87712520962445
 4965120 128 2115.965 2161.026 2243.042 566.672723916895 588.1792815079503 600.7049833054895 70.83409048961188 73.5224101884938 75.08812291318618
 5461632 128 2330.065 2350.807 2661.943 525.247081549079 594.7650283498391 600.0595657202696 65.65588519363487 74.34562854372989 75.0074457150337
 6007744 128 2567.053 2578.02 2716.064 566.2541324504872 596.5750707907619 599.123767214779 70.7817665563109 74.57188384884523 74.89047090184738
 6608512 128 2815.962 2820.015 2902.985 582.7722402974869 599.9184656819202 600.7819253242765 72.84653003718586 74.98980821024003 75.09774066553456
 7269312 128 3091.097 3104.925 3186.941 583.9279334007125 599.3522780743496 602.0334761413181 72.99099167508906 74.9190347592937 75.25418451766477
 7996224 128 3396.034 3412.962 3622.055 565.1579956682049 599.7820497268941 602.7717461014819 70.64474945852561 74.97275621586176 75.34646826268524
 8795840 64 1867.056 1878.977 2017.975 557.9194588634646 599.1917516818992 603.0175420555141 69.73993235793307 74.8989689602374 75.37719275693927
 9675392 64 2053.976 2063.036 2140.999 578.445004411492 600.3046849400592 602.9526031462879 72.3056255514365 75.0380856175074 75.36907539328598
 10642880 64 2260.923 2262.831 2408.981 565.5041031871982 602.0284502024234 602.5365038968599 70.68801289839978 75.25355627530293 75.31706298710749
 11707136 64 2487.183 2492.905 2593.04 577.8983000647888 601.1113171179808 602.4942306215505 72.2372875080986 75.1389146397476 75.31177882769381
 12877824 64 2734.9 2739.906 2870.083 574.3253668970548 601.6124173603037 602.7136173169037 71.79067086213185 75.20155217003796 75.33920216461296
 14165568 64 3006.935 3011.942 3139.973 577.4548711087643 602.0012018823735 603.0036246210842 72.18185888859554 75.25015023529669 75.37545307763553
 15582080 64 3304.958 3309.965 3564.835 559.4946862898282 602.5762326791975 603.489133598672 69.93683578622853 75.32202908489968 75.436141699834
 17140288 32 1826.048 1827.002 1846.075 594.2220288991509 600.4254138747523 600.7390999579419 74.27775361239387 75.05317673434404 75.09238749474274
 18854272 32 2021.79 2022.028 2156.019 559.6766113842225 596.7639458998589 596.8341954406739 69.95957642302781 74.59549323748236 74.60427443008423
 20739648 32 2213.001 2215.862 2227.068 596.0022199591571 599.0163069721851 599.7907239987691 74.50027749489463 74.87703837152314 74.97384049984613
 22813568 32 2428.055 2430.201 2550.125 572.5477582471448 600.8014777378497 601.3324871141717 71.5684697808931 75.10018471723122 75.16656088927147
 25094912 32 2671.003 2674.818 3020.048 531.8042521178472 600.4424854326537 601.3000988767141 66.4755315147309 75.05531067908171 75.16251235958926
 27604352 32 2942.085 2943.993 2945.9 599.7075691639227 600.0960355544324 600.4852096387425 74.96344614549034 75.01200444430405 75.06065120484281
 30364736 32 3235.102 3242.97 3582.954 542.3857252981758 599.247943705924 600.705357667239 67.79821566227197 74.9059929632405 75.08816970840488
 33401152 32 3557.92 3565.073 3671.885 582.1733872384348 599.6156959478811 600.8211899087107 72.77167340480435 74.95196199348514 75.10264873858884
 36741248 16 2140.045 2142.906 2349.138 500.48993971405685 548.6567940917613 549.3902866528507 62.561242464257106 68.58209926147016 68.67378583160634
 40415360 16 2310.038 2340.078 2426.863 532.9066865331912 552.6702614186365 559.8572491015299 66.6133358166489 69.08378267732957 69.98215613769123
 44456896 16 2583.981 2605.915 2649.069 537.0266580447698 545.9198293113935 550.553843855663 67.12833225559622 68.23997866392419 68.81923048195787
 48902528 16 2866.983 3098.011 3115.892 502.2256535207254 505.12438335435223 545.8284531160457 62.77820669009068 63.14054791929403 68.22855663950571
 53792768 16 3143.072 3157.854 3283.024 524.3240914473973 545.1070809480109 547.6707425092393 65.54051143092467 68.13838511850136 68.45884281365491
 59172032 16 3479.958 3650.904 3708.124 510.6369215268961 518.6400475060424 544.1172060122565 63.829615190862015 64.8300059382553 68.01465075153206
 65089216 16 3880.024 4182.1 4368.067 476.8367591431176 498.040437100978 536.8149557837787 59.6045948928897 62.25505463762225 67.10186947297234
 71598080 8 2845.049 3073.931 3237.963 353.7931965250992 372.6724119702101 402.65362037701277 44.2241495656374 46.58405149627626 50.331702547126596
 78757888 8 2825.022 2874.851 3010.988 418.5092096016324 438.32748479834254 446.0589007802417 52.31365120020405 54.79093559979282 55.75736259753021
 86633664 8 3175.02 3304.005 3497.839 396.2842840965522 419.5328469539241 436.5763440860215 49.535535512069025 52.44160586924051 54.57204301075269
 95297024 8 3648.996 4253.149 4319.191 353.0180499079573 358.4996396787415 417.85531801076235 44.12725623849466 44.81245495984269 52.23191475134529
 104826688 8 4164.934 4654.169 4806.042 348.98301096827703 360.37088640313664 402.7019414953514 43.62287637103463 45.04636080039208 50.33774268691892
 115309312 8 4302.025 5505.085 6065.13 304.1895214117422 335.13542334042074 428.85594388689054 38.023690176467774 41.89192791755259 53.60699298586132
 126840192 8 4817.963 5641.937 5676.031 357.5461571651036 359.70679431549837 421.22429582792563 44.69326964563795 44.963349289437296 52.653036978490704
 139524160 4 3443.956 3749.132 3914.118 285.17108579761776 297.72045369434846 324.10207331336403 35.64638572470222 37.21505671179356 40.512759164170504
 153476544 4 3532.171 3834.963 3872.156 317.0875223002379 320.16276349993467 347.6084119370212 39.635940287529735 40.020345437491834 43.45105149212765
 168824192 4 4219.055 4772.902 4855.871 278.136205842371 282.9711433421428 320.1175467018088 34.767025730296375 35.37139291776785 40.0146933377261
 185706560 4 5239.964 6080.866 7004.023 212.11416353144472 244.31593789437227 283.52341351963486 26.51427044143059 30.539492236796534 35.44042668995436
 204277184 4 7134.914 7222.176 7390.976 221.1098333968342 226.27771353121275 229.04515345244525 27.638729174604276 28.284714191401594 28.630644181555656
 224704896 4 7925.987 8121.967 8280.993 217.08014582309147 221.3305185800435 226.80319410062114 27.135018227886434 27.666314822505438 28.350399262577643
 247175360 4 7841.825 8393.049 9021.997 219.1757412466442 235.6000638147114 252.16105689683206 27.396967655830526 29.450007976838926 31.520132112104008
 271892864 2 6129.026 6229.877 6350.04 171.27001656682478 174.57350377864603 177.44605031859876 21.408752070853097 21.821687972330754 22.180756289824846
 299082112 2 5771.875 5928.993 6494.045 184.21930368514538 201.77599265170323 207.26859954520845 23.027412960643172 25.221999081462904 25.908574943151056
 328990272 2 5778.074 5861.044 6124.02 214.88517150499177 224.5267375573362 227.75081939068278 26.860646438123972 28.065842194667024 28.468852423835347
 361889280 2 6009.102 6520.987 6668.091 217.08718732242855 221.984359116189 240.89408367506493 27.13589841530357 27.748044889523626 30.111760459383117
 398078208 2 6901.979 7245.064 7709.98 206.52619487988295 219.77898773565008 230.70380712546358 25.81577435998537 27.47237346695626 28.837975890682948
 437886016 2 7904.053 8213.043 8327.961 210.3208773432056 213.26371528798765 221.60074888161807 26.2901096679007 26.657964410998456 27.70009361020226
 481674560 2 9191.99 9769.201 10401.964 185.2244672256124 197.22168066764107 209.60621584662297 23.15305840320155 24.652710083455133 26.20077698082787
 529841984 2 10515.928 10553.837 11393.07 186.02255019937562 200.81492029865538 201.5388405093683 23.252818774921952 25.101865037331923 25.192355063671037
 582826176 1 5827.904 5867.004 5903.006 197.46758719201705 198.67931775741076 200.01227748432368 24.68344839900213 24.834914719676345 25.00153468554046
 641108736 1 6508.112 6508.112 6555.796 195.58532205700115 197.01834756377886 197.01834756377886 24.448165257125144 24.627293445472358 24.627293445472358
 705219584 1 7263.184 7287.025 7505.178 187.9288096831281 193.5548688250692 194.19020198304213 23.49110121039101 24.19435860313365 24.273775247880266
 775741504 1 8119.822 8130.074 8529.902 181.88755369053476 190.83258135165806 191.07352451814828 22.735944211316845 23.854072668957258 23.884190564768534
 853315648 1 9064.913 9087.801 9480.953 180.006302741929 187.7936473300857 188.2678075343911 22.500787842741126 23.47420591626071 23.533475941798887
 938647168 1 10106.087 10128.975 10678.053 175.80867373480916 185.3390235438433 185.75877448907772 21.976084216851145 23.167377942980412 23.219846811134715
 1032511872 1 11286.02 11302.948 11500.12 179.5654083609562 182.69780096307616 182.9718309909073 22.445676045119527 22.83722512038452 22.871478873863413
 
META_DATA
 FLOPS          2
 MPI_PROCS      2
 OPENMP_THREADS 4
 ERT_VERSION  1.1.0
 HOSTNAME  ('c3cpu-a7-u1-3.rc.int.colorado.edu', [], ['10.225.64.156'])
 UNAME  uname_result(system='Linux', node='c3cpu-a7-u1-3.rc.int.colorado.edu', release='4.18.0-305.34.2.el8_4.x86_64', version='#1 SMP Mon Jan 17 09:42:23 EST 2022', machine='x86_64', processor='x86_64')
 TIMESTAMP_DATA  1728533298.5949416
 CONFIG  {'nux': ['workstation,', 'MPI', 'and', 'OpenMP', '(8-core', 'Intel', 'Xeon', 'CPU', 'E5530,', '2.40', 'GHz)'], 'ERT_RESULTS': ['Results.alpine'], 'ERT_DRIVER': ['driver1'], 'ERT_KERNEL': ['kernel1'], 'ERT_MPI': ['True'], 'ERT_MPI_CFLAGS': ['-I/usr/include/mpi'], 'ERT_MPI_LDFLAGS': ['-lmpi'], 'ERT_OPENMP': ['True'], 'ERT_OPENMP_CFLAGS': ['-qopenmp'], 'ERT_OPENMP_LDFLAGS': ['-qopenmp'], 'ERT_FLOPS': ['1,2,4,8,16'], 'ERT_ALIGN': ['32'], 'ERT_CC': ['icpc'], 'ERT_CFLAGS': ['-O3', '-fno-alias', '-fno-fnalias', '-DERT_INTEL'], 'ERT_LD': ['icpc'], 'ERT_LDFLAGS': [], 'ERT_LDLIBS': [], 'ERT_PRECISION': ['FP64'], 'ERT_RUN': ['export', 'OMP_NUM_THREADS=ERT_OPENMP_THREADS;', 'mpirun', '-np', 'ERT_MPI_PROCS', 'ERT_CODE'], 'ERT_PROCS_THREADS': ['1-8'], 'ERT_MPI_PROCS': ['1,2,4,8'], 'ERT_OPENMP_THREADS': ['1,2,4,8'], 'ERT_NUM_EXPERIMENTS': ['3'], 'ERT_MEMORY_MAX': ['1073741824'], 'ERT_WORKING_SET_MIN': ['1'], 'ERT_TRIALS_MIN': ['1'], 'ERT_GNUPLOT': ['gnuplot'], 'ERT_GPU': [False], 'ERT_HIP': [False], 'ERT_OCL': [False], 'ERT_SYCL': [False], 'ERT_WSS_MULT': [1.1]}
 TIMESTAMP_DATA  1728533302.897854
 TIMESTAMP_DATA  1728533307.1682005
 