fp64
 8 134217728 406098.127 406106.949 406445.026 5.283577139900834 5.28797562634172 5.288090501338363 0.33022357124380214 0.3304984766463575 0.3305056563336477
 16 67108864 219493.866 219516.039 219762.087 9.771856817140621 9.782809756329469 9.78379800372189 0.6107410510712888 0.6114256097705918 0.6114873752326181
 24 33554432 110430.002 111231.089 111294.031 14.47169018435499 14.479879235921173 14.584919920584625 0.9044806365221869 0.9049924522450733 0.911557495036539
 32 33554432 110525.131 110590.219 110644.817 19.408804734161205 19.418386792416065 19.42982223653732 1.2130502958850753 1.213649174526004 1.2143638897835825
 40 16777216 55256.128 55408.001 55575.132 24.150680919660253 24.223528295128354 24.290107334339464 1.5094175574787658 1.513970518445522 1.5181317083962165
 48 16777216 55049.896 55083.99 55122.852 29.2186031303315 29.239216984826264 29.257325681414546 1.8261626956457186 1.8274510615516415 1.8285828550884091
 56 16777216 54934.978 54965.973 54983.139 34.174989390838526 34.18566231875855 34.204950295966256 2.135936836927408 2.1366038949224095 2.137809393497891
 64 16777216 54887.056 54890.871 54931.164 39.09408597276403 39.122783240222226 39.12550252285348 2.4433803732977517 2.445173952513889 2.4453439076783425
 72 8388608 27446.032 27446.032 27474.88 43.96596279947355 44.01217458319658 44.01217458319658 2.747872674967097 2.7507609114497864 2.7507609114497864
 80 8388608 27491.093 27507.067 27508.974 48.79052486653992 48.79390739841511 48.82225963151047 3.049407804158745 3.0496192124009442 3.0513912269694043
 88 8388608 27454.853 27469.873 27476.072 53.733845507465546 53.745971377443205 53.77537472154741 3.3583653442165966 3.3591232110902003 3.360960920096713
 96 8388608 27544.022 27546.167 27602.911 58.34937974476677 58.46957712846219 58.474130466494685 3.6468362340479232 3.654348570528887 3.654633154155918
 104 8388608 27480.125 27499.199 27501.106 63.44582883321129 63.45022864120515 63.494269549356126 3.9653643020757054 3.965639290075322 3.968391846834758
 112 8388608 27737.141 27744.77 27747.154 67.7203936663198 67.72621261592725 67.74484046499241 4.232524604144987 4.232888288495453 4.2340525290620254
 120 8388608 28004.169 28081.894 28290.033 71.16520224631763 71.69266859279506 71.89165013252132 4.447825140394852 4.480791787049691 4.4932281332825825
 128 8388608 27989.864 28002.977 28034.925 76.60029937658118 76.68769102656479 76.7236185213333 4.7875187110363235 4.7929806891602995 4.795226157583331
 136 4194304 14762.163 14772.177 14781.952 77.1786221467909 77.22969254971694 77.282081765389 4.823663884174431 4.826855784357309 4.830130110336812
 144 4194304 14430.046 14617.92 15001.059 80.52495173840727 82.63552899454915 83.71141380976886 5.032809483650454 5.164720562159322 5.2319633631105535
 152 4194304 15280.008 15521.049 15537.024 82.06645082095517 82.15091750564025 83.44684217442818 5.129153176309698 5.134432344102516 5.2154276359017615
 160 4194304 15704.87 15725.136 16381.025 81.93487770148694 85.3523479860524 85.46248902410527 5.120929856342934 5.334521749128275 5.341405564006579
 176 4194304 16916.99 16939.163 16980.886 86.94452150494386 87.15867531353231 87.27291368027052 5.4340325940589915 5.44741720709577 5.4545571050169075
 192 4194304 17941.952 17945.051 17947.197 89.74174273564834 89.75247470737196 89.76797708521347 5.6088589209780215 5.6095296692107475 5.610498567825842
 208 4194304 18986.94 18999.1 19004.107 91.81333613834106 91.83753251469808 91.89634896407743 5.738333508646316 5.73984578216863 5.7435218102548395
 224 4194304 20043.85 20056.009 20067.93 93.6343804268801 93.69003534053061 93.74686958842737 5.852148776680006 5.855627208783163 5.859179349276711
 240 4194304 21074.057 21119.118 21123.886 95.30755468004325 95.32907198113102 95.53290664441117 5.956722167502703 5.958066998820689 5.970806665275698
 264 2097152 11588.097 11608.124 11623.144 95.2665006989503 95.38976806243627 95.55462437016189 5.9541562936843935 5.961860503902267 5.972164023135118
 288 2097152 12140.036 12152.91 12211.084 98.92320386953361 99.39673312811499 99.50213920288209 6.1827002418458505 6.212295820507187 6.218883700180131
 312 2097152 13199.091 13201.952 13205.051 99.10017371383117 99.12343629184532 99.1449220253122 6.193760857114448 6.195214768240333 6.196557626582012
 336 2097152 14251.947 14256.001 14269.114 98.76479674911842 98.85564289733144 98.88376261853905 6.172799796819901 6.178477681083215 6.180235163658691
 368 2097152 15303.85 15314.102 15346.05 100.57988029492932 100.78970820489506 100.85722690695478 6.286242518433083 6.2993567628059415 6.303576681684674
 400 2097152 16628.027 16643.047 16664.982 100.6734720745573 100.8061564688245 100.8972140831862 6.292092004659831 6.300384779301531 6.3060758801991375
 440 2097152 17683.983 17688.99 17691.135 104.31743130104431 104.33008102780316 104.35962079357348 6.519839456315269 6.5206300642376975 6.522476299598343
 480 2097152 19243.002 19262.075 19263.983 104.50932810727666 104.51968025251692 104.62327655529005 6.531833006704791 6.5324800157823075 6.538954784705628
 528 1048576 11903.048 13036.966 13251.066 83.56280589048457 84.93511879988027 93.0262783112359 5.2226753681552855 5.308444924992517 5.814142394452244
 576 1048576 13166.189 13710.022 14425.993 83.73493263167394 88.10777634054854 91.747091888169 5.233433289479621 5.506736021284284 5.734193243010562
 632 1048576 14263.153 14703.989 14848.948 89.25885281570116 90.13880954345112 92.924759623626 5.578678300981323 5.633675596465695 5.807797476476625
 688 1048576 14098.167 14123.917 14126.062 102.14032587425993 102.15583793079499 102.34242338028767 6.383770367141246 6.384739870674687 6.396401461267979
 752 1048576 15172.958 15176.058 15177.011 103.91099433215143 103.91751955613242 103.9387510332527 6.4944371457594645 6.494844972258276 6.496171939578294
 824 1048576 16758.919 16762.972 16762.972 103.08752218878608 103.08752218878608 103.11245301680853 6.44297013679913 6.44297013679913 6.444528313550533
 904 1048576 18564.939 18607.855 18608.093 101.88176768033136 101.88307077844277 102.11859074786081 6.36761048002071 6.367691923652673 6.3824119217413005
 992 1048576 20153.999 20179.987 20198.107 102.9985029785217 103.09098732323267 103.22392017584203 6.437406436157606 6.443186707702042 6.451495010990127
 1088 524288 11131.048 11150.837 11157.036 102.25392191976435 102.31076716483255 102.49265729516213 6.390870119985272 6.394422947802035 6.405791080947633
 1192 524288 12269.02 12279.987 12296.915 101.64359044524582 101.78370644854918 101.87468860593592 6.352724402827864 6.361481653034324 6.367168037870995
 1304 524288 13398.886 13400.078 13401.031 102.0326797244182 102.03993618544608 102.04901392548604 6.377042482776138 6.37749601159038 6.378063370342877
 1432 524288 14719.009 14722.824 14727.116 101.9589193159068 101.98864239632287 102.0150766943617 6.372432457244175 6.37429014977018 6.375942293397606
 1568 524288 16165.018 16170.025 16187.906 101.56762511469982 101.67993976509003 101.7114344073109 6.347976569668739 6.354996235318127 6.3569646504569315
 1720 524288 17616.034 17618.895 17644.167 102.21795792343157 102.36457621207234 102.38120112620129 6.388622370214473 6.397786013254521 6.398825070387581
 1888 524288 19322.157 19331.217 19351.959 102.30031429892964 102.41008044139176 102.4580996831772 6.393769643683102 6.400630027586985 6.403631230198575
 2072 262144 10656.834 10662.079 10668.993 101.82073753352354 101.88676486077433 101.9369107185117 6.363796095845221 6.367922803798396 6.371056919906981
 2272 262144 11641.979 11646.032 11662.006 102.14214741443283 102.2822482369961 102.3178564400434 6.383884213402052 6.392640514812256 6.3948660275027125
 2496 262144 12835.026 12835.979 12862.921 101.73605575281073 101.94959402784937 101.95716377980068 6.3585034845506705 6.371849626740586 6.3723227362375425
 2744 262144 14090.061 14094.114 14102.936 102.01040918004591 102.07426107096906 102.10362268836168 6.3756505737528695 6.379641316935566 6.381476418022605
 3016 262144 15481.949 15483.856 15493.155 102.06136890775312 102.1226629852409 102.1352420163637 6.37883555673457 6.382666436577556 6.383452626022732
 3312 262144 16987.801 16993.999 17021.894 102.01225880034266 102.17970802516818 102.21698829648403 6.3757661750214165 6.386231751573011 6.388561768530252
 3640 262144 18708.944 18711.09 18723.011 101.92849430040927 101.99343384057262 102.00513294603908 6.370530893775579 6.374589615035789 6.375320809127443
 4000 262144 20614.862 20623.922 20633.936 101.63606206784783 101.68541172721658 101.7301013220462 6.3522538792404895 6.355338232951036 6.358131332627887
 4400 131072 11332.989 11335.85 11350.155 101.62271792764064 101.75095824309602 101.77664515513075 6.35141987047754 6.359434890193501 6.361040322195672
 4840 131072 12426.138 12440.92 12447.834 101.92752891788241 101.98417480379265 102.10549408030073 6.370470557367651 6.374010925237041 6.381593380018796
 5320 131072 13674.021 13677.12 13700.008 101.79600479065414 101.96635549004468 101.98946454740707 6.362250299415884 6.372897218127792 6.374341534212942
 5848 131072 15028.954 15033.96 15047.789 101.8766352983817 101.97034660195983 102.00431194346594 6.367289706148856 6.3731466626224895 6.375269496466621
 6432 131072 16573.906 16582.012 16591.072 101.62756258305672 101.6830893621353 101.73282073640337 6.351722661441045 6.355193085133457 6.3583012960252105
 7072 131072 18222.094 18231.153 18249.989 101.582656734752 101.68760955491955 101.73816291365854 6.348916045922 6.355475597182472 6.358635182103659
 7776 131072 20003.08 20011.902 20033.121 101.7530790134997 101.86096973690957 101.90589369237135 6.359567438343731 6.366310608556848 6.369118355773209
 8552 65536 10997.057 10998.011 10998.964 101.912120450617 101.92095134292919 101.92979303462735 6.369507528163562 6.370059458933074 6.3706120646642095
 9400 65536 12093.067 12103.796 12104.988 101.78257095339542 101.79259465377638 101.88290530433677 6.361410684587214 6.3620371658610235 6.367681581521048
 10336 65536 13302.088 13315.916 13322.115 101.69257599112454 101.7399172539088 101.84567956549378 6.355785999445284 6.3587448283693 6.365354972843361
 11368 65536 14602.184 14632.94 14636.04 101.80530362037818 101.82687115507888 102.04134504811061 6.362831476273636 6.36417944719243 6.377584065506913
 12504 65536 16093.969 16107.082 16107.082 101.7517814834493 101.7517814834493 101.83468652139196 6.359486342715582 6.359486342715582 6.364667907586997
 13752 65536 17701.149 17709.017 17719.03 101.72690852715978 101.7844267697072 101.82966902318034 6.357931782947486 6.3615266731067 6.3643543139487715
 15120 65536 19490.004 19500.017 19505.978 101.60006537483021 101.63112370619983 101.6833367504696 6.350004085926888 6.351945231637489 6.35520854690435
 16632 32768 10800.838 10802.031 10820.15 100.73748996086007 100.9064639788573 100.91760954103746 6.296093122553755 6.3066539986785815 6.3073505963148415
 18288 32768 11879.921 11883.974 11895.18 100.75697618699338 100.8519850346357 100.88639208964436 6.2973110116870865 6.3032490646647314 6.3053995056027725
 20112 32768 13030.052 13038.158 13041.019 101.07032525602484 101.09250340423854 101.15539308668913 6.316895328501553 6.318281462764909 6.322212067918071
 22120 32768 14338.97 14346.123 14374.018 100.85254658787821 101.04864708046907 101.09905523200064 6.303284161742388 6.315540442529317 6.31869095200004
 24328 32768 15763.044 15767.097 15800.953 100.90276251059035 101.11942661353577 101.14542647980936 6.306422656911897 6.319964163345985 6.321589154988085
 26760 32768 17339.945 17346.144 17350.912 101.0749959425764 101.10277880778575 101.13892287432286 6.317187246411025 6.31892367548661 6.321182679645179
 29432 32768 19047.022 19052.982 19073.963 101.125054714639 101.2364128617767 101.26809072830387 6.320315919664938 6.327275803861044 6.329255670518992
 32368 32768 20934.82 20938.873 20955.086 101.22932676105458 101.30770877687638 101.32732204050477 6.326832922565911 6.331731798554774 6.332957627531548
 35600 16384 11559.01 11564.97 11570.215 100.82274184187588 100.86846744954808 100.92047675363202 6.301421365117243 6.304279215596755 6.307529797102001
 39160 16384 12732.029 12743.95 12775.898 100.43872297665494 100.69051432248243 100.78479086090677 6.277420186040934 6.293157145155152 6.299049428806673
 43072 16384 14049.053 14063.12 14065.981 100.3401963929853 100.36060959445699 100.46109840997822 6.271262274561582 6.272538099653562 6.278818650623639
 47376 16384 15550.137 15568.018 15573.025 99.68626955906127 99.71833074704821 99.83299619803992 6.23039184744133 6.232395671690513 6.239562262377495
 52112 16384 17168.045 17179.012 17215.014 99.19283341854964 99.4007115193819 99.46420899991816 6.1995520886593525 6.212544469961369 6.216513062494885
 57320 16384 18994.093 19030.094 19059.181 98.54892295739255 98.69955240368229 98.88662543665549 6.159307684837034 6.168722025230143 6.180414089790968
 63048 16384 20838.976 20938.873 21008.015 98.3413646648672 98.66609649908091 99.1390778510422 6.1463352915542 6.166631031192557 6.196192365690138
 69352 8192 11522.055 11528.969 11548.042 98.39444366412938 98.557222939883 98.6163638344028 6.1496527290080865 6.159826433742688 6.163522739650175
 76280 8192 12627.125 12661.934 12707.949 98.34565121405505 98.70305120844888 98.97514438163873 6.146603200878441 6.168940700528055 6.1859465238524205
 83904 8192 13911.009 13939.142 13942.003 98.600117644502 98.62035525572522 98.8198006341596 6.162507352781375 6.163772203482826 6.176237539634975
 92288 8192 15224.218 15325.069 15357.018 98.45964835100148 98.66491250381972 99.31850634298588 6.153728021937592 6.166557031488733 6.207406646436618
 101512 8192 16884.804 16887.903 16897.202 98.42887644948554 98.48307442315367 98.5011497912561 6.151804778092846 6.155192151447104 6.156321861953506
 111656 8192 18540.144 18548.965 18571.854 98.50238452229918 98.62393421951036 98.67085735687921 6.156399032643699 6.1639958887193975 6.166928584804951
 122816 8192 20381.927 20421.028 20452.023 98.38720326101728 98.53653518324349 98.72556917704593 6.14920020381358 6.158533448952718 6.17034807356537
 135096 4096 11225.939 11238.098 11250.973 98.36539755272722 98.47809050962182 98.58475375645635 6.147837347045451 6.154880656851364 6.161547109778522
 148600 4096 12345.076 12370.11 12548.923 97.00682680099321 98.40908447863438 98.60864364058999 6.062926675062076 6.150567779914649 6.163040227536874
 163456 4096 13502.121 13574.123 13615.847 98.34361035343596 98.64589793388494 99.17194135647281 6.146475647089748 6.165368620867809 6.198246334779551
 179800 4096 14856.1 14889.002 14942.169 98.5748186893081 98.92681860073631 99.14591312659446 6.160926168081756 6.1829261625460195 6.196619570412154
 197776 4096 16432.047 16466.856 16469.002 98.37760612330972 98.39042692788473 98.59885332606463 6.148600382706857 6.149401682992796 6.162428332879039
 217552 4096 18069.983 18097.878 18106.222 98.42947822024936 98.47485898623032 98.62687662738809 6.151842388765585 6.154678686639395 6.164179789211755
 239304 4096 19875.05 19903.898 19912.958 98.44737120421789 98.4921831894436 98.63514144618505 6.152960700263618 6.155761449340225 6.164696340386565
 263232 2048 10926.962 10954.142 10957.003 98.40266284494037 98.42836362720148 98.67319681353335 6.150166427808773 6.151772726700092 6.1670748008458345
 289552 2048 11993.17 12046.099 12049.913 98.42436140410308 98.45552423236768 98.89003424449082 6.151522587756443 6.15347026452298 6.180627140280676
 318504 2048 13206.005 13250.113 13250.113 98.45896287827885 98.45896287827885 98.78781539155861 6.153685179892428 6.153685179892428 6.174238461972413
 350352 2048 14508.963 14515.162 14549.971 98.62849843480788 98.86502072798086 98.90726111852378 6.1642811521754926 6.179063795498804 6.181703819907736
 385384 2048 16027.927 16255.856 16306.877 96.80166619273574 97.10549010768797 98.48640214046395 6.050104137045984 6.069093131730498 6.155400133778997
 423920 2048 17735.958 17929.077 17966.032 96.64773612782166 96.84694421246559 97.90146774140986 6.040483507988854 6.052934013279099 6.118841733838116
 466312 2048 19608.021 19747.019 19764.9 96.63666155659779 96.72416641721972 97.40982794745068 6.039791347287362 6.0452604010762325 6.0881142467156675
 512936 2048 21394.014 21748.066 21822.214 96.27739220227608 96.60564097975424 98.20437885101879 6.017337012642255 6.03785256123464 6.137773678188674
 564224 1024 11771.917 11973.858 11976.004 96.48717151397076 96.50446430883012 98.1599472711199 6.030448219623173 6.031529019301883 6.134996704444994
 620640 1024 12955.904 13159.99 13206.005 96.24945015544066 96.58599436625711 98.10745124384991 6.015590634715041 6.0366246478910695 6.131715702740619
 682704 1024 14340.878 14451.981 14527.082 96.24629309588808 96.74644548730033 97.49596865687023 6.015393318493005 6.046652842956271 6.0934980410543895
 750968 1024 15884.161 15948.057 16048.193 95.83524226060841 96.43698063030499 96.82491029900791 5.989702641288026 6.027311289394062 6.051556893687994
 826064 1024 17481.804 17500.877 17605.066 96.0961505057692 96.66824536850353 96.77371236973026 6.006009406610575 6.041765335531471 6.048357023108141
 908664 1024 19119.978 19219.875 19296.169 96.44110558940481 96.82393210153552 97.32981240877997 6.027569099337801 6.05149575634597 6.083113275548748
 999528 1024 21059.99 21136.999 21218.061 96.4759854352384 96.84597818261712 97.20010997156218 6.0297490897024 6.05287363641357 6.0750068732226365
 1099480 512 11487.007 11555.91 11601.925 97.04144096777043 97.42785466484249 98.01226028677442 6.065090060485652 6.089240916552655 6.125766267923401
 1209424 512 12518.883 12605.906 12780.905 96.89847283897345 98.24364674780217 98.926571643812 6.05615455243584 6.140227921737636 6.18291072773825
 1330360 512 13773.918 13829.947 14050.961 96.95341407609061 98.50280988061631 98.90349572285824 6.059588379755663 6.1564256175385195 6.18146848267864
 1463392 512 15202.999 15237.808 15459.061 96.93430978763845 98.34179614285729 98.56696090028026 6.058394361727403 6.146362258928581 6.1604350562675165
 1609728 512 16730.07 16787.052 16970.158 97.13294784880613 98.19243259626526 98.52687239204617 6.070809240550383 6.137027037266579 6.157929524502886
 1770696 512 18408.06 18414.974 18659.83 97.17091227519221 98.4629521605624 98.49993448522005 6.073182017199513 6.15393451003515 6.156245905326253
 1947760 512 20244.837 20277.977 20477.057 97.4019967810804 98.35824549953874 98.51925406956846 6.087624798817525 6.147390343721171 6.157453379348029
 2142536 256 11143.923 11158.943 11290.073 97.16309469389613 98.30486919773675 98.43736644626851 6.072693418368508 6.144054324858547 6.152335402891782
 2356784 256 12194.157 12259.007 12441.158 96.99044156500544 98.43157834888258 98.9550493732367 6.06190259781284 6.151973646805161 6.184690585827294
 2592456 256 13469.934 13487.101 13656.139 97.1971266549059 98.41532824585505 98.54075543354556 6.074820415931619 6.150958015365941 6.158797214596597
 2851696 256 14827.013 14832.973 14997.959 97.3511363779565 98.43396546329586 98.47353286869041 6.084446023622281 6.152122841455991 6.154595804293151
 3136864 256 16307.831 16345.024 16540.051 97.10214122072539 98.26075311972623 98.48485479154155 6.068883826295337 6.1412970699828895 6.155303424471347
 3450544 256 17915.01 17939.091 18003.941 98.12732267896234 98.48205396806337 98.61443158558103 6.1329576674351465 6.1551283730039605 6.163401974098814
 3795592 256 19666.91 19721.985 19733.906 98.4773670250583 98.53689190008004 98.81283353612744 6.154835439066144 6.158555743755002 6.175802096007965
 4175144 256 21612.883 21616.936 21624.804 98.85286026176237 98.88884012054254 98.90738445213441 6.178303766360148 6.180552507533909 6.1817115282584005
 4592656 128 11897.087 11914.015 11925.936 98.58512874796577 98.6837716756274 98.82418578598273 6.1615705467478605 6.167735729726712 6.176511611623921
 5051920 128 13079.882 13100.863 13122.082 98.55840864277482 98.71804017796384 98.87639047508226 6.159900540173426 6.16987751112274 6.179774404692641
 5557112 128 14353.037 14405.966 14414.787 98.69175812309958 98.75218864184464 99.11635230927085 6.168234882693723 6.17201179011529 6.194772019329428
 6112816 128 15836.0 15867.949 15894.89 98.45182294435509 98.61897690747557 98.81793988380905 6.153238934022193 6.163686056717223 6.176121242738065
 6724096 128 17318.01 17456.055 17458.916 98.59538679262789 98.61154630871636 99.39759683704999 6.162211674539243 6.163221644294772 6.212349802315624
 7396504 128 19102.097 19142.151 19212.008 98.55841325904089 98.91809044866481 99.12550564474674 6.159900828690056 6.182380653041551 6.195344102796671
 8136152 128 21095.037 21095.991 21144.867 98.50404412569729 98.73226206818158 98.73672712685928 6.156502757856081 6.170766379261349 6.171045445428705
 8949760 64 11610.985 11636.019 11638.88 98.42607536120315 98.45027582027838 98.66254068883904 6.151629710075197 6.153142238767399 6.16640879305244
 9844736 64 12769.938 12773.991 12773.991 98.64780772117344 98.64780772117344 98.67911715781236 6.16548798257334 6.16548798257334 6.167444822363272
 10829208 64 14008.999 14034.033 14061.928 98.57386725348046 98.76979938696168 98.94630044587768 6.160866703342529 6.173112461685105 6.184143777867355
 11912128 64 15411.139 15427.828 15539.885 98.11864013150677 98.83130561217042 98.93833181311258 6.132415008219173 6.176956600760652 6.1836457383195365
 13103336 64 16876.221 16963.959 17000.914 98.6551080724248 98.87002249887543 99.38403911634009 6.16594425452655 6.179376406179714 6.211502444771256
 14413664 64 18607.14 18692.017 18713.951 98.58682391548423 98.70250984685067 99.15274416164978 6.1616764947177645 6.168906865428167 6.197046510103111
 15855024 64 20542.86 20663.023 20714.998 97.96974501276804 98.21617446779203 98.79067822104614 6.123109063298003 6.138510904237002 6.1744173888153835
 17440520 32 11303.902 11335.85 11341.095 98.42023896281621 98.4657771583075 98.74406908340148 6.151264935176013 6.154111072394219 6.171504317712593
 19184568 32 12350.082 12489.08 12506.008 98.17779998221656 98.31087253824941 99.41734411156136 6.136112498888535 6.144429533640588 6.213584006972585
 21103024 32 13535.023 13551.95 13732.91 98.34722109152395 99.66045742494623 99.78509353105645 6.146701318220247 6.228778589059139 6.236568345691028
 23213320 32 14943.838 14991.045 15088.081 98.46530383817532 99.10266295645167 99.41572439422858 6.154081489885957 6.193916434778229 6.213482774639286
 25534648 32 16496.897 16510.01 16604.9 98.41778462983817 98.98343320203925 99.06211283249208 6.151111539364885 6.186464575127453 6.191382052030755
 28088112 32 18243.074 18284.082 18574.953 96.77758904692786 98.3171683434804 98.5381722400512 6.048599315432991 6.144823021467525 6.1586357650032
 30896920 32 20992.041 21047.115 21914.959 90.23073600092066 93.95125555212674 94.19774284930179 5.639421000057541 5.871953472007921 5.887358928081362
 33986608 16 14513.016 14789.104 14935.97 72.8155892118155 73.53869821998683 74.93765982205215 4.550974325738469 4.596168638749177 4.68360373887826
 37385264 16 22135.973 22475.958 22583.008 52.97471656565857 53.22702809820165 54.04453863401441 3.3109197853536605 3.326689256137603 3.3777836646259005
 41123784 16 25213.003 25214.911 26070.118 50.47775725449343 52.18979706095333 52.193746536261465 3.1548598284058396 3.2618623163095832 3.2621091585163415
 45236160 16 28124.094 28387.07 28718.948 50.40425296915471 50.99353755072291 51.47035563172274 3.1502658105721695 3.187096096920182 3.216897226982671
 49759776 16 31050.92 31700.134 31790.972 50.08695021970388 50.23047637590428 51.28069738352358 3.1304343887314925 3.1394047734940176 3.205043586470224
 54735752 16 35341.978 35516.024 35578.012 49.23108306332574 49.317008683179175 49.55987647324097 3.076942691457859 3.0823130426986984 3.0974922795775606
 60209320 16 39025.068 39272.07 39294.958 49.03169103781712 49.060267004005645 49.370784952892336 3.06448068986357 3.066266687750353 3.085674059555771
 66230248 16 43314.934 43610.096 43718.1 48.4780430988538 48.598102971385345 48.92926619719657 3.0298776936783627 3.037381435711584 3.0580791373247855
 72853272 8 23914.099 24027.109 24198.055 48.17132418287338 48.51404935982934 48.74331046300344 3.010707761429586 3.032128084989334 3.046456903937715
 80138592 8 26478.052 26628.017 26772.976 47.89222804368106 48.15294627459491 48.42567240218427 2.993264252730066 3.009559142162182 3.026604525136517
 88152448 8 29261.112 29358.149 29608.965 47.635544437301334 48.04251003699177 48.20183074382135 2.9772215273313334 3.0026568773119857 3.012614421488834
 96967688 8 32330.036 32535.791 32685.995 47.46629276544893 47.685424583653116 47.988904435491506 2.966643297840558 2.9803390364783198 2.999306527218219
 106664456 8 35866.022 35914.898 36134.958 47.22936985287211 47.51875658953563 47.58351221666011 2.951835615804507 2.9699222868459767 2.973969513541257
 117330896 8 39740.086 39887.905 39978.981 46.95703314699292 47.064250077811806 47.239312365856485 2.9348145716870575 2.941515629863238 2.9524570228660303
 129063984 8 43493.986 43898.106 43997.049 46.935505697211646 47.04129476565572 47.47837422856576 2.933469106075728 2.9400809228534825 2.96739838928536
 141970376 4 23925.066 24152.994 24255.991 46.824020012210596 47.0236943709753 47.47167711052501 2.9265012507631623 2.938980898185956 2.966979819407813
 156167408 4 26436.09 26686.907 26763.916 46.67998748763073 46.81468946551206 47.25885197092309 2.917499217976921 2.925918091594504 2.953678248182693
 171784144 4 29208.899 29515.982 29582.977 46.45486328167716 46.56030593866062 47.0498101280709 2.9034289551048227 2.9100191211662887 2.9406131330044314
 188962552 4 32282.114 32501.936 32516.003 46.49096680179295 46.51108832409245 46.827801178076506 2.9056854251120594 2.906943020255778 2.9267375736297816
 207858800 4 35648.823 35807.848 35877.943 46.34798600354541 46.438713658525366 46.64587102917817 2.896749125221588 2.9024196036578354 2.9153669393236354
 228644680 4 39345.026 39479.017 39566.994 46.229375928836035 46.332395763552064 46.4901825201488 2.889335995552252 2.895774735222004 2.9056364075093
 251509144 4 43360.949 43499.947 43639.898 46.10627531714213 46.254611574584224 46.402885508801944 2.881642207321383 2.890913223411514 2.9001803443001215
 276660056 2 23950.815 24017.096 24070.024 45.975867078487326 46.0771870171148 46.20470009058147 2.873491692405458 2.879824188569675 2.8877937556613418
 304326056 2 26391.029 26445.15 26507.854 45.9223980937876 46.031284526652335 46.125682480967306 2.870149880861725 2.876955282915771 2.8828551550604566
 334758656 2 28975.964 29074.192 29131.889 45.9645656345869 46.05578115464051 46.21190942948438 2.872785352161681 2.878486322165032 2.8882443393427737
 368234520 2 31972.885 32017.946 32095.194 45.89279254707107 46.00351565337764 46.068350729063084 2.8682995341919417 2.8752197283361025 2.8792719205664428
 405057968 2 35243.034 35290.003 35315.99 45.87813825975146 45.91192219507604 45.973109806607454 2.867383641234466 2.8694951371922524 2.873319362912966
 445563760 2 38799.047 38846.016 38959.98 45.745789397222474 45.87999551871676 45.93553650944055 2.8591118373264046 2.8674997199197976 2.8709710318400345
 490120136 2 42665.958 42701.96 42876.005 45.72442194649432 45.91078592177034 45.94952594290746 2.857776371655895 2.8694241201106463 2.871845371431716
 539132144 1 23542.166 23619.175 23677.111 45.54036546097199 45.65207243690772 45.80140535921801 2.8462728413107494 2.8532545273067327 2.8625878349511256
 593045352 1 25882.959 25975.943 26072.025 45.49284928961214 45.661122062055654 45.82515870770417 2.8433030806007586 2.8538201288784784 2.8640724192315106
 652349880 1 28526.068 28532.028 28620.958 45.58546782396313 45.727550807114035 45.73710474223087 2.8490917389976955 2.857971925444627 2.8585690463894293
 717584864 1 31346.798 31373.024 31650.066 45.344920544557475 45.74534249551462 45.78361490063514 2.834057534034842 2.8590839059696638 2.8614759312896965
 789343344 1 34521.103 34646.034 34798.861 45.366044825432645 45.56615882787623 45.73106160599792 2.8353778015895403 2.8478849267422643 2.85819135037487
 868277672 1 37945.032 38027.048 38135.052 45.53698639246643 45.6663200362016 45.76502515533522 2.846061649529152 2.8541450022626 2.8603140722084515
 955105432 1 41797.161 41882.992 41938.066 45.54837755274647 45.60827134794954 45.701928511364684 2.8467735970466546 2.8505169592468462 2.856370531960293
 1050615968 1 45983.076 46051.979 46216.011 45.465454298944145 45.627397163539925 45.69576719921913 2.841590893684009 2.8517123227212453 2.8559854499511954
 
META_DATA
 FLOPS          1
 MPI_PROCS      1
 OPENMP_THREADS 1
 ERT_VERSION  1.1.0
 HOSTNAME  ('c3cpu-c11-u13-2.rc.int.colorado.edu', [], ['10.225.64.253'])
 UNAME  uname_result(system='Linux', node='c3cpu-c11-u13-2.rc.int.colorado.edu', release='4.18.0-305.34.2.el8_4.x86_64', version='#1 SMP Mon Jan 17 09:42:23 EST 2022', machine='x86_64', processor='x86_64')
 TIMESTAMP_DATA  1728532828.7311175
 CONFIG  {'nux': ['workstation,', 'MPI', 'and', 'OpenMP', '(8-core', 'Intel', 'Xeon', 'CPU', 'E5530,', '2.40', 'GHz)'], 'ERT_RESULTS': ['Results.alpine'], 'ERT_DRIVER': ['driver1'], 'ERT_KERNEL': ['kernel1'], 'ERT_MPI': ['True'], 'ERT_MPI_CFLAGS': ['-I/usr/include/mpi'], 'ERT_MPI_LDFLAGS': ['-lmpi'], 'ERT_OPENMP': ['True'], 'ERT_OPENMP_CFLAGS': ['-qopenmp'], 'ERT_OPENMP_LDFLAGS': ['-qopenmp'], 'ERT_FLOPS': ['1,2,4,8,16'], 'ERT_ALIGN': ['32'], 'ERT_CC': ['icpc'], 'ERT_CFLAGS': ['-O3', '-fno-alias', '-fno-fnalias', '-DERT_INTEL'], 'ERT_LD': ['icpc'], 'ERT_LDFLAGS': [], 'ERT_LDLIBS': [], 'ERT_PRECISION': ['FP64'], 'ERT_RUN': ['export', 'OMP_NUM_THREADS=ERT_OPENMP_THREADS;', 'mpirun', '-np', 'ERT_MPI_PROCS', 'ERT_CODE'], 'ERT_PROCS_THREADS': ['1-8'], 'ERT_MPI_PROCS': ['1,2,4,8'], 'ERT_OPENMP_THREADS': ['1,2,4,8'], 'ERT_NUM_EXPERIMENTS': ['3'], 'ERT_MEMORY_MAX': ['1073741824'], 'ERT_WORKING_SET_MIN': ['1'], 'ERT_TRIALS_MIN': ['1'], 'ERT_GNUPLOT': ['gnuplot'], 'ERT_GPU': [False], 'ERT_HIP': [False], 'ERT_OCL': [False], 'ERT_SYCL': [False], 'ERT_WSS_MULT': [1.1]}
 TIMESTAMP_DATA  1728532851.3054397
 TIMESTAMP_DATA  1728532870.749949
 