fp64
 32 33554432 195888.996 195890.903 195957.899 10.958903208081447 10.962651226330813 10.962757948894689 2.7397258020203616 2.7406628065827032 2.7406894872236722
 64 16777216 103366.852 103367.805 103373.051 20.774114986699967 20.775169289896407 20.775360828440437 5.193528746674992 5.193792322474102 5.193840207110109
 96 8388608 51699.162 51702.023 51711.798 31.145943446019803 31.151832027926645 31.153555951255072 7.786485861504951 7.787958006981661 7.788388987813768
 128 8388608 51782.131 51790.953 51792.145 41.46350084554328 41.46445515300713 41.47151935481373 10.36587521138582 10.366113788251782 10.367879838703432
 160 4194304 25969.028 25979.996 25984.049 51.65389274011915 51.661950987213395 51.683770374463 12.913473185029787 12.915487746803349 12.92094259361575
 192 4194304 26105.881 26106.119 26108.98 61.688075750182506 61.69483621828278 61.69539867281246 15.422018937545626 15.423709054570695 15.423849668203115
 224 4194304 26089.191 26092.052 26103.02 71.98585420384308 72.01611402583437 72.0240114766303 17.99646355096077 18.004028506458592 18.006002869157577
 256 4194304 26225.805 26240.11 26252.985 81.79959909320789 81.83973497062323 81.8843748742889 20.449899773301972 20.459933742655807 20.471093718572224
 288 2097152 12945.175 12951.851 12953.997 93.24994841360547 93.26539905377231 93.31349726828722 23.312487103401367 23.31634976344308 23.328374317071805
 320 2097152 16202.927 19694.09 21066.904 63.71022908729257 68.15127177747233 82.8354827495057 15.927557271823142 17.037817944368083 20.708870687376425
 352 2097152 15985.012 16555.071 18913.984 78.05838304611021 89.18083214502673 92.36120736099541 19.514595761527552 22.295208036256682 23.090301840248852
 384 2097152 13330.936 13338.804 13345.003 120.69032401116732 120.74641294676795 120.81767821854369 30.17258100279183 30.186603236691987 30.204419554635923
 416 2097152 13075.829 13087.988 13093.948 133.25472684021656 133.31540829652351 133.43937611909732 33.31368171005414 33.32885207413088 33.35984402977433
 448 2097152 13521.91 13522.148 13523.102 138.95097382242625 138.96077694165157 138.96322279914597 34.73774345560656 34.74019423541289 34.74080569978649
 480 2097152 13611.078 13616.8 13617.992 147.83867695031688 147.85161858880204 147.91377435350822 36.95966923757922 36.96290464720051 36.978443588377054
 512 2097152 13983.011 13985.872 13991.117 153.48907796282455 153.5466396374856 153.57805611395142 38.37226949070614 38.3866599093714 38.394514028487855
 544 1048576 7006.168 7008.076 7013.083 162.67463082926582 162.790855578621 162.83518865091446 40.668657707316456 40.69771389465525 40.708797162728615
 576 1048576 7048.13 7048.13 7058.144 171.14407866997328 171.38724058721957 171.38724058721957 42.78601966749332 42.84681014680489 42.84681014680489
 608 1048576 7089.853 7091.045 7091.999 179.78970611811988 179.81389428497494 179.84412596424778 44.94742652952997 44.953473571243734 44.961031491061945
 640 1048576 7110.834 7112.98 7116.079 188.61191394867876 188.6940888347781 188.75103539191045 47.15297848716969 47.17352220869453 47.18775884797761
 704 1048576 7227.898 7230.997 7236.958 204.00767946974403 204.1758568009363 204.2633982936671 51.00191986743601 51.04396420023407 51.06584957341678
 768 1048576 7823.944 7823.944 7825.851 205.80672133931503 205.8568844562282 205.8568844562282 51.45168033482876 51.46422111405705 51.46422111405705
 832 1048576 8964.062 9823.799 10232.925 170.51140939662906 177.61259814049532 194.6472998513397 42.627852349157266 44.40314953512383 48.66182496283493
 896 1048576 9184.837 9186.029 9187.937 204.5125246287605 204.5550032554872 204.58155022239373 51.128131157190126 51.1387508138718 51.14538755559843
 960 1048576 9871.96 9873.152 9874.105 203.89350933578282 203.9131900329297 203.93781174153867 50.973377333945706 50.97829750823242 50.98445293538467
 1056 524288 4936.934 4937.172 4938.126 224.23410338253822 224.2774316957157 224.28824367512303 56.058525845634556 56.069357923928926 56.07206091878076
 1152 524288 5104.065 5105.019 5106.926 236.53359222358026 236.6219502806943 236.66617725283672 59.133398055895064 59.15548757017358 59.16654431320918
 1248 524288 5786.896 5786.896 5787.849 226.0983049143127 226.13553932885608 226.13553932885608 56.52457622857818 56.53388483221402 56.53388483221402
 1344 524288 6126.165 6127.119 6128.073 229.97215339960863 230.0079603480853 230.04377844867057 57.49303834990216 57.501990087021326 57.51094461216764
 1472 524288 6807.089 6807.089 6808.043 226.71770316374327 226.74947719943137 226.74947719943137 56.67942579093582 56.68736929985784 56.68736929985784
 1600 524288 8841.038 8845.806 8879.9 188.93474025608396 189.66294309416233 189.76522892447696 47.23368506402099 47.41573577354058 47.44130723111924
 1760 524288 7828.951 7828.951 7833.004 235.60485351469248 235.72682470486785 235.72682470486785 58.90121337867312 58.93170617621696 58.93170617621696
 1920 524288 8507.967 8509.874 8514.881 236.4408756857553 236.57999166615153 236.6330193805406 59.11021892143882 59.14499791653788 59.15825484513515
 2112 262144 4426.003 4427.91 4429.102 250.00468627726343 250.07198791303344 250.17973462738277 62.50117156931586 62.51799697825836 62.54493365684569
 2304 262144 4850.864 4851.103 4858.971 248.60398467082848 249.0071952708487 249.01946374913828 62.15099616770712 62.25179881771218 62.25486593728457
 2528 262144 5529.881 5530.834 5533.934 239.50413286461315 239.63837352558403 239.67967194954105 59.87603321615329 59.90959338139601 59.91991798738526
 2752 262144 5702.019 5702.019 5707.026 252.81829380135997 253.04029607758235 253.04029607758235 63.20457345033999 63.26007401939559 63.26007401939559
 3008 262144 6379.128 6381.989 6384.134 247.02775724945624 247.11078380110027 247.2216114804406 61.75693931236406 61.77769595027507 61.80540287011015
 3296 262144 6804.943 6805.897 6808.996 253.78972876471067 253.90528948645564 253.94088503019054 63.44743219117767 63.47632237161391 63.485221257547636
 3616 262144 7314.92 7316.113 7318.02 259.06261639077235 259.13014301446685 259.1724048930132 64.76565409769309 64.78253575361671 64.7931012232533
 3968 262144 8165.121 8169.174 8182.049 254.2608561742908 254.66158316618058 254.7879919966893 63.5652140435727 63.665395791545144 63.696997999172325
 4352 131072 4380.941 4380.941 4384.041 260.2281064433476 260.4122465926841 260.4122465926841 65.0570266108369 65.10306164817102 65.10306164817102
 4768 131072 4806.042 4806.042 4811.049 259.7983500064123 260.06901146515156 260.06901146515156 64.94958750160308 65.01725286628789 65.01725286628789
 5216 131072 5189.18 5189.896 5192.041 263.35367998827434 263.46252487525766 263.4988772792618 65.83841999706858 65.86563121881441 65.87471931981545
 5728 131072 5702.019 5705.118 5712.032 262.87682421947216 263.1954031450357 263.33844766213514 65.71920605486804 65.79885078625892 65.83461191553378
 6272 131072 6168.127 6168.842 6171.942 266.3938138109529 266.52768347770945 266.55857896570546 66.59845345273823 66.63192086942736 66.63964474142637
 6880 131072 6845.951 6848.812 6852.15 263.2094627233788 263.3377467508234 263.44779856005397 65.8023656808447 65.83443668770585 65.86194964001349
 7552 131072 7486.105 7487.059 7487.059 264.41777579153575 264.41777579153575 264.4514721607565 66.10444394788394 66.10444394788394 66.11286804018913
 8288 65536 4065.037 4066.944 4104.853 264.64400454778763 267.1108173606521 267.2361250340403 66.16100113694691 66.77770434016303 66.80903125851007
 9088 65536 4487.038 4487.991 4492.044 265.176016975791 265.41549125209923 265.47186272993457 66.29400424394775 66.35387281302481 66.36796568248364
 9984 65536 4892.111 4892.826 4896.879 267.23610038148786 267.45746691176015 267.4965568033922 66.80902509537196 66.86436672794004 66.87413920084805
 10976 65536 5383.968 5383.968 5385.16 267.15014447110207 267.2092909913283 267.2092909913283 66.78753611777552 66.80232274783208 66.80232274783208
 12064 65536 5914.211 5917.072 5918.026 267.19257536212245 267.2356543912259 267.3649296584109 66.79814384053061 66.80891359780648 66.84123241460273
 13248 65536 6485.939 6492.138 6494.045 267.38987118198287 267.4684142573679 267.7240498253221 66.84746779549572 66.86710356434197 66.93101245633052
 14560 65536 7082.939 7085.085 7086.039 269.3194773554026 269.3557409685275 269.4373507946348 67.32986933885066 67.33893524213188 67.3593376986587
 16000 65536 7741.928 7742.167 7744.074 270.80732957872044 270.8740330711027 270.88239518631536 67.70183239468011 67.71850826777568 67.72059879657884
 17600 32768 4256.01 4259.109 4266.024 270.3767254942776 270.81570347225204 271.01289705616296 67.5941813735694 67.70392586806301 67.75322426404074
 19360 32768 4713.058 4713.058 4719.019 268.86455850251923 269.2046140743441 269.2046140743441 67.21613962562981 67.30115351858602 67.30115351858602
 21280 32768 5159.14 5160.093 5160.809 270.23012864843474 270.267625021487 270.3175490488725 67.55753216210869 67.56690625537175 67.57938726221812
 23392 32768 5669.832 5672.216 5680.799 269.85959404654164 270.2679361998908 270.3815760325879 67.46489851163541 67.5669840499727 67.59539400814697
 25728 32768 6192.207 6196.022 6198.883 272.00226363362566 272.1278601012069 272.2955172525725 68.00056590840641 68.03196502530173 68.07387931314312
 28288 32768 6807.089 6808.043 6826.878 271.5563934202428 272.30767608253944 272.3458394623605 67.8890983550607 68.07691902063486 68.08645986559013
 31104 32768 7498.98 7505.178 7523.06 270.95779430178675 271.6033842235321 271.82786779001947 67.73944857544669 67.90084605588302 67.95696694750487
 34208 16384 4129.887 4136.086 4142.046 270.6217516657227 271.0117110717717 271.41850224957733 67.65543791643067 67.75292776794292 67.85462556239433
 37600 16384 4528.046 4533.052 4537.106 271.5556568438119 271.79851455487386 272.0990025278012 67.88891421095298 67.94962863871847 68.0247506319503
 41344 16384 4976.988 4976.988 5184.889 261.29010514979205 272.20483392766874 272.20483392766874 65.32252628744801 68.05120848191719 68.05120848191719
 45472 16384 5476.952 5476.952 5949.02 250.46587437930953 272.053962861095 272.053962861095 62.61646859482738 68.01349071527375 68.01349071527375
 50016 16384 6023.884 6031.99 6479.025 252.95847569657474 271.7054053471574 272.07102394402017 63.239618924143684 67.92635133678935 68.01775598600504
 55008 16384 6606.817 6607.056 7225.99 249.44708531287753 272.81472171569305 272.824590721977 62.36177132821938 68.20368042892326 68.20614768049425
 60480 16384 7254.124 7255.077 7838.011 252.84586102264973 273.1616273679797 273.1975135798616 63.21146525566243 68.29040684199492 68.2993783949654
 66528 8192 4050.016 4053.116 4550.934 239.51012077960257 268.9275984205732 269.1334434234334 59.87753019490064 67.2318996051433 67.28336085585835
 73152 8192 4445.076 4452.944 4695.177 255.2667062391897 269.1528049757643 269.6292184880528 63.81667655979742 67.28820124394107 67.4073046220132
 80448 8192 4871.13 4871.13 5459.07 241.44406135110927 270.5860923440762 270.5860923440762 60.36101533777732 67.64652308601904 67.64652308601904
 88480 8192 5358.934 5364.895 5486.965 264.2000304357692 270.2114990134942 270.5120682583514 66.0500076089423 67.55287475337354 67.62801706458785
 97312 8192 5877.018 5880.117 6493.092 245.54708419347827 271.1442319940233 271.2872085809504 61.38677104836957 67.78605799850583 67.8218021452376
 107040 8192 6453.991 6454.945 6955.862 252.1245188590573 271.68989975902196 271.73005974132906 63.031129714764326 67.92247493975549 67.93251493533226
 117728 8192 7106.781 7107.973 7632.971 252.70049525931645 271.36506455497226 271.41057983917045 63.175123814829114 67.84126613874307 67.85264495979261
 129472 8192 7807.016 7809.162 8436.203 251.44834091830174 271.6385251067912 271.7131933635079 62.862085229575435 67.9096312766978 67.92829834087698
 142400 4096 4405.022 4415.989 4642.963 251.24921305640385 264.16297685524125 264.8206524280696 62.81230326410096 66.04074421381031 66.2051631070174
 156640 4096 4953.861 4968.166 5337.0 240.43374180251078 258.2834148456392 259.0292460769489 60.108435450627695 64.5708537114098 64.75731151923722
 172288 4096 5458.117 5462.885 5694.151 247.86544930051906 258.358595504024 258.5842875848942 61.966362325129765 64.589648876006 64.64607189622355
 189504 4096 5913.973 6012.917 6457.09 240.42049406156642 258.1803088251509 262.49980647527474 60.105123515391604 64.54507720628773 65.62495161881868
 208448 4096 6566.048 6632.09 7198.811 237.20667426884802 257.4763032467895 260.06602693126825 59.301668567212005 64.36907581169737 65.01650673281706
 229280 4096 7296.085 7472.038 7821.083 240.1536666980775 251.37208349315142 257.4341938176433 60.038416674519375 62.843020873287855 64.35854845441082
 252192 4096 8015.156 8213.997 8728.027 236.70376638385744 251.51663240198408 257.7562887110369 59.17594159596436 62.87915810049602 64.43907217775923
 277408 2048 4411.936 4518.032 4873.991 233.12787569775978 251.49515718348164 257.54298521102754 58.281968924439944 62.87378929587041 64.38574630275689
 305120 2048 4842.043 4971.027 5080.938 245.97259797305142 251.41113093934106 258.1083067622489 61.493149493262855 62.852782734835266 64.52707669056223
 335616 2048 5360.126 5464.077 5810.976 236.56665179825214 251.58560832872595 256.4647054938634 59.141662949563035 62.89640208218149 64.11617637346585
 369152 2048 6006.956 6012.201 6088.972 248.3254303025207 251.49634751067038 251.7159426504872 62.08135757563017 62.874086877667594 62.9289856626218
 406048 2048 6371.021 6601.81 6872.177 242.01539162917373 251.92676069138614 261.05275873364724 60.503847907293434 62.981690172846534 65.26318968341181
 446624 2048 6963.968 7226.944 7651.091 239.0994831978864 253.13215433798848 262.69102672499355 59.7748707994716 63.28303858449712 65.67275668124839
 491264 2048 7899.046 7943.869 8579.969 234.5250133188127 253.3044469892442 254.74181869557415 58.63125332970318 63.32611174731105 63.68545467389354
 540384 1024 4371.166 4396.915 4632.95 238.8772665364401 251.70066558029887 253.18334558788203 59.71931663411002 62.92516639507472 63.29583639697051
 594400 1024 4674.911 4836.798 4904.985 248.1824511186069 251.68121554797204 260.3966578187264 62.04561277965173 62.92030388699301 65.0991644546816
 653824 1024 5144.835 5324.125 5759.954 232.47261210766615 251.50265104594652 260.26715181342064 58.11815302691654 62.87566276148663 65.06678795335516
 719200 1024 5845.07 5850.077 6186.962 238.06863530113807 251.77815608239 251.9938341200362 59.51715882528452 62.9445390205975 62.99845853000905
 791104 1024 6428.957 6433.01 6934.881 233.62780010212143 251.85426293445838 252.0130391290531 58.40695002553036 62.963565733614594 63.00325978226328
 870208 1024 7072.926 7075.071 7375.002 241.65227128074 251.8965511441511 251.97294358798607 60.413067820185 62.97413778603777 62.99323589699652
 957216 1024 7465.839 7791.996 8087.158 242.40633953237958 251.5887287416472 262.5797807855219 60.601584883094894 62.8971821854118 65.64494519638048
 1052928 512 4101.992 4117.966 4290.104 251.3221758726595 261.8278713325948 262.8474828814878 62.830543968164875 65.4569678331487 65.71187072037195
 1158208 512 4540.205 4648.924 5124.092 231.45661553305447 255.11386979008478 261.2227844337425 57.86415388326362 63.778467447521194 65.30569610843563
 1274016 512 4988.194 5114.794 5547.047 235.18682715325832 255.06254680051632 261.53601564012945 58.79670678831458 63.76563670012908 65.38400391003236
 1401408 512 5485.058 5630.016 6088.972 235.67882920138246 254.89124577976335 261.6274599101778 58.919707300345614 63.72281144494084 65.40686497754444
 1541536 512 6040.096 6183.147 6396.055 246.79788776050236 255.29602708782437 261.342346876606 61.69947194012559 63.82400677195609 65.3355867191515
 1695680 512 6644.011 6808.043 6997.108 248.15628399618814 255.04778979803743 261.34458838192774 62.039070999047034 63.76194744950936 65.33614709548193
 1865248 512 7301.807 7472.038 8213.997 232.53161061539225 255.62155224585314 261.58099659440467 58.13290265384806 63.905388061463285 65.39524914860117
 2051744 512 8108.854 8220.911 8867.979 236.91822635123515 255.56606269061905 259.09775364065007 59.22955658780879 63.89151567265476 64.77443841016252
 2256896 256 4498.005 4518.986 4709.959 245.33775177236151 255.70576054008575 256.8985032253188 61.33443794309038 63.92644013502144 64.2246258063297
 2482560 256 4925.966 4957.914 5421.877 234.4337062607654 256.37207906389665 258.0348138821908 58.60842656519135 64.09301976597416 64.5087034705477
 2730816 256 5401.85 5414.009 5801.916 240.98552822895059 258.25184110333026 258.83313901718856 60.246382057237646 64.56296027583257 64.70828475429714
 3003872 256 5942.822 5962.849 6360.054 241.81908895742077 257.9274544768784 258.79665653792085 60.454772239355194 64.4818636192196 64.69916413448021
 3304256 256 6505.013 6752.014 7118.94 237.6447999280792 250.55917715810426 260.07312698683313 59.4111999820198 62.639794289526066 65.01828174670828
 3634656 256 7157.087 7425.07 7791.042 238.85686561566473 250.62980847318613 260.0141470964374 59.71421640391618 62.65745211829653 65.00353677410935
 3998112 256 7992.029 8154.869 8471.966 241.62435779369272 251.0197703972927 256.1343738867814 60.40608944842318 62.75494259932317 64.03359347169535
 4397920 128 4378.08 4470.11 4935.98 228.09401982990207 251.8657303735255 257.16010671344515 57.02350495747552 62.96643259338138 64.29002667836129
 4837696 128 4832.029 4914.999 5002.975 247.54274726537707 251.97363743105544 256.30023660867926 61.88568681634427 62.99340935776386 64.07505915216981
 5321440 128 5311.012 5424.976 5496.979 247.8249671319465 251.1142242841259 256.50264770631287 61.95624178298662 62.778556071031474 64.12566192657822
 5853568 128 5795.002 5957.842 6146.193 243.81164210105342 251.51949447467726 258.5872115315922 60.952910525263356 62.879873618669315 64.64680288289804
 6438912 128 6356.001 6546.021 6830.931 241.30846468804913 251.81121050482423 259.3393978383578 60.32711617201228 62.95280262620606 64.83484945958945
 7082784 128 7005.93 7210.97 7622.957 237.85949520638775 251.44920919099647 258.80828155576773 59.46487380159694 62.86230229774912 64.70207038894193
 7791040 128 7752.18 7929.087 8261.919 241.40956114432979 251.5429884928744 257.28327257623016 60.352390286082446 62.8857471232186 64.32081814405754
 8570144 64 4262.924 4358.053 4559.994 240.56576214793267 251.7129626463928 257.33004670033995 60.14144053698317 62.9282406615982 64.33251167508499
 9427136 64 4695.892 4748.821 4786.015 252.12486964625054 254.0995771371462 256.96362011732805 63.031217411562636 63.52489428428655 64.24090502933201
 10369824 64 5158.186 5259.991 5531.073 239.97829571224244 252.34595876684958 257.3264073843014 59.99457392806061 63.086489691712394 64.33160184607534
 11406784 64 5711.079 5817.89 6254.911 233.4275183132102 250.96183530455198 255.65542903538892 58.35687957830255 62.740458826137996 63.91385725884723
 12547456 64 6235.123 6332.874 6692.886 239.96738746185127 253.60908301665248 257.5850336873868 59.99184686546282 63.40227075416312 64.3962584218467
 13802176 64 6878.853 6984.949 7359.982 240.0384305287703 252.9264749105541 256.827486791766 60.009607632192576 63.231618727638526 64.2068716979415
 15182368 64 7490.873 7550.001 8174.181 237.74162867203458 257.3964035236551 259.4281205942218 59.435407168008645 64.34910088091378 64.85703014855545
 16700576 64 8239.985 8252.144 9020.09 236.990288123511 259.0446468214806 259.4268955586691 59.24757203087775 64.76116170537016 64.85672388966728
 18370624 32 4585.028 4597.902 5043.03 233.13760497161428 255.70791547971226 256.4259009977692 58.28440124290357 63.926978869928064 64.1064752494423
 20207680 32 4997.969 5012.035 5027.056 257.26618521854544 258.03720843928664 258.7634136986444 64.31654630463636 64.50930210982166 64.6908534246611
 22228448 32 5503.893 5524.158 5558.014 255.95845422483643 257.52715110610524 258.4753504474015 63.98961355620911 64.38178777652631 64.61883761185038
 24451264 32 6181.002 6182.909 6273.985 249.42375475873789 253.09783728015407 253.17592455074436 62.35593868968447 63.27445932003852 63.29398113768609
 26896384 32 6687.88 6762.028 6779.909 253.89257820422074 254.5639527076788 257.38628324670896 63.473144551055185 63.6409881769197 64.34657081167724
 29586016 32 7311.821 7358.074 7377.863 256.64681276949705 257.3370455366445 258.9649040916073 64.16170319237426 64.33426138416112 64.74122602290183
 32544608 32 8074.999 8109.093 8163.214 255.15133034611125 256.8542390622478 257.9387207354453 63.78783258652781 64.21355976556195 64.48468018386133
 35799040 16 4899.979 5145.073 6196.976 184.85940239239267 222.65364942343868 233.7906509395244 46.21485059809817 55.66341235585967 58.4476627348811
 39378944 16 5306.005 5944.014 6705.046 187.93699670367658 211.99919919434913 237.49058057804316 46.984249175919146 52.99979979858728 59.37264514451079
 43316832 16 6072.044 7033.11 7364.035 188.230857675174 197.0875791790545 228.2820453870229 47.0577144187935 49.271894794763625 57.07051134675572
 47648512 16 6460.19 6582.975 8181.095 186.37509819895743 231.62056425856088 236.02283895674896 46.59377454973936 57.90514106464022 59.00570973918724
 52413344 16 6536.961 6541.967 7405.043 226.49794309094491 256.37961915735747 256.57595448404845 56.62448577273623 64.09490478933937 64.14398862101211
 57654656 16 7196.903 7241.011 7397.89 249.38854078662968 254.79162951140384 256.35318302886674 62.34713519665742 63.69790737785096 64.08829575721668
 63420096 16 7907.152 8074.999 10720.968 189.29662620017146 251.32425056647065 256.6591703308599 47.324156550042865 62.83106264161766 64.16479258271498
 69762080 8 5316.973 5800.009 5928.04 188.29044338432266 192.4468186170056 209.93021405224366 47.072610846080664 48.1117046542514 52.482553513060914
 76738272 8 5443.096 6098.032 6932.02 177.12187096978946 201.34567217751564 225.57242275352115 44.280467742447364 50.33641804437891 56.39310568838029
 84412096 8 5589.008 6152.868 6218.91 217.17528248519434 219.5063401327641 241.65174499660768 54.293820621298586 54.87658503319103 60.41293624915192
 92853280 8 6101.131 6584.883 6654.024 223.27128366233723 225.61562293513796 243.50443876717281 55.817820915584306 56.40390573378449 60.876109691793204
 102138592 8 6326.914 6492.138 6548.166 249.56872993140368 251.72254071000955 258.2961412151327 62.39218248285092 62.93063517750239 64.57403530378318
 112352448 8 6919.146 6988.049 7134.914 251.9496616217098 257.24478577640195 259.8065090691828 62.98741540542745 64.31119644410049 64.9516272672957
 123587680 8 7697.105 7907.867 8198.977 241.17678095694131 250.05515140808512 256.9021573695565 60.29419523923533 62.51378785202128 64.22553934238913
 135946432 4 5827.188 5967.855 6243.944 174.18020661299974 182.23825076178966 186.63744090631707 43.545051653249935 45.559562690447414 46.65936022657927
 149541056 4 7462.025 7536.173 7612.944 157.14399685588123 158.74482286964485 160.32222459721055 39.28599921397031 39.68620571741121 40.08055614930264
 164495136 4 8538.961 8588.791 8678.913 151.6274086397686 153.2184317909238 154.11255397465803 37.90685215994215 38.30460794773095 38.52813849366451
 180944640 4 9318.113 9360.075 9653.807 149.94676400719425 154.65229926042258 155.34874067313842 37.48669100179856 38.663074815105645 38.837185168284606
 199039104 4 10746.002 10769.844 10843.992 146.8382521860953 147.8492011583455 148.17723205337202 36.709563046523826 36.96230028958637 37.044308013343006
 218943008 4 12099.981 12148.142 12172.937 143.88837007864248 144.18205384823455 144.755935071303 35.97209251966062 36.045513462058636 36.18898376782575
 240837280 4 13631.105 13658.047 13664.961 140.99551692829564 141.06689192093128 141.34571188469315 35.24887923207391 35.26672298023282 35.336427971173286
 264920992 4 15202.999 15215.158 15240.908 139.0578524586593 139.29319274896787 139.40459615895523 34.76446311466483 34.82329818724197 34.85114903973881
 291413088 2 8639.097 8662.939 8671.045 134.43043508596713 134.55622300930435 134.92756847156593 33.60760877149178 33.63905575232609 33.73189211789148
 320554368 2 9596.109 9629.011 9642.124 132.9808112818296 133.16190748977232 133.61847723905595 33.2452028204574 33.29047687244308 33.40461930976399
 352609792 2 10627.031 10661.84 10699.034 131.828646212359 132.28853256098384 132.72184564061212 32.95716155308975 33.07213314024596 33.18046141015303
 387870752 2 11769.056 11806.965 11844.873 130.9835072102504 131.4040490507086 131.82731121340572 32.7458768025626 32.85101226267715 32.95682780335143
 426657824 2 13091.803 13099.909 13187.885 129.40902168922463 130.27810315323566 130.35876693225526 32.35225542230616 32.569525788308916 32.589691733063816
 469323584 2 14511.824 14532.089 14650.822 128.13576849135154 129.18268915088532 129.36308599112007 32.033942122837885 32.29567228772133 32.34077149778002
 516255936 2 16057.968 16084.909 16249.895 127.07920537332701 128.38268118271606 128.5980731808657 31.769801343331753 32.095670295679014 32.149518295216424
 567881504 1 9020.09 9030.104 9094.0 124.89146778095449 125.77518575644314 125.91481991864828 31.22286694523862 31.443796439110784 31.47870497966207
 624669632 1 9938.002 9979.963 10059.834 124.19084291052914 125.18475910181232 125.7133238653001 31.047710727632285 31.29618977545308 31.428330966325024
 687136576 1 10997.057 11008.978 11070.967 124.13307274784577 124.83203726994459 124.96735735751845 31.033268186961443 31.208009317486148 31.241839339379613
 755850208 1 12138.128 12168.884 12207.985 123.82882318417002 124.22670936792561 124.54147921326914 30.957205796042505 31.056677341981402 31.135369803317285
 831435200 1 13360.977 13405.085 13501.883 123.15840686813833 124.04773263280316 124.45724590349941 30.789601717034582 31.01193315820079 31.114311475874853
 914578720 1 14801.025 14811.039 14909.983 122.680048662698 123.49960323512751 123.58315995007104 30.6700121656745 30.874900808781877 30.89578998751776
 1006036576 1 16322.136 16396.999 16422.987 122.51566368529672 122.70984172164677 123.2726618623935 30.62891592132418 30.677460430411692 30.818165465598376
 
META_DATA
 FLOPS          4
 MPI_PROCS      2
 OPENMP_THREADS 2
 ERT_VERSION  1.1.0
 HOSTNAME  ('c3cpu-a7-u1-3.rc.int.colorado.edu', [], ['10.225.64.156'])
 UNAME  uname_result(system='Linux', node='c3cpu-a7-u1-3.rc.int.colorado.edu', release='4.18.0-305.34.2.el8_4.x86_64', version='#1 SMP Mon Jan 17 09:42:23 EST 2022', machine='x86_64', processor='x86_64')
 TIMESTAMP_DATA  1728533546.1265798
 CONFIG  {'nux': ['workstation,', 'MPI', 'and', 'OpenMP', '(8-core', 'Intel', 'Xeon', 'CPU', 'E5530,', '2.40', 'GHz)'], 'ERT_RESULTS': ['Results.alpine'], 'ERT_DRIVER': ['driver1'], 'ERT_KERNEL': ['kernel1'], 'ERT_MPI': ['True'], 'ERT_MPI_CFLAGS': ['-I/usr/include/mpi'], 'ERT_MPI_LDFLAGS': ['-lmpi'], 'ERT_OPENMP': ['True'], 'ERT_OPENMP_CFLAGS': ['-qopenmp'], 'ERT_OPENMP_LDFLAGS': ['-qopenmp'], 'ERT_FLOPS': ['1,2,4,8,16'], 'ERT_ALIGN': ['32'], 'ERT_CC': ['icpc'], 'ERT_CFLAGS': ['-O3', '-fno-alias', '-fno-fnalias', '-DERT_INTEL'], 'ERT_LD': ['icpc'], 'ERT_LDFLAGS': [], 'ERT_LDLIBS': [], 'ERT_PRECISION': ['FP64'], 'ERT_RUN': ['export', 'OMP_NUM_THREADS=ERT_OPENMP_THREADS;', 'mpirun', '-np', 'ERT_MPI_PROCS', 'ERT_CODE'], 'ERT_PROCS_THREADS': ['1-8'], 'ERT_MPI_PROCS': ['1,2,4,8'], 'ERT_OPENMP_THREADS': ['1,2,4,8'], 'ERT_NUM_EXPERIMENTS': ['3'], 'ERT_MEMORY_MAX': ['1073741824'], 'ERT_WORKING_SET_MIN': ['1'], 'ERT_TRIALS_MIN': ['1'], 'ERT_GNUPLOT': ['gnuplot'], 'ERT_GPU': [False], 'ERT_HIP': [False], 'ERT_OCL': [False], 'ERT_SYCL': [False], 'ERT_WSS_MULT': [1.1]}
 TIMESTAMP_DATA  1728533553.2538078
 TIMESTAMP_DATA  1728533560.2614694
 