fp64
 32 33554432 195859.909 195940.971 195972.919 10.958063282202783 10.959849984616032 10.964386019397159 2.7395158205506958 2.739962496154008 2.7410965048492897
 64 16777216 103357.077 103363.991 103377.819 20.773156841314286 20.77593586725962 20.7773256590838 5.1932892103285715 5.193983966814905 5.19433141477095
 96 8388608 51691.055 51700.83 51715.851 31.143502521112918 31.15255085846784 31.158441939325865 7.7858756302782295 7.78813771461696 7.789610484831466
 128 8388608 51779.032 51783.085 51787.138 41.46750971254678 41.470755324832425 41.474001445218214 10.366877428136695 10.367688831208106 10.368500361304553
 160 4194304 25976.896 25986.91 25992.155 51.63778378514594 51.648205962155565 51.668116159836806 12.909445946286485 12.912051490538891 12.917029039959202
 192 4194304 26099.92 26103.973 26106.119 61.69483621828278 61.699908132758175 61.70948937774522 15.423709054570695 15.424977033189544 15.427372344436305
 224 4194304 26097.775 26106.119 26107.073 71.97467873935925 71.97730892132991 72.00032155997972 17.993669684839812 17.994327230332477 18.00008038999493
 256 4194304 26218.176 26228.905 26237.011 81.84940151909836 81.87469694217124 81.90820169946224 20.46235037977459 20.46867423554281 20.47705042486556
 288 2097152 12948.99 12951.136 12953.043 93.25681633265636 93.2705480044376 93.28600547224146 23.31420408316409 23.3176370011094 23.321501368060364
 320 2097152 15665.054 18362.999 18966.913 70.76413963621808 73.09139863265254 85.67970975395296 17.69103490905452 18.272849658163135 21.41992743848824
 352 2097152 16042.948 16607.046 17553.091 84.11025773181487 88.90172328058826 92.02766274627331 21.027564432953717 22.225430820147064 23.006915686568327
 384 2097152 13340.95 13340.95 13345.003 120.69032401116732 120.72698990701561 120.72698990701561 30.17258100279183 30.181747476753902 30.181747476753902
 416 2097152 13076.782 13077.021 13085.127 133.34455706849465 133.42721281857695 133.42965142341598 33.33613926712366 33.35680320464424 33.357412855853994
 448 2097152 13521.91 13526.917 13530.016 138.87996821289792 138.91178544231477 138.96322279914597 34.71999205322448 34.72794636057869 34.74080569978649
 480 2097152 13608.217 13611.794 13613.224 147.89045710259376 147.90599387560522 147.94487183736118 36.97261427564844 36.976498468901305 36.986217959340294
 512 2097152 13979.912 13982.058 13986.826 153.536166675699 153.5885238067243 153.61210056257866 38.38404166892475 38.39713095168108 38.403025140644665
 544 1048576 7009.029 7009.983 7011.89 162.7023082221769 162.74656985616085 162.76872131646192 40.675577055544224 40.68664246404021 40.69218032911548
 576 1048576 7046.938 7048.13 7049.084 171.36404559798123 171.38724058721957 171.4162309928085 42.84101139949531 42.84681014680489 42.85405774820212
 608 1048576 7087.946 7089.853 7093.906 179.7413746390212 179.84412596424778 179.8925127251252 44.9353436597553 44.961031491061945 44.9731281812813
 640 1048576 7110.119 7112.98 7116.079 188.61191394867876 188.6940888347781 188.77001636681467 47.15297848716969 47.17352220869453 47.19250409170367
 704 1048576 7228.851 7235.05 7236.958 204.00767946974403 204.06147960276706 204.23646966855452 51.00191986743601 51.015369900691766 51.05911741713863
 768 1048576 7823.944 7827.044 7830.143 205.6939108264051 205.77535222748205 205.8568844562282 51.423477706601275 51.44383805687051 51.46422111405705
 832 1048576 9393.93 9774.923 9824.991 177.59104959994366 178.50068629696622 185.74020287568675 44.397762399985915 44.625171574241556 46.43505071892169
 896 1048576 9185.076 9186.029 9191.99 204.4223494586047 204.5550032554872 204.57622691418123 51.10558736465118 51.1387508138718 51.14405672854531
 960 1048576 9866.953 9876.013 9880.066 203.7704930311194 203.85411805351 204.04130028794097 50.94262325777985 50.9635295133775 51.01032507198524
 1056 524288 4936.934 4936.934 4936.934 224.28824367512303 224.28824367512303 224.28824367512303 56.07206091878076 56.07206091878076 56.07206091878076
 1152 524288 5105.019 5105.972 5107.88 236.48941478656505 236.5777861688235 236.6219502806943 59.12235369664126 59.14444654220588 59.15548757017358
 1248 524288 5786.896 5786.896 5789.042 226.0517108011999 226.13553932885608 226.13553932885608 56.512927700299976 56.53388483221402 56.53388483221402
 1344 524288 6129.98 6132.841 6135.941 229.67726449781705 229.79336069531232 229.90061044244845 57.41931612445426 57.44834017382808 57.47515261061211
 1472 524288 6808.043 6808.996 6808.996 226.68597132381925 226.68597132381925 226.71770316374327 56.67149283095481 56.67149283095481 56.67942579093582
 1600 524288 8229.017 8845.806 9361.982 179.20581346984005 189.66294309416233 203.8787378857037 44.80145336746001 47.41573577354058 50.96968447142593
 1760 524288 7825.851 7827.997 7828.951 235.72682470486785 235.7555527933902 235.82020153463185 58.93170617621696 58.93888819834755 58.95505038365796
 1920 524288 8510.113 8512.02 8513.927 236.46736928799132 236.52034652174217 236.57334749844097 59.11684232199783 59.13008663043554 59.14333687461024
 2112 262144 4424.095 4424.095 4426.956 250.12587791701563 250.28763080358806 250.28763080358806 62.53146947925391 62.571907700897015 62.571907700897015
 2304 262144 4850.864 4853.01 4853.964 248.86042665334972 248.90934739470964 249.01946374913828 62.21510666333743 62.22733684867741 62.25486593728457
 2528 262144 5530.834 5532.98 5533.934 239.50413286461315 239.54542832253145 239.63837352558403 59.87603321615329 59.88635708063286 59.90959338139601
 2752 262144 5702.019 5703.926 5704.165 252.9450981870265 252.95569683056897 253.04029607758235 63.236274546756626 63.23892420764224 63.26007401939559
 3008 262144 6379.128 6383.181 6386.995 246.91710327000413 247.06463814828373 247.2216114804406 61.72927581750103 61.76615953707093 61.80540287011015
 3296 262144 6803.036 6807.089 6811.857 253.68313633125297 253.86082773414597 254.01206872931436 63.42078408281324 63.46520693353649 63.50301718232859
 3616 262144 7314.92 7316.113 7318.02 259.06261639077235 259.13014301446685 259.1724048930132 64.76565409769309 64.78253575361671 64.7931012232533
 3968 262144 8169.889 8171.797 8172.035 254.57242706376076 254.57984137393527 254.63929607856363 63.64310676594019 63.64496034348382 63.65982401964091
 4352 131072 4382.849 4382.849 4384.995 260.17149118756123 260.2988804770595 260.2988804770595 65.04287279689031 65.07472011926488 65.07472011926488
 4768 131072 4806.995 4809.856 4811.049 259.7983500064123 259.86278840780267 260.01745206724786 64.94958750160308 64.96569710195067 65.00436301681196
 5216 131072 5191.088 5192.995 5198.002 263.05166946838415 263.30529954294195 263.40202747477986 65.76291736709604 65.82632488573549 65.85050686869496
 5728 131072 5702.972 5703.211 5707.026 263.10741040955486 263.28340859210715 263.2944422662429 65.77685260238871 65.82085214802679 65.82361056656073
 6272 131072 6167.889 6170.034 6171.942 266.3938138109529 266.476192513688 266.5688646472075 66.59845345273823 66.619048128422 66.64221616180187
 6880 131072 6845.951 6850.958 6854.057 263.1362301188916 263.2552586076283 263.44779856005397 65.7840575297229 65.81381465190708 65.86194964001349
 7552 131072 7485.867 7488.012 7493.973 264.1738218165451 264.3841233160417 264.4598799310754 66.04345545413628 66.09603082901043 66.11496998276886
 8288 65536 4064.083 4065.99 4068.851 266.98562714633687 267.17348935929505 267.29885585505997 66.74640678658422 66.79337233982376 66.82471396376499
 9088 65536 4487.991 4489.899 4490.137 265.2886395225803 265.3027019093302 265.41549125209923 66.32215988064507 66.32567547733255 66.35387281302481
 9984 65536 4894.018 4894.018 4894.018 267.39232426198674 267.39232426198674 267.39232426198674 66.84808106549669 66.84808106549669 66.84808106549669
 10976 65536 5382.061 5383.968 5448.103 264.06370657823464 267.2092909913283 267.30396998473265 66.01592664455866 66.80232274783208 66.82599249618316
 12064 65536 5911.827 5915.165 5916.119 267.27870213563995 267.32180894362205 267.47274708816747 66.81967553390999 66.83045223590551 66.86818677204187
 13248 65536 6489.992 6489.992 6492.853 267.4389603460913 267.5568561563712 267.5568561563712 66.85974008652282 66.8892140390928 66.8892140390928
 14560 65536 7082.939 7083.178 7084.131 269.39201434869 269.4282594620663 269.4373507946348 67.3480035871725 67.35706486551658 67.3593376986587
 16000 65536 7738.829 7739.067 7747.173 270.69900207469226 270.98253575011046 270.99086954886843 67.67475051867306 67.74563393752761 67.74771738721711
 17600 32768 4253.864 4261.971 4288.912 268.9338461595854 270.63384523264006 271.14961832348195 67.23346153989635 67.65846130816001 67.78740458087049
 19360 32768 4711.866 4714.966 4729.986 268.24116604150623 269.0956753452729 269.27271700850577 67.06029151037656 67.27391883631823 67.31817925212644
 21280 32768 5158.901 5159.855 5161.047 270.2176670741421 270.2800912041133 270.3300722382539 67.55441676853553 67.57002280102833 67.58251805956347
 23392 32768 5671.024 5672.932 5672.932 270.23382476645236 270.23382476645236 270.32474417318633 67.55845619161309 67.55845619161309 67.58118604329658
 25728 32768 6190.062 6191.969 6191.969 272.3059834440386 272.3059834440386 272.38987396249024 68.07649586100965 68.07649586100965 68.09746849062256
 28288 32768 6808.996 6808.996 6810.904 272.19329005371384 272.26956338350027 272.26956338350027 68.04832251342846 68.06739084587507 68.06739084587507
 31104 32768 7498.98 7500.887 7501.841 271.72419996638155 271.75875919741225 271.82786779001947 67.93104999159539 67.93968979935306 67.95696694750487
 34208 16384 4127.979 4128.218 4131.079 271.34018594173585 271.52823421631325 271.54395504434495 67.83504648543396 67.88205855407831 67.88598876108624
 37600 16384 4526.854 4530.191 4531.86 271.87000481038694 271.9701663792984 272.1706509642237 67.96750120259674 67.9925415948246 68.04266274105592
 41344 16384 4972.935 4974.127 4974.842 272.3222550585527 272.3613996988818 272.42668404071236 68.08056376463817 68.09034992472046 68.10667101017809
 45472 16384 5471.23 5475.998 5475.998 272.10135869297255 272.10135869297255 272.33848622704585 68.02533967324314 68.02533967324314 68.08462155676146
 50016 16384 6021.976 6038.189 6055.117 270.66764985713735 271.4264637956844 272.157226797317 67.66691246428434 67.8566159489211 68.03930669932925
 55008 16384 6609.917 6610.155 6716.967 268.35060288371227 272.68681959802757 272.6966380969685 67.08765072092807 68.17170489950689 68.17415952424213
 60480 16384 7247.925 7249.117 7389.069 268.2081653317894 273.3862124173192 273.4311737497283 67.05204133294735 68.3465531043298 68.35779343743208
 66528 8192 4049.063 4065.037 4125.834 264.1877380427812 268.1389497807769 269.1967875036767 66.0469345106953 67.03473744519422 67.29919687591918
 73152 8192 4444.122 4446.03 4523.993 264.9257786207892 269.5713632161726 269.6870985990033 66.2314446551973 67.39284080404315 67.42177464975083
 80448 8192 4866.123 4867.077 4939.079 266.8635249608277 270.81141966728694 270.8645120561071 66.71588124020693 67.70285491682174 67.71612801402678
 88480 8192 5357.981 5357.981 5504.847 263.34180041697806 270.5601830241653 270.5601830241653 65.83545010424452 67.64004575604133 67.64004575604133
 97312 8192 5876.064 5877.018 6059.885 263.1006707222992 271.2872085809504 271.3312530292386 65.7751676805748 67.8218021452376 67.83281325730965
 107040 8192 6453.991 6458.044 6638.05 264.19556345613546 271.5595248344545 271.73005974132906 66.04889086403387 67.88988120861363 67.93251493533226
 117728 8192 7106.066 7113.934 7290.125 264.5847021827472 271.13767881456306 271.4378886995984 66.1461755456868 67.78441970364076 67.8594721748996
 129472 8192 7802.963 7803.917 7985.83 265.6291516348332 271.82109292038854 271.8543261066341 66.4072879087083 67.95527323009713 67.96358152665853
 142400 4096 4395.962 4408.836 4420.996 263.863799017235 264.59156112860626 265.36644311302047 65.96594975430875 66.14789028215156 66.34161077825512
 156640 4096 4910.231 4913.092 4928.112 260.3826536409887 261.17867933268906 261.3308579575991 65.09566341024717 65.29466983317226 65.33271448939978
 172288 4096 5445.004 5460.024 5473.137 257.87465141106463 258.49397292026555 259.20702647785015 64.46866285276616 64.62349323006639 64.80175661946254
 189504 4096 5890.846 5995.989 6180.048 251.19817321807213 258.9092088060869 263.53036015540044 62.79954330451803 64.72730220152172 65.88259003885011
 208448 4096 6582.022 6690.025 6813.049 250.63756564792064 255.24658218765998 259.43486910253415 62.65939141198016 63.811645546914995 64.85871727563354
 229280 4096 7247.925 7379.055 7510.9 250.07146413878496 254.53960703640234 259.1447566027518 62.51786603469624 63.634901759100586 64.78618915068795
 252192 4096 7978.916 8104.086 8262.873 250.02887784914518 254.9278060474679 258.92701013521133 62.507219462286294 63.731951511866974 64.73175253380283
 277408 2048 4401.922 4461.05 4543.066 250.10932440778979 254.70756167270034 258.1288737056222 62.527331101947446 63.676890418175084 64.53221842640555
 305120 2048 4822.969 4904.985 4998.922 250.00820576916385 254.79619611476895 259.12908003348144 62.50205144229096 63.69904902869224 64.78227000837036
 335616 2048 5290.985 5388.021 5428.076 253.25421677957345 255.13692986719985 259.8161090987784 63.313554194893364 63.78423246679996 64.9540272746946
 369152 2048 5795.002 5936.861 5979.061 252.89031036813304 254.68788843127706 260.92253151940236 63.22257759203326 63.671972107819265 65.23063287985059
 406048 2048 6354.094 6519.794 6561.995 253.4553299720588 255.09588309078478 261.74819069406277 63.3638324930147 63.773970772696195 65.43704767351569
 446624 2048 6968.975 6982.088 7030.01 260.2232292699441 262.00928776606656 262.5022910829785 65.05580731748603 65.50232194151664 65.62557277074463
 491264 2048 7663.965 7673.979 7775.068 258.803825767183 262.2130375910594 262.55565415551877 64.70095644179575 65.55325939776485 65.63891353887969
 540384 1024 4217.148 4299.164 4300.117 257.36658607196034 257.4236367814766 262.43006695520285 64.34164651799009 64.35590919536915 65.60751673880071
 594400 1024 4638.91 4727.84 4740.0 256.8209282700422 257.4814714541947 262.41750756104346 64.20523206751055 64.37036786354868 65.60437689026087
 653824 1024 5100.012 5210.876 5219.936 256.5225995107986 256.96860796534014 262.5545884990074 64.13064987769965 64.24215199133504 65.63864712475186
 719200 1024 5608.082 5719.9 5720.139 257.4975188539999 257.5082781167503 262.64266464006766 64.37437971349998 64.37706952918758 65.66066616001692
 791104 1024 6168.842 6293.058 6312.132 256.67729889045415 257.4552772277008 262.6394049320764 64.16932472261354 64.3638193069252 65.6598512330191
 870208 1024 6784.916 6921.053 6929.874 257.17437055854117 257.50214367669196 262.6688353989939 64.29359263963529 64.37553591917299 65.66720884974848
 957216 1024 7461.071 7616.997 7620.096 257.2642612376537 257.36893003896415 262.7475824851419 64.31606530941343 64.34223250974104 65.68689562128547
 1052928 512 4107.952 4163.98 4189.014 257.38712546675663 258.93454627543844 262.46613202880656 64.34678136668916 64.73363656885961 65.61653300720164
 1158208 512 4515.171 4592.18 4637.003 255.76972712762964 258.2662247559982 262.67111300989484 63.94243178190741 64.56655618899956 65.66777825247371
 1274016 512 5094.051 5095.005 5152.225 253.20951317149382 256.05320976132504 256.10116270920724 63.302378292873456 64.01330244033126 64.02529067730181
 1401408 512 5594.015 5604.982 5643.845 254.26669088183675 256.0296878741092 256.5316310378145 63.56667272045919 64.0074219685273 64.13290775945363
 1541536 512 6137.848 6162.882 6198.883 254.64795254241776 256.13550024160776 257.1801817184134 63.66198813560444 64.03387506040194 64.29504542960335
 1695680 512 6756.067 6783.962 6818.056 254.6732265032731 255.95313181294352 257.0099319618944 63.668306625818275 63.98828295323588 64.2524829904736
 1865248 512 7428.169 7486.82 7492.065 254.93825160352986 255.1168522817431 257.13119235709365 63.734562900882466 63.77921307043577 64.28279808927341
 2051744 512 8193.016 8229.971 8256.912 254.451767924861 255.28472165940804 256.4361959014849 63.61294198121525 63.82118041485201 64.10904897537122
 2256896 256 4503.012 4508.972 4523.039 255.47662799281636 256.2736588295514 256.6128520199369 63.86915699820409 64.06841470738784 64.15321300498422
 2482560 256 4909.992 4980.087 5030.155 252.6901695872195 255.23062548907276 258.8742955182004 63.17254239680487 63.80765637226819 64.7185738795501
 2730816 256 5389.929 5397.797 5398.989 258.9702983280759 259.02748695440016 259.40560478625974 64.74257458201897 64.75687173860004 64.85140119656494
 3003872 256 5942.106 5944.014 5953.074 258.35097363143814 258.74475800359824 258.8278404996478 64.58774340785953 64.68618950089956 64.70696012491194
 3304256 256 6518.841 6519.079 6527.901 259.1612636282321 259.5119758481221 259.52145051551344 64.79031590705803 64.87799396203053 64.88036262887836
 3634656 256 7143.021 7168.055 7169.008 259.58178202618825 259.6162936807823 260.52616560976094 64.89544550654706 64.90407342019557 65.13154140244023
 3998112 256 7862.091 7871.866 7875.919 259.91041096283493 260.0442314439804 260.3675464962184 64.97760274070873 65.0110578609951 65.0918866240546
 4397920 128 4380.941 4421.949 4433.87 253.92434148948888 254.60888852404221 256.9921667513897 63.48108537237222 63.652222131010554 64.24804168784742
 4837696 128 4801.989 4801.989 4873.037 254.1433968180418 257.90358453549146 257.90358453549146 63.53584920451045 64.47589613387287 64.47589613387287
 5321440 128 5264.044 5346.06 5360.842 254.1184090111218 254.82105326165436 258.79127150153005 63.52960225278045 63.70526331541359 64.69781787538251
 5853568 128 5792.856 5846.024 5884.886 254.63762730492994 256.33035512683495 258.6830067931949 63.659406826232484 64.08258878170874 64.67075169829873
 6438912 128 6316.9 6333.113 6475.925 254.5368379034655 260.27665572997034 260.94468362646234 63.63420947586638 65.06916393249259 65.23617090661558
 7082784 128 6952.047 6963.968 7117.033 254.76806191568875 260.367753556593 260.8142183158428 63.69201547892219 65.09193838914825 65.2035545789607
 7791040 128 7637.978 7653.952 7836.103 254.52782333259273 260.58515130484227 261.130136797985 63.63195583314818 65.14628782621057 65.28253419949625
 8570144 64 4203.081 4220.009 4307.032 254.69474849501927 259.94694134538577 260.9938832965627 63.67368712375482 64.98673533634644 65.24847082414067
 9427136 64 4621.029 4664.898 4728.794 255.1757187984928 258.6709094175264 261.1265603396992 63.7939296996232 64.6677273543816 65.2816400849248
 10369824 64 5095.005 5130.053 5202.055 255.15637031903734 258.7375748359715 260.51740322139034 63.789092579759334 64.68439370899287 65.12935080534758
 11406784 64 5609.989 5649.09 5677.938 257.1476391605544 258.460805545672 260.2622486425553 64.2869097901386 64.615201386418 65.06556216063882
 12547456 64 6181.955 6206.036 6250.858 256.93662661989765 258.7923060710573 259.8003977706082 64.23415665497441 64.69807651776432 64.95009944265205
 13802176 64 6806.135 6824.017 6884.098 256.63180971566646 258.89128470811255 259.5714789671377 64.15795242891662 64.72282117702814 64.89286974178442
 15182368 64 7451.057 7452.011 7456.064 260.63927348263104 260.78102997969273 260.81441921595825 65.15981837065776 65.19525749492318 65.20360480398956
 16700576 64 8192.062 8197.069 8203.983 260.56535319490547 260.78513283223555 260.9445250780573 65.14133829872637 65.19628320805889 65.23613126951433
 18370624 32 4515.886 4537.821 4557.848 257.95505598256017 259.0935023660034 260.3519964852965 64.48876399564004 64.77337559150085 65.08799912132413
 20207680 32 4976.034 4981.995 4988.194 259.27049348922674 259.5930987485937 259.90407621812875 64.81762337230668 64.89827468714843 64.97601905453219
 22228448 32 5475.044 5488.157 5526.066 257.43823399865295 259.216467750467 259.8373039559134 64.35955849966324 64.80411693761675 64.95932598897835
 24451264 32 6159.067 6245.136 6258.965 250.0223113565901 250.5759515885643 254.07758934916603 62.50557783914753 62.64398789714107 63.51939733729151
 26896384 32 6651.163 6705.999 6773.949 254.1159633767541 256.69084889514596 258.8071553801944 63.52899084418853 64.17271222378649 64.7017888450486
 29586016 32 7342.1 7405.996 7465.124 253.6468281035921 255.67189396267565 257.8969264924204 63.411707025898025 63.91797349066891 64.4742316231051
 32544608 32 8191.109 8460.999 8636.951 241.1562728560114 246.1712750468355 254.28240693659433 60.28906821400285 61.54281876170887 63.57060173414858
 35799040 16 4888.058 4889.011 6196.022 184.88786514960728 234.3151365378396 234.36081977750672 46.22196628740182 58.5787841344599 58.59020494437668
 39378944 16 5071.878 5254.984 6489.038 194.19306960446218 239.79639291004497 248.45357242425786 48.548267401115545 59.94909822751124 62.113393106064464
 43316832 16 5409.002 5570.889 6994.963 198.16239542653764 248.81820908655692 256.26513430758575 49.54059885663441 62.20455227163923 64.06628357689644
 47648512 16 7010.937 7273.912 7777.929 196.03578073289174 209.6193058150827 217.48196910056387 49.008945183222934 52.404826453770674 54.37049227514097
 52413344 16 6534.1 8827.209 9483.814 176.85152914217846 190.0064910664288 256.68829800584626 44.212882285544616 47.5016227666072 64.17207450146157
 57654656 16 7155.18 7164.955 7232.904 255.07721269354604 257.4962427537926 257.8480194767986 63.76930317338651 64.37406068844815 64.46200486919965
 63420096 16 7853.031 8624.077 10907.888 186.05279702175156 235.32293044229544 258.4279970370676 46.51319925543789 58.83073261057386 64.6069992592669
 69762080 8 5254.984 5613.804 6021.976 185.35332588505833 198.83011234449938 212.40659914473574 46.33833147126458 49.707528086124846 53.101649786183934
 76738272 8 5686.045 7277.966 7385.015 166.25725905769994 168.70267764372628 215.93433608070285 41.564314764424985 42.17566941093157 53.98358402017571
 84412096 8 5550.861 5874.872 6017.923 224.4285172807961 229.89327018529085 243.31244035835164 56.10712932019902 57.47331754632271 60.82811008958791
 92853280 8 6189.108 6224.155 6375.074 233.04082117321306 238.69143361629008 240.04306921126596 58.260205293303265 59.67285840407252 60.01076730281649
 102138592 8 6536.007 6583.929 6687.164 244.38124622037085 248.21310679383083 250.03300516661014 61.095311555092714 62.05327669845771 62.508251291652535
 112352448 8 6996.155 7083.178 7171.154 250.67641386588542 253.78991859303832 256.94673259812 62.669103466471356 63.44747964825958 64.23668314953
 123587680 8 7980.824 8244.991 8267.879 239.1668866948827 239.8308112161675 247.76926292322702 59.79172167372067 59.95770280404187 61.942315730806754
 135946432 4 6104.946 6114.96 6222.01 174.79423144610826 177.85422243154494 178.1459583753894 43.698557861527064 44.463555607886235 44.53648959384735
 149541056 4 7278.919 7514.954 7642.031 156.54587739829898 159.19305001733878 164.35523571563306 39.136469349574746 39.798262504334694 41.088808928908264
 164495136 4 8431.911 8552.074 8587.122 153.24821144965682 153.8762513046543 156.06913877530252 38.312052862414205 38.46906282616357 39.01728469382563
 180944640 4 9397.984 9607.077 9636.164 150.22130383003028 150.67612344524773 154.028472489419 37.55532595750757 37.66903086131193 38.50711812235475
 199039104 4 10755.062 10798.931 10894.06 146.16339840243216 147.45096824861645 148.0524084379988 36.54084960060804 36.86274206215411 37.0131021094997
 218943008 4 12137.175 12206.078 12223.959 143.2877894960217 143.49769549236046 144.31233495438602 35.821947374005426 35.874423873090116 36.078083738596504
 240837280 4 13607.025 13610.84 13659.0 141.05704956438979 141.55615964922075 141.59584773306435 35.264262391097446 35.389039912305186 35.39896193326609
 264920992 4 15170.813 15236.855 15268.087 138.81031304052698 139.09484181610972 139.7003533034123 34.702578260131745 34.77371045402743 34.925088325853075
 291413088 2 8601.904 8671.045 8703.947 133.9222713557424 134.43043508596713 135.51096966439056 33.4805678389356 33.60760877149178 33.87774241609764
 320554368 2 9531.975 9588.003 9630.919 133.13552652659627 133.73144251206426 134.51750261619443 33.283881631649066 33.432860628016066 33.62937565404861
 352609792 2 10619.164 10648.012 10668.993 132.199840041136 132.4603285571053 132.82017002468368 33.049960010284 33.115082139276325 33.20504250617092
 387870752 2 11758.089 11831.999 11841.059 131.02569694146445 131.1260259572368 131.9502691296179 32.75642423536611 32.7815064893092 32.98756728240448
 426657824 2 13056.993 13092.995 13119.936 130.07923941092395 130.34689893336093 130.70630397060026 32.51980985273099 32.58672473334023 32.676575992650065
 469323584 2 14482.975 14531.851 14542.103 129.0937312161797 129.18480488136026 129.6207675563895 32.27343280404492 32.296201220340066 32.405191889097374
 516255936 2 16085.863 16111.135 16182.184 127.61094200881661 128.17369750796576 128.3750672251778 31.902735502204152 32.04342437699144 32.09376680629445
 567881504 1 9011.03 9034.157 9041.071 125.62261793984365 125.71875914930415 126.04141901647202 31.405654484960912 31.429689787326037 31.510354754118005
 624669632 1 9910.107 9948.969 9993.076 125.02049058768294 125.57474689085876 126.06718212023343 31.255122646920736 31.39368672271469 31.516795530058356
 687136576 1 10980.129 11028.051 11056.185 124.29903732616631 124.61614042227409 125.1600187939504 31.07475933154158 31.15403510556852 31.2900046984876
 755850208 1 12115.955 12142.897 12193.918 123.97167309145429 124.4925668067513 124.76939836768956 30.992918272863573 31.123141701687825 31.19234959192239
 831435200 1 13361.931 13401.031 13408.899 124.01244874765632 124.08525881329578 124.44836004616398 31.00311218691408 31.021314703323945 31.112090011540996
 914578720 1 14808.893 14811.039 14835.835 123.29319111462213 123.49960323512751 123.51749992386331 30.823297778655533 30.874900808781877 30.879374980965828
 1006036576 1 16298.771 16323.09 16352.177 123.04619452198935 123.26545721428971 123.44937860652193 30.761548630497337 30.816364303572428 30.862344651630483
 
META_DATA
 FLOPS          4
 MPI_PROCS      4
 OPENMP_THREADS 1
 ERT_VERSION  1.1.0
 HOSTNAME  ('c3cpu-a7-u1-3.rc.int.colorado.edu', [], ['10.225.64.156'])
 UNAME  uname_result(system='Linux', node='c3cpu-a7-u1-3.rc.int.colorado.edu', release='4.18.0-305.34.2.el8_4.x86_64', version='#1 SMP Mon Jan 17 09:42:23 EST 2022', machine='x86_64', processor='x86_64')
 TIMESTAMP_DATA  1728533581.271031
 CONFIG  {'nux': ['workstation,', 'MPI', 'and', 'OpenMP', '(8-core', 'Intel', 'Xeon', 'CPU', 'E5530,', '2.40', 'GHz)'], 'ERT_RESULTS': ['Results.alpine'], 'ERT_DRIVER': ['driver1'], 'ERT_KERNEL': ['kernel1'], 'ERT_MPI': ['True'], 'ERT_MPI_CFLAGS': ['-I/usr/include/mpi'], 'ERT_MPI_LDFLAGS': ['-lmpi'], 'ERT_OPENMP': ['True'], 'ERT_OPENMP_CFLAGS': ['-qopenmp'], 'ERT_OPENMP_LDFLAGS': ['-qopenmp'], 'ERT_FLOPS': ['1,2,4,8,16'], 'ERT_ALIGN': ['32'], 'ERT_CC': ['icpc'], 'ERT_CFLAGS': ['-O3', '-fno-alias', '-fno-fnalias', '-DERT_INTEL'], 'ERT_LD': ['icpc'], 'ERT_LDFLAGS': [], 'ERT_LDLIBS': [], 'ERT_PRECISION': ['FP64'], 'ERT_RUN': ['export', 'OMP_NUM_THREADS=ERT_OPENMP_THREADS;', 'mpirun', '-np', 'ERT_MPI_PROCS', 'ERT_CODE'], 'ERT_PROCS_THREADS': ['1-8'], 'ERT_MPI_PROCS': ['1,2,4,8'], 'ERT_OPENMP_THREADS': ['1,2,4,8'], 'ERT_NUM_EXPERIMENTS': ['3'], 'ERT_MEMORY_MAX': ['1073741824'], 'ERT_WORKING_SET_MIN': ['1'], 'ERT_TRIALS_MIN': ['1'], 'ERT_GNUPLOT': ['gnuplot'], 'ERT_GPU': [False], 'ERT_HIP': [False], 'ERT_OCL': [False], 'ERT_SYCL': [False], 'ERT_WSS_MULT': [1.1]}
 TIMESTAMP_DATA  1728533588.3363981
 TIMESTAMP_DATA  1728533595.4175663
 