fp64
 16 67108864 652682.066 652709.961 652740.002 3.2899525713455513 3.2901039915338446 3.2902446073951115 1.6449762856727757 1.6450519957669223 1.6451223036975557
 32 33554432 337246.18 337249.994 355916.023 6.033680725860438 6.3676313897873635 6.367703402896958 3.016840362930219 3.1838156948936818 3.183851701448479
 48 16777216 168666.124 168689.966 181610.107 8.868519283455958 9.54776845470465 9.549118090838443 4.434259641727979 4.773884227352325 4.774559045419221
 64 16777216 170595.884 170607.805 183856.964 11.680186604190853 12.587253250224983 12.58813282974635 5.840093302095426 6.293626625112491 6.294066414873175
 80 8388608 85083.961 85105.896 90924.025 14.761525130459196 15.77067327979251 15.77473902513777 7.380762565229598 7.885336639896255 7.887369512568885
 96 8388608 85285.902 85294.008 92009.068 17.504934796209433 18.88307014485707 18.884864886578793 8.752467398104717 9.441535072428534 9.442432443289396
 112 8388608 85452.08 85472.107 91872.215 20.452845204613823 21.984343874897103 21.989496241636246 10.226422602306911 10.992171937448552 10.994748120818123
 128 8388608 85942.984 85985.184 93132.019 23.058489132507695 24.975042770159106 24.987306095864675 11.529244566253848 12.487521385079553 12.493653047932337
 144 4194304 43102.026 43104.887 43111.086 28.019696650648047 28.023726219256762 28.02558636106804 14.009848325324024 14.011863109628381 14.01279318053402
 160 4194304 43543.1 43565.989 43678.999 30.728206019556445 30.80791486221052 30.8241094455838 15.364103009778223 15.40395743110526 15.4120547227919
 176 4194304 44055.939 44107.914 44229.984 33.37995799410644 33.47233804799746 33.51182704334142 16.68997899705322 16.73616902399873 16.75591352167071
 192 4194304 43826.103 43840.17 43842.077 36.736688729413984 36.73828673565819 36.75007873732236 18.368344364706992 18.369143367829096 18.37503936866118
 208 4194304 44073.105 44090.986 44097.9 39.56720079640981 39.573405412162934 39.58946082877528 19.783600398204904 19.786702706081467 19.79473041438764
 224 4194304 44366.121 44370.89 44372.082 42.34753266704952 42.348670310647364 42.35322245097785 21.17376633352476 21.174335155323682 21.176611225488926
 240 4194304 44677.973 44683.933 44703.007 45.03647640526732 45.055700893652315 45.061711282201635 22.51823820263366 22.527850446826157 22.530855641100818
 256 4194304 45306.921 45315.981 45320.034 47.38486400959011 47.38910204768601 47.39857842028153 23.692432004795055 23.694551023843005 23.699289210140766
 272 2097152 22816.896 22819.996 22828.102 49.97571361824124 49.993465730668845 50.00025805438216 24.98785680912062 24.996732865334423 25.00012902719108
 288 2097152 23036.003 23041.01 23043.871 52.41999280416037 52.4265017896351 52.43789697370676 26.209996402080186 26.21325089481755 26.21894848685338
 304 2097152 23518.085 23519.039 23531.199 54.18629182473873 54.2143076509206 54.216506828681 27.093145912369366 27.1071538254603 27.1082534143405
 320 2097152 23761.034 23766.994 23767.948 56.47005286278816 56.472319553747525 56.4864845528187 28.23502643139408 28.236159776873762 28.24324227640935
 352 2097152 24509.907 24512.053 24524.927 60.199771766904746 60.23138934955795 60.2366629950901 30.099885883452373 30.115694674778975 30.11833149754505
 384 2097152 25676.966 25684.118 25686.026 62.70385056839855 62.70850865893079 62.725975335247945 31.351925284199275 31.354254329465395 31.362987667623972
 416 2097152 27506.113 27510.881 28187.037 61.90187581617749 63.423285644687276 63.434279645401006 30.950937908088743 31.711642822343638 31.717139822700503
 448 2097152 28917.074 28984.07 29091.12 64.59181330935351 64.83037723825535 64.98057832545575 32.295906654676756 32.415188619127676 32.490289162727876
 480 2097152 30822.039 30843.973 30981.064 64.98375652947232 65.27258728958165 65.31903745887804 32.49187826473616 32.636293644790825 32.65951872943902
 528 1048576 16742.945 16742.945 16762.018 66.05984172072837 66.13509487130251 66.13509487130251 33.029920860364186 33.06754743565126 33.06754743565126
 576 1048576 18300.056 18301.01 18640.041 64.80455445350147 66.0050757854348 66.00851669524944 32.40227722675073 33.0025378927174 33.00425834762472
 624 1048576 19598.007 19611.12 19618.034 66.70509634145807 66.7286135621015 66.77326158726241 33.35254817072904 33.36430678105075 33.386630793631205
 672 1048576 20925.999 20977.02 21013.975 67.06423434880836 67.18238071947303 67.34618232563234 33.53211717440418 33.591190359736515 33.67309116281617
 736 1048576 22897.959 22909.88 22940.874 67.28182509524267 67.37284839553939 67.40792364943968 33.64091254762133 33.686424197769696 33.70396182471984
 800 1048576 23840.189 24007.082 24025.917 69.82965936326175 69.88444493170807 70.37367027585226 34.91482968163088 34.94222246585404 35.18683513792613
 880 1048576 26722.908 26767.015 26953.936 68.46843295910475 68.94656576387021 69.06036423880215 34.23421647955237 34.473282881935106 34.530182119401076
 960 1048576 28698.921 28727.055 29058.933 69.28216944510659 70.08257268278979 70.15127572217784 34.641084722553295 35.041286341394894 35.07563786108892
 1056 524288 15473.127 15491.962 15686.035 70.5912141596012 71.47553395754521 71.56253910408671 35.2956070798006 35.737766978772605 35.781269552043355
 1152 524288 17401.934 17404.079 17416.0 69.35918419843821 69.40669207488656 69.4152472937778 34.67959209921911 34.70334603744328 34.7076236468889
 1264 524288 18974.066 18990.993 18996.954 69.76908319091577 69.79098270427461 69.85324410698267 34.88454159545788 34.895491352137306 34.926622053491336
 1376 524288 20243.168 20244.122 20326.853 70.98199490103067 71.27207472865457 71.27543356850073 35.49099745051534 35.63603736432729 35.637716784250365
 1504 524288 22265.911 22339.106 22746.086 69.33317248514756 70.59630336146844 70.82837544801109 34.66658624257378 35.29815168073422 35.414187724005544
 1648 524288 24169.922 24463.892 24482.965 70.58186163318045 70.63688999281062 71.49602088082865 35.290930816590226 35.31844499640531 35.748010440414326
 1808 524288 26371.002 26392.937 26407.003 71.79252442997792 71.83078594095079 71.89053370061555 35.89626221498896 35.915392970475395 35.945266850307775
 1984 524288 28951.883 28967.857 29351.95 70.87688497697768 71.81666161911805 71.8562859624709 35.43844248848884 35.908330809559025 35.92814298123545
 2176 262144 15849.113 15852.928 15919.924 71.66181748103821 71.96466722109632 71.98198965456301 35.83090874051911 35.98233361054816 35.990994827281504
 2384 262144 17440.081 17446.041 17506.123 71.39802410847908 71.64391004239872 71.6683937419786 35.69901205423954 35.82195502119936 35.8341968709893
 2608 262144 19002.914 19016.027 19020.081 71.88944694820175 71.90477295809477 71.95439099498108 35.944723474100876 35.952386479047384 35.97719549749054
 2864 262144 20843.029 20854.95 20863.056 71.97223800770126 72.00021251549393 72.0413924482857 35.98611900385063 36.000106257746964 36.02069622414285
 3136 262144 22746.086 22759.914 22814.989 72.06521852804751 72.23960371730755 72.28352025047299 36.032609264023755 36.11980185865377 36.141760125236495
 3440 262144 25053.978 25075.912 25133.848 71.7578430489434 71.92363412345681 71.98660108985489 35.8789215244717 35.961817061728404 35.99330054492744
 3776 262144 27333.975 27350.187 27484.179 72.03094871416752 72.38383737559089 72.42676881061024 36.01547435708376 36.19191868779544 36.21338440530512
 4144 131072 15013.933 15019.894 15021.086 72.3199864510462 72.32572586730637 72.35444143782978 36.1599932255231 36.16286293365319 36.17722071891489
 4544 131072 16416.788 16423.941 16449.928 72.41261700355163 72.52719283392459 72.55879383957446 36.206308501775816 36.263596416962294 36.27939691978723
 4992 131072 18035.173 18072.844 18111.944 72.25192657397793 72.40824122645002 72.55948407037737 36.12596328698896 36.20412061322501 36.27974203518868
 5488 131072 19829.035 19833.803 19906.998 72.26836874148478 72.535069144329 72.55251059872556 36.13418437074239 36.2675345721645 36.27625529936278
 6032 131072 21776.915 21780.968 21808.863 72.5050456779888 72.59790327041479 72.6114147940606 36.2525228389944 36.298951635207395 36.3057073970303
 6624 131072 23878.098 23893.118 23895.025 72.66959779284599 72.6753978279436 72.7211127117411 36.334798896422996 36.3376989139718 36.36055635587055
 7280 131072 26222.944 26223.898 26246.071 72.71215261133752 72.77363266132288 72.77628019188083 36.35607630566876 36.38681633066144 36.388140095940415
 8000 131072 28789.043 28795.004 28815.031 72.77979329607524 72.83041183116347 72.84549194636307 36.38989664803762 36.41520591558174 36.422745973181534
 8800 65536 15839.815 15847.921 15851.974 72.76277389806468 72.78138249174765 72.81862824786779 36.38138694903234 36.390691245873825 36.409314123933896
 9680 65536 17412.901 17421.007 17436.981 72.76356841817973 72.83028816876084 72.86419190001712 36.381784209089865 36.41514408438042 36.43209595000856
 10640 65536 19109.011 19115.925 19120.932 72.93609328248225 72.95519730277243 72.98159386689348 36.46804664124112 36.47759865138622 36.49079693344674
 11696 65536 21030.903 21040.916 21287.918 72.01352955230284 72.85890557236196 72.89359434542587 36.00676477615142 36.42945278618098 36.446797172712934
 12864 65536 23111.105 23115.873 23324.966 72.28778845808394 72.94166255369201 72.9567109837457 36.14389422904197 36.470831276846006 36.47835549187285
 14144 65536 25408.03 25415.182 25650.978 72.27336002549299 72.94389503093072 72.96442770258065 36.136680012746496 36.47194751546536 36.482213851290325
 15552 65536 27918.816 27923.822 28157.949 72.39276354964632 72.99973993531401 73.01282919734132 36.19638177482316 36.499869967657006 36.50641459867066
 17104 32768 15348.911 15351.057 15496.016 72.33651178470647 73.01958060607814 73.02978980072268 36.16825589235324 36.50979030303907 36.51489490036134
 18800 32768 16861.916 16865.969 16989.946 72.51799387708472 73.05105327775712 73.06861213162252 36.25899693854236 36.52552663887856 36.53430606581126
 20672 32768 18549.919 18551.111 18674.85 72.54463580698105 73.0285206098977 73.03321335257583 36.272317903490524 36.51426030494885 36.516606676287914
 22736 32768 20393.133 20395.041 20518.78 72.61769442432737 73.05827411673259 73.06510951505098 36.308847212163684 36.529137058366295 36.53255475752549
 25008 32768 22433.043 22463.083 22547.007 72.68921715418813 72.96079028867052 73.05849179712266 36.344608577094064 36.48039514433526 36.52924589856133
 27504 32768 24647.951 24670.839 24784.088 72.72820141697366 73.06205289572843 73.12989805927478 36.36410070848683 36.531026447864214 36.56494902963739
 30240 32768 27096.033 27107.954 27197.838 72.86640357222511 73.10801250437417 73.14017664504615 36.433201786112555 36.55400625218709 36.57008832252308
 33264 16384 14981.985 14991.999 15038.013 72.4826313157197 72.7050976991127 72.75369398647776 36.24131565785985 36.35254884955635 36.37684699323888
 36576 16384 16466.856 16466.856 16498.089 72.64613301576927 72.78392232251257 72.78392232251257 36.32306650788463 36.39196116125628 36.39196116125628
 40224 16384 18090.963 18092.871 18141.985 72.65247060892179 72.84968936107487 72.85737260089472 36.326235304460894 36.42484468053743 36.42868630044736
 44240 16384 19891.977 19912.958 19975.185 72.57286077700907 72.7996473452111 72.87643254363306 36.286430388504535 36.39982367260555 36.43821627181653
 48656 16384 21857.023 21860.123 21939.039 72.67227192585783 72.9346220055578 72.94496638448888 36.336135962928914 36.4673110027789 36.47248319224444
 53520 16384 24051.905 24054.05 24135.113 72.66356532078387 72.90844410816474 72.91494623814621 36.33178266039194 36.45422205408237 36.45747311907311
 58864 16384 26439.19 26444.912 26509.047 72.76216123499272 72.93862622798669 72.95441168961682 36.38108061749636 36.469313113993344 36.47720584480841
 64736 16384 29063.94 29075.146 29158.115 72.750561824727 72.95816323673834 72.98629325549116 36.3752809123635 36.47908161836917 36.49314662774558
 71200 8192 16095.161 16130.924 16136.885 72.2903336052776 72.31704767811192 72.47773414630646 36.1451668026388 36.15852383905596 36.23886707315323
 78320 8192 17789.125 17812.014 17818.928 72.01302345460961 72.04097638818385 72.13367043067042 36.006511727304805 36.020488194091925 36.06683521533521
 86144 8192 19520.044 19520.998 19571.066 72.11581096297974 72.30077560583736 72.3043091501228 36.05790548148987 36.15038780291868 36.1521545750614
 94752 8192 21468.163 21481.037 21533.012 72.09473379757557 72.2691724798947 72.31251076303082 36.047366898787786 36.13458623994735 36.15625538151541
 104224 8192 23592.949 23602.962 23651.838 72.19760324757847 72.34710694361158 72.37781152326484 36.098801623789235 36.17355347180579 36.18890576163242
 114640 8192 25959.969 25962.114 26022.196 72.17921807982692 72.34625654906222 72.35223431892388 36.08960903991346 36.17312827453111 36.17611715946194
 126096 8192 28518.915 28534.889 28585.911 72.27185671990652 72.40108289890316 72.4416361562142 36.13592835995326 36.20054144945158 36.2208180781071
 138704 4096 15681.028 15688.896 15721.798 72.27310565878024 72.42467334858998 72.46101263259015 36.13655282939012 36.21233667429499 36.23050631629508
 152560 4096 17247.915 17252.922 17281.055 72.32032535050666 72.43825248847703 72.4592810203436 36.16016267525333 36.21912624423852 36.2296405101718
 167808 4096 18972.158 18979.788 18993.139 72.37788003341628 72.42879298757182 72.45792155009462 36.18894001670814 36.21439649378591 36.22896077504731
 184576 4096 20843.983 20853.996 20879.03 72.41938883176086 72.50632406374298 72.54115453845841 36.20969441588043 36.25316203187149 36.27057726922921
 203024 4096 22933.96 22962.809 22969.007 72.40942579711869 72.42897016649836 72.52007974200706 36.20471289855934 36.21448508324918 36.26003987100353
 223312 4096 25207.043 25233.984 25241.852 72.47375921544902 72.49635665933687 72.57383993830612 36.23687960772451 36.248178329668434 36.28691996915306
 245632 4096 27730.942 27739.048 27755.022 72.49921632200473 72.54096622205637 72.56217058908422 36.249608161002364 36.270483111028184 36.28108529454211
 270192 2048 15252.113 15253.067 15262.127 72.51325008630842 72.55632142702842 72.56085973136967 36.25662504315421 36.27816071351421 36.28042986568484
 297200 2048 16771.078 16778.946 16788.006 72.5119588353733 72.5511125669038 72.58514926708945 36.25597941768665 36.2755562834519 36.292574633544724
 326912 2048 18433.094 18437.862 18461.943 72.52928643534433 72.62401421596496 72.64279952133917 36.264643217672166 36.31200710798248 36.321399760669586
 359600 2048 20282.03 20289.898 20306.11 72.53588205717392 72.59383955503374 72.622000854944 36.26794102858696 36.29691977751687 36.311000427472
 395552 2048 22312.88 22313.118 22325.993 72.5692690130289 72.61114255748569 72.61191706314918 36.28463450651445 36.305571278742846 36.30595853157459
 435104 2048 24528.98 24558.783 24566.889 72.54422747625881 72.56817180232424 72.6563429869485 36.272113738129406 36.28408590116212 36.32817149347425
 478608 2048 26988.983 27004.004 27010.918 72.57725812947194 72.59584052794541 72.63624450020959 36.28862906473597 36.297920263972706 36.31812225010479
 526464 1024 14853.954 14868.975 14900.923 72.35781783450597 72.51328837394642 72.58661713911327 36.17890891725298 36.25664418697321 36.293308569556636
 579104 1024 16330.004 16337.872 16349.077 72.54262684064672 72.59237873818573 72.62735465343424 36.27131342032336 36.296189369092865 36.31367732671712
 637008 1024 17972.231 17977.953 18229.961 71.56309242789932 72.56623621165323 72.58933985435642 35.78154621394966 36.28311810582662 36.29466992717821
 700704 1024 19763.947 19767.046 20005.941 71.73078197121545 72.59768566330042 72.60906902857005 35.865390985607725 36.29884283165021 36.304534514285024
 770768 1024 21747.828 21755.934 22061.11 71.55273982134172 72.55642823700421 72.58347196786733 35.77636991067086 36.278214118502106 36.29173598393366
 847840 1024 23915.052 23936.033 24234.056 71.65025615192108 72.54235988060344 72.60600227839772 35.82512807596054 36.27117994030172 36.30300113919886
 932624 1024 26320.219 26321.888 26674.032 71.60574569303958 72.56371397066958 72.56831533202667 35.80287284651979 36.28185698533479 36.284157666013336
 1025872 1024 28962.135 29214.144 29308.081 71.68623070203743 71.91673512665645 72.54250613775538 35.84311535101872 35.958367563328224 36.27125306887769
 1128448 512 15925.884 16068.935 16120.911 71.6789982898609 71.91084860322105 72.5567731122492 35.83949914493045 35.95542430161053 36.2783865561246
 1241280 512 17675.877 17713.07 17754.793 71.59028663414999 71.75891700309433 71.90990976006452 35.795143317074995 35.87945850154716 35.95495488003226
 1365408 512 19459.009 19460.917 19510.984 71.66105984198438 71.84542187811601 71.85246648480404 35.83052992099219 35.92271093905801 35.92623324240202
 1501936 512 21384.001 21404.982 21456.957 71.67756658131906 71.85161211534772 71.92210961830763 35.83878329065953 35.92580605767386 35.961054809153815
 1652128 512 23514.986 23526.192 23601.055 71.68234945429347 71.91045078608558 71.94471950780664 35.841174727146736 35.95522539304279 35.97235975390332
 1817328 512 25799.99 25861.979 25968.075 71.66275790562065 71.95674669753618 72.12963539908348 35.831378952810326 35.97837334876809 36.06481769954174
 1999056 512 28420.925 28427.839 28545.141 71.71214687641584 72.00805323260765 72.02557073705377 35.85607343820792 36.004026616303825 36.012785368526885
 2198960 256 15630.007 15662.909 15707.016 71.67927504498626 71.88112501962439 72.03243862910617 35.83963752249313 35.940562509812196 36.016219314553084
 2418848 256 17194.033 17220.974 17256.975 71.76519500086198 71.91522244909028 72.02790502961113 35.88259750043099 35.95761122454514 36.01395251480557
 2660720 256 18904.924 18908.024 18980.026 71.77485636742541 72.0481759490045 72.05999029670788 35.88742818371271 36.02408797450225 36.02999514835394
 2926784 256 20799.875 20811.081 20869.017 71.8056537114326 72.00555357984528 72.04434680496878 35.9028268557163 36.00277678992264 36.02217340248439
 3219456 256 22890.091 22917.986 22943.02 71.84588044642771 71.92435984558153 72.01201043718 35.92294022321386 35.96217992279077 36.00600521859
 3541392 256 25176.048 25197.029 25259.018 71.78397449972124 71.96057535195915 72.02054524204911 35.89198724986062 35.980287675979575 36.010272621024555
 3895520 256 27687.073 27712.822 27775.049 71.80927889632166 71.97052108226293 72.03745372434277 35.90463944816083 35.98526054113147 36.018726862171384
 4285072 128 15220.881 15245.914 15265.942 71.85789334192414 71.9522904300785 72.07062666083522 35.92894667096207 35.97614521503925 36.03531333041761
 4713568 128 16754.15 16757.965 16789.913 71.86894941027984 72.00596301519903 72.02235911699488 35.93447470513992 36.002981507599515 36.01117955849744
 5184912 128 18441.2 18450.975 18488.169 71.79388461886084 71.93860877270714 71.97674077608832 35.89694230943042 35.96930438635357 35.98837038804416
 5703392 128 20285.13 20301.104 20328.045 71.82532073300703 71.92063801062247 71.97727359893675 35.912660366503516 35.960319005311234 35.988636799468374
 6273728 128 22301.912 22322.893 22347.927 71.866816461321 71.94741147574376 72.01509753961902 35.9334082306605 35.97370573787188 36.00754876980951
 6901088 128 24532.08 24553.061 24577.141 71.88299599208874 71.95349402667145 72.01503207229064 35.94149799604437 35.976747013335725 36.00751603614532
 7591184 128 27010.918 27015.209 27042.866 71.86158094338077 71.93514971511048 71.94657745434642 35.930790471690386 35.96757485755524 35.97328872717321
 8350288 128 29693.842 29709.101 29737.949 71.88369742647687 71.95349761677407 71.99047290680674 35.941848713238436 35.976748808387036 35.99523645340337
 9185312 64 16329.05 16341.925 16342.878 71.94081336224866 71.94500868165775 72.00173531221964 35.97040668112433 35.97250434082888 36.00086765610982
 10103840 64 17957.926 17974.138 17982.006 71.92142634142152 71.95290922991688 72.01786665119346 35.96071317071076 35.97645461495844 36.00893332559673
 11114224 64 19783.02 19783.974 19788.027 71.89300236956419 71.90773057020799 71.91119818915413 35.94650118478209 35.953865285103994 35.95559909457707
 12225632 64 21723.986 21750.927 21776.199 71.86198546403806 71.945480576529 72.0347037601663 35.93099273201903 35.9727402882645 36.01735188008315
 13448192 64 23921.013 23923.874 23936.033 71.91536609261861 71.95191614869732 71.96052173877419 35.957683046309306 35.97595807434866 35.980260869387095
 14793008 64 26305.914 26307.821 26338.1 71.89224067035967 71.97498508143264 71.98020277873637 35.946120335179835 35.98749254071632 35.990101389368185
 16272304 64 28924.942 28939.962 28960.943 71.91944378330498 71.97158420595024 72.00895725218741 35.95972189165249 35.98579210297512 36.00447862609371
 17899520 32 15933.037 15942.812 15969.038 71.73689986835774 71.85490740278439 71.89899075738039 35.86844993417887 35.927453701392196 35.949495378690195
 19689472 32 17640.829 17652.035 17841.101 70.63051815019713 71.38702183629253 71.43236907970707 35.31525907509857 35.693510918146266 35.716184539853536
 21658416 32 19268.99 19274.235 19407.988 71.42103674012988 71.91666097253665 71.93623661644952 35.71051837006494 35.95833048626832 35.96811830822476
 23824256 32 21106.958 21203.995 21229.029 71.82393429299097 71.90873153856148 72.23932430244093 35.911967146495485 35.95436576928074 36.11966215122047
 26206672 32 23221.97 23307.085 23314.953 71.93782496580627 71.96210971899747 72.2258709317082 35.968912482903136 35.981054859498734 36.1129354658541
 28827328 32 25642.872 25645.971 25687.933 71.82162114795301 71.93913585880604 71.94782986866682 35.910810573976505 35.96956792940302 35.97391493433341
 31710048 32 28090.0 28222.084 28229.952 71.88971033319503 71.90975237689747 72.24788437166251 35.94485516659751 35.954876188448736 36.123942185831254
 34881040 16 15517.95 15525.103 15526.056 71.89161754923465 71.89603057705963 71.92917105674397 35.945808774617326 35.94801528852982 35.964585528371984
 38369136 16 16996.145 17060.995 17065.048 71.94895390859726 71.96604606003343 72.24063762694422 35.97447695429863 35.98302303001672 36.12031881347211
 42206048 16 18704.891 18775.94 18788.815 71.88284817323499 71.93213953602324 72.20536789014167 35.941424086617495 35.96606976801162 36.10268394507084
 46426640 16 20620.823 20644.188 20657.063 71.91983100404931 71.96468468510363 72.04622628301499 35.95991550202466 35.98234234255182 36.023113141507494
 51069296 16 22708.893 22716.045 22725.105 71.91242777536122 71.94110911472487 71.96376644163148 35.95621388768061 35.97055455736243 35.98188322081574
 56176224 16 24971.962 24989.843 24998.903 71.90872207472464 71.93479238745117 71.9863007960688 35.95436103736232 35.967396193725584 35.9931503980344
 61793840 16 27571.917 27613.163 27647.972 71.52072057943346 71.6108792027918 71.71800495409876 35.76036028971673 35.8054396013959 35.85900247704938
 67973216 8 15511.036 15535.831 15562.057 69.88609899064114 70.00407355100606 70.11597781089542 34.94304949532057 35.00203677550303 35.05798890544771
 74770528 8 17848.969 17961.979 18043.041 66.30414728869705 66.60337638742368 67.02507287675832 33.152073644348526 33.30168819371184 33.51253643837916
 82247568 8 19558.191 19755.125 19865.036 66.24508951305198 66.61365534260096 67.28439700788279 33.12254475652599 33.30682767130048 33.642198503941394
 90472320 8 21927.834 21949.053 22153.139 65.34320576420343 65.95077792194496 66.01459679054483 32.671602882101716 32.97538896097248 33.007298395272414
 99519552 8 24168.968 24291.039 24327.04 65.45444213517139 65.55145014587478 65.88253300678787 32.727221067585695 32.77572507293739 32.94126650339393
 109471504 8 26837.111 26941.061 27047.157 64.75889735841737 65.0139229483204 65.2657457801624 32.379448679208686 32.5069614741602 32.6328728900812
 120418640 8 29672.146 29681.921 29879.093 64.48315683478076 64.91150758065827 64.9328916081769 32.24157841739038 32.45575379032913 32.46644580408845
 132460496 8 32752.037 32927.99 33019.066 64.18618673223526 64.36372022707734 64.70949993125619 32.09309336611763 32.18186011353867 32.354749965628095
 145706544 4 18188.953 18294.096 18311.024 63.65850167636719 63.717406533780064 64.0857311578077 31.829250838183594 31.858703266890032 32.04286557890385
 160277184 4 20084.858 20159.96 20223.856 63.40123624297958 63.60218333766536 63.84000683499978 31.70061812148979 31.80109166883268 31.92000341749989
 176304896 4 22152.185 22183.895 22286.892 63.285592625476895 63.57941957442549 63.67043106582939 31.642796312738447 31.789709787212747 31.835215532914695
 193935376 4 24425.03 24483.919 24492.979 63.343989638826706 63.36742937272418 63.52020890045989 31.671994819413353 31.68371468636209 31.760104450229946
 213328912 4 26940.107 26986.122 27017.117 63.168520016402944 63.24107242974742 63.3490912266978 31.584260008201472 31.62053621487371 31.6745456133489
 234661792 4 29632.092 29783.964 29815.912 62.96283460992238 63.030372182829666 63.353418854126126 31.48141730496119 31.515186091414833 31.676709427063063
 258127968 4 32636.166 32778.025 32850.027 62.862162761692694 63.00024922184908 63.2740912029924 31.431081380846347 31.50012461092454 31.6370456014962
 283940752 2 18049.955 18136.024 18172.979 62.49734883862465 62.624697011869856 62.92331521048113 31.248674419312326 31.312348505934928 31.461657605240564
 312334816 2 19887.924 19963.98 19970.894 62.55800386302186 62.57966918420075 62.81898824633482 31.27900193151093 31.289834592100377 31.40949412316741
 343568288 2 21836.042 21945.0 21950.006 62.609238102258374 62.623520255183415 62.936000581057684 31.304619051129187 31.311760127591707 31.468000290528842
 377925104 2 24051.905 24139.881 24183.989 62.508315563656595 62.62252974652195 62.85158768089264 31.254157781828297 31.311264873260974 31.42579384044632
 415717600 2 26446.104 26595.116 26607.99 62.495152771780205 62.52540504053451 62.87770780905952 31.247576385890103 31.262702520267254 31.43885390452976
 457289360 2 29119.968 29222.012 29227.018 62.58447030073338 62.59519159734792 62.81454155444127 31.29223515036669 31.29759579867396 31.407270777220635
 503018288 2 32058.001 32195.091 32203.913 62.47915127580925 62.49627162103688 62.76352514930672 31.239575637904625 31.24813581051844 31.38176257465336
 553320112 1 17658.949 17704.01 17729.998 62.41626332952772 62.50788516273997 62.6673888689525 31.20813166476386 31.253942581369984 31.33369443447625
 608652112 1 19443.035 19464.97 19492.865 62.448707462961444 62.538201908351255 62.608755474646834 31.224353731480722 31.269100954175627 31.304377737323417
 669517312 1 21404.028 21425.962 23386.002 57.25795388198461 62.49589278651759 62.559936101746835 28.628976940992306 31.247946393258793 31.279968050873418
 736469040 1 23517.847 23571.968 25063.992 58.76709823399242 62.486852179673754 62.63065152179959 29.38354911699621 31.243426089836877 31.315325760899796
 810115936 1 25890.112 25957.108 27936.935 57.996049745614535 62.41958356840061 62.58110710374679 28.998024872807267 31.209791784200306 31.290553551873394
 891127520 1 28506.994 28539.896 30272.961 58.872835068892 62.44784634113592 62.51992195318805 29.436417534446 31.22392317056796 31.259960976594027
 980240272 1 31359.911 31416.178 33349.037 58.78672130772472 62.40353438282657 62.5155008890172 29.39336065386236 31.201767191413285 31.2577504445086
 
META_DATA
 FLOPS          8
 MPI_PROCS      2
 OPENMP_THREADS 1
 ERT_VERSION  1.1.0
 HOSTNAME  ('c3cpu-c11-u13-2.rc.int.colorado.edu', [], ['10.225.64.253'])
 UNAME  uname_result(system='Linux', node='c3cpu-c11-u13-2.rc.int.colorado.edu', release='4.18.0-305.34.2.el8_4.x86_64', version='#1 SMP Mon Jan 17 09:42:23 EST 2022', machine='x86_64', processor='x86_64')
 TIMESTAMP_DATA  1728533817.3557065
 CONFIG  {'nux': ['workstation,', 'MPI', 'and', 'OpenMP', '(8-core', 'Intel', 'Xeon', 'CPU', 'E5530,', '2.40', 'GHz)'], 'ERT_RESULTS': ['Results.alpine'], 'ERT_DRIVER': ['driver1'], 'ERT_KERNEL': ['kernel1'], 'ERT_MPI': ['True'], 'ERT_MPI_CFLAGS': ['-I/usr/include/mpi'], 'ERT_MPI_LDFLAGS': ['-lmpi'], 'ERT_OPENMP': ['True'], 'ERT_OPENMP_CFLAGS': ['-qopenmp'], 'ERT_OPENMP_LDFLAGS': ['-qopenmp'], 'ERT_FLOPS': ['1,2,4,8,16'], 'ERT_ALIGN': ['32'], 'ERT_CC': ['icpc'], 'ERT_CFLAGS': ['-O3', '-fno-alias', '-fno-fnalias', '-DERT_INTEL'], 'ERT_LD': ['icpc'], 'ERT_LDFLAGS': [], 'ERT_LDLIBS': [], 'ERT_PRECISION': ['FP64'], 'ERT_RUN': ['export', 'OMP_NUM_THREADS=ERT_OPENMP_THREADS;', 'mpirun', '-np', 'ERT_MPI_PROCS', 'ERT_CODE'], 'ERT_PROCS_THREADS': ['1-8'], 'ERT_MPI_PROCS': ['1,2,4,8'], 'ERT_OPENMP_THREADS': ['1,2,4,8'], 'ERT_NUM_EXPERIMENTS': ['3'], 'ERT_MEMORY_MAX': ['1073741824'], 'ERT_WORKING_SET_MIN': ['1'], 'ERT_TRIALS_MIN': ['1'], 'ERT_GNUPLOT': ['gnuplot'], 'ERT_GPU': [False], 'ERT_HIP': [False], 'ERT_OCL': [False], 'ERT_SYCL': [False], 'ERT_WSS_MULT': [1.1]}
 HOSTNAME  ('c3cpu-a7-u1-3.rc.int.colorado.edu', [], ['10.225.64.156'])
 UNAME  uname_result(system='Linux', node='c3cpu-a7-u1-3.rc.int.colorado.edu', release='4.18.0-305.34.2.el8_4.x86_64', version='#1 SMP Mon Jan 17 09:42:23 EST 2022', machine='x86_64', processor='x86_64')
 TIMESTAMP_DATA  1728533817.2226315
 TIMESTAMP_DATA  1728533831.5056424
 TIMESTAMP_DATA  1728533833.861988
 TIMESTAMP_DATA  1728533845.632948
 TIMESTAMP_DATA  1728533850.3391933
 