fp64
 8 134217728 1013210.058 1013210.058 1013210.058 2.119485126548162 2.119485126548162 2.119485126548162 1.059742563274081 1.059742563274081 1.059742563274081
 16 67108864 523162.127 523162.127 523162.127 4.104814812024801 4.104814812024801 4.104814812024801 2.0524074060124007 2.0524074060124007 2.0524074060124007
 24 33554432 261698.961 261698.961 261698.961 6.154448339594286 6.154448339594286 6.154448339594286 3.077224169797143 3.077224169797143 3.077224169797143
 32 33554432 265179.873 265179.873 265179.873 8.098215085878708 8.098215085878708 8.098215085878708 4.049107542939354 4.049107542939354 4.049107542939354
 40 16777216 132195.95 132195.95 132195.95 10.15293796822066 10.15293796822066 10.15293796822066 5.07646898411033 5.07646898411033 5.07646898411033
 48 16777216 132354.021 132354.021 132354.021 12.168974722724894 12.168974722724894 12.168974722724894 6.084487361362447 6.084487361362447 6.084487361362447
 56 16777216 132434.845 132434.845 132434.845 14.188472769383315 14.188472769383315 14.188472769383315 7.094236384691658 7.094236384691658 7.094236384691658
 64 16777216 133507.967 133507.967 133507.967 16.085059912566866 16.085059912566866 16.085059912566866 8.042529956283433 8.042529956283433 8.042529956283433
 72 8388608 66890.001 66890.001 66890.001 18.05889570849311 18.05889570849311 18.05889570849311 9.029447854246555 9.029447854246555 9.029447854246555
 80 8388608 67456.961 67456.961 67456.961 19.89679434269208 19.89679434269208 19.89679434269208 9.94839717134604 9.94839717134604 9.94839717134604
 88 8388608 67770.958 67770.958 67770.958 21.78506917373073 21.78506917373073 21.78506917373073 10.892534586865365 10.892534586865365 10.892534586865365
 96 8388608 67939.043 67939.043 67939.043 23.706732754537033 23.706732754537033 23.706732754537033 11.853366377268516 11.853366377268516 11.853366377268516
 104 8388608 68395.138 68395.138 68395.138 25.511030681742316 25.511030681742316 25.511030681742316 12.755515340871158 12.755515340871158 12.755515340871158
 112 8388608 68917.99 68917.99 68917.99 27.26498831437191 27.26498831437191 27.26498831437191 13.632494157185954 13.632494157185954 13.632494157185954
 120 8388608 70003.986 70003.986 70003.986 28.759304077342104 28.759304077342104 28.759304077342104 14.379652038671052 14.379652038671052 14.379652038671052
 128 8388608 70340.157 70340.157 70340.157 30.529980875646896 30.529980875646896 30.529980875646896 15.264990437823448 15.264990437823448 15.264990437823448
 136 4194304 35521.984 35521.984 35521.984 32.116750235572425 32.116750235572425 32.116750235572425 16.058375117786213 16.058375117786213 16.058375117786213
 144 4194304 35753.965 35753.965 35753.965 33.78533127724435 33.78533127724435 33.78533127724435 16.892665638622177 16.892665638622177 16.892665638622177
 152 4194304 36513.09 36513.09 36513.09 34.92085758833339 34.92085758833339 34.92085758833339 17.460428794166695 17.460428794166695 17.460428794166695
 160 4194304 36809.921 36809.921 36809.921 36.46237871578154 36.46237871578154 36.46237871578154 18.23118935789077 18.23118935789077 18.23118935789077
 176 4194304 38156.033 38156.033 38156.033 38.693619119157376 38.693619119157376 38.693619119157376 19.346809559578688 19.346809559578688 19.346809559578688
 192 4194304 39814.949 39814.949 39814.949 40.452462616491104 40.452462616491104 40.452462616491104 20.226231308245552 20.226231308245552 20.226231308245552
 208 4194304 42298.079 42298.079 42298.079 41.25082049234435 41.25082049234435 41.25082049234435 20.625410246172176 20.625410246172176 20.625410246172176
 224 4194304 44921.875 44921.875 44921.875 41.82924670886956 41.82924670886956 41.82924670886956 20.91462335443478 20.91462335443478 20.91462335443478
 240 4194304 48010.111 48010.111 48010.111 41.93420673407733 41.93420673407733 41.93420673407733 20.967103367038664 20.967103367038664 20.967103367038664
 264 2097152 26072.025 26072.025 26072.025 42.47066562723838 42.47066562723838 42.47066562723838 21.23533281361919 21.23533281361919 21.23533281361919
 288 2097152 28482.914 28482.914 28482.914 42.40997083374264 42.40997083374264 42.40997083374264 21.20498541687132 21.20498541687132 21.20498541687132
 312 2097152 30681.133 30681.133 30681.133 42.65236384849281 42.65236384849281 42.65236384849281 21.326181924246406 21.326181924246406 21.326181924246406
 336 2097152 32505.989 32505.989 32505.989 43.35466132102611 43.35466132102611 43.35466132102611 21.677330660513054 21.677330660513054 21.677330660513054
 368 2097152 35627.842 35627.842 35627.842 43.32296836839009 43.32296836839009 43.32296836839009 21.661484184195047 21.661484184195047 21.661484184195047
 400 2097152 37703.991 37703.991 37703.991 44.497188639791474 44.497188639791474 44.497188639791474 22.248594319895737 22.248594319895737 22.248594319895737
 440 2097152 41421.89 41421.89 41421.89 44.553586521522796 44.553586521522796 44.553586521522796 22.276793260761398 22.276793260761398 22.276793260761398
 480 2097152 44625.998 44625.998 44625.998 45.114193748675376 45.114193748675376 45.114193748675376 22.557096874337688 22.557096874337688 22.557096874337688
 528 1048576 24021.864 24021.864 24021.864 46.095351135115905 46.095351135115905 46.095351135115905 23.047675567557953 23.047675567557953 23.047675567557953
 576 1048576 26978.016 26978.016 26978.016 44.77570003665206 44.77570003665206 44.77570003665206 22.38785001832603 22.38785001832603 22.38785001832603
 632 1048576 29538.87 29538.87 29538.87 44.869694202926524 44.869694202926524 44.869694202926524 22.434847101463262 22.434847101463262 22.434847101463262
 688 1048576 31432.867 31432.867 31432.867 45.90228998201151 45.90228998201151 45.90228998201151 22.951144991005755 22.951144991005755 22.951144991005755
 752 1048576 34428.835 34428.835 34428.835 45.8063220553353 45.8063220553353 45.8063220553353 22.90316102766765 22.90316102766765 22.90316102766765
 824 1048576 37632.942 37632.942 37632.942 45.918632882860976 45.918632882860976 45.918632882860976 22.959316441430488 22.959316441430488 22.959316441430488
 904 1048576 40873.051 40873.051 40873.051 46.38326138168643 46.38326138168643 46.38326138168643 23.191630690843215 23.191630690843215 23.191630690843215
 992 1048576 45409.918 45409.918 45409.918 45.813224855415946 45.813224855415946 45.813224855415946 22.906612427707973 22.906612427707973 22.906612427707973
 1088 524288 24542.093 24542.093 24542.093 46.485468374681815 46.485468374681815 46.485468374681815 23.242734187340908 23.242734187340908 23.242734187340908
 1192 524288 27089.119 27089.119 27089.119 46.14039282709785 46.14039282709785 46.14039282709785 23.070196413548924 23.070196413548924 23.070196413548924
 1304 524288 29489.994 29489.994 29489.994 46.36634052892652 46.36634052892652 46.36634052892652 23.18317026446326 23.18317026446326 23.18317026446326
 1432 524288 32314.062 32314.062 32314.062 46.46772145204152 46.46772145204152 46.46772145204152 23.23386072602076 23.23386072602076 23.23386072602076
 1568 524288 35413.027 35413.027 35413.027 46.42831486842399 46.42831486842399 46.42831486842399 23.214157434211995 23.214157434211995 23.214157434211995
 1720 524288 38751.125 38751.125 38751.125 46.54189317084343 46.54189317084343 46.54189317084343 23.270946585421715 23.270946585421715 23.270946585421715
 1888 524288 42670.965 42670.965 42670.965 46.39481408494043 46.39481408494043 46.39481408494043 23.197407042470214 23.197407042470214 23.197407042470214
 2072 262144 23294.21 23294.21 23294.21 46.634967916920125 46.634967916920125 46.634967916920125 23.317483958460063 23.317483958460063 23.317483958460063
 2272 262144 25625.944 25625.944 25625.944 46.48345192668805 46.48345192668805 46.48345192668805 23.241725963344024 23.241725963344024 23.241725963344024
 2496 262144 27983.904 27983.904 27983.904 46.76341256745307 46.76341256745307 46.76341256745307 23.381706283726533 23.381706283726533 23.381706283726533
 2744 262144 30729.055 30729.055 30729.055 46.81713355649889 46.81713355649889 46.81713355649889 23.408566778249444 23.408566778249444 23.408566778249444
 3016 262144 33770.8 33770.8 33770.8 46.82307223992324 46.82307223992324 46.82307223992324 23.41153611996162 23.41153611996162 23.41153611996162
 3312 262144 37181.854 37181.854 37181.854 46.70132522170626 46.70132522170626 46.70132522170626 23.35066261085313 23.35066261085313 23.35066261085313
 3640 262144 40597.916 40597.916 40597.916 47.00754393402853 47.00754393402853 47.00754393402853 23.503771967014266 23.503771967014266 23.503771967014266
 4000 262144 44633.865 44633.865 44633.865 46.985668841360706 46.985668841360706 46.985668841360706 23.492834420680353 23.492834420680353 23.492834420680353
 4400 131072 24684.906 24684.906 24684.906 46.72627070161823 46.72627070161823 46.72627070161823 23.363135350809117 23.363135350809117 23.363135350809117
 4840 131072 27770.042 27770.042 27770.042 45.68869431310187 45.68869431310187 45.68869431310187 22.844347156550935 22.844347156550935 22.844347156550935
 5320 131072 29690.027 29690.027 29690.027 46.97220652578053 46.97220652578053 46.97220652578053 23.486103262890264 23.486103262890264 23.486103262890264
 5848 131072 32627.106 32627.106 32627.106 46.986027875104824 46.986027875104824 46.986027875104824 23.493013937552412 23.493013937552412 23.493013937552412
 6432 131072 35824.06 35824.06 35824.06 47.06641871412677 47.06641871412677 47.06641871412677 23.533209357063384 23.533209357063384 23.533209357063384
 7072 131072 39305.925 39305.925 39305.925 47.16546851397085 47.16546851397085 47.16546851397085 23.582734256985425 23.582734256985425 23.582734256985425
 7776 131072 43386.936 43386.936 43386.936 46.98261578093461 46.98261578093461 46.98261578093461 23.491307890467304 23.491307890467304 23.491307890467304
 8552 65536 23808.002 23808.002 23808.002 47.08197453948466 47.08197453948466 47.08197453948466 23.54098726974233 23.54098726974233 23.54098726974233
 9400 65536 26271.105 26271.105 26271.105 46.898552611319545 46.898552611319545 46.898552611319545 23.449276305659772 23.449276305659772 23.449276305659772
 10336 65536 28733.015 28733.015 28733.015 47.14994900465545 47.14994900465545 47.14994900465545 23.574974502327724 23.574974502327724 23.574974502327724
 11368 65536 31852.007 31852.007 31852.007 46.77967375807747 46.77967375807747 46.77967375807747 23.389836879038736 23.389836879038736 23.389836879038736
 12504 65536 35003.901 35003.901 35003.901 46.82118967254536 46.82118967254536 46.82118967254536 23.41059483627268 23.41059483627268 23.41059483627268
 13752 65536 38217.068 38217.068 38217.068 47.16484645028237 47.16484645028237 47.16484645028237 23.582423225141184 23.582423225141184 23.582423225141184
 15120 65536 41953.087 41953.087 41953.087 47.238684485840096 47.238684485840096 47.238684485840096 23.619342242920048 23.619342242920048 23.619342242920048
 16632 32768 23264.17 23264.17 23264.17 46.85293960627008 46.85293960627008 46.85293960627008 23.42646980313504 23.42646980313504 23.42646980313504
 18288 32768 25536.06 25536.06 25536.06 46.93450626290821 46.93450626290821 46.93450626290821 23.467253131454104 23.467253131454104 23.467253131454104
 20112 32768 28080.94 28080.94 28080.94 46.93788854646604 46.93788854646604 46.93788854646604 23.46894427323302 23.46894427323302 23.46894427323302
 22120 32768 30855.179 30855.179 30855.179 46.982593100497006 46.982593100497006 46.982593100497006 23.491296550248503 23.491296550248503 23.491296550248503
 24328 32768 33867.121 33867.121 33867.121 47.0769218322396 47.0769218322396 47.0769218322396 23.5384609161198 23.5384609161198 23.5384609161198
 26760 32768 37305.832 37305.832 37305.832 47.00989807706205 47.00989807706205 47.00989807706205 23.504949038531024 23.504949038531024 23.504949038531024
 29432 32768 41013.002 41013.002 41013.002 47.03034301171126 47.03034301171126 47.03034301171126 23.51517150585563 23.51517150585563 23.51517150585563
 32368 32768 45156.956 45156.956 45156.956 46.975470357213624 46.975470357213624 46.975470357213624 23.487735178606812 23.487735178606812 23.487735178606812
 35600 16384 24929.047 24929.047 24929.047 46.794440236724654 46.794440236724654 46.794440236724654 23.397220118362327 23.397220118362327 23.397220118362327
 39160 16384 27718.067 27718.067 27718.067 46.29452984582222 46.29452984582222 46.29452984582222 23.14726492291111 23.14726492291111 23.14726492291111
 43072 16384 30974.865 30974.865 30974.865 45.56543817059412 45.56543817059412 45.56543817059412 22.78271908529706 22.78271908529706 22.78271908529706
 47376 16384 33370.018 33370.018 33370.018 46.52130448356367 46.52130448356367 46.52130448356367 23.260652241781834 23.260652241781834 23.260652241781834
 52112 16384 36674.976 36674.976 36674.976 46.56052170286355 46.56052170286355 46.56052170286355 23.280260851431773 23.280260851431773 23.280260851431773
 57320 16384 40404.081 40404.081 40404.081 46.48693185225522 46.48693185225522 46.48693185225522 23.24346592612761 23.24346592612761 23.24346592612761
 63048 16384 44489.145 44489.145 44489.145 46.437324520397055 46.437324520397055 46.437324520397055 23.218662260198528 23.218662260198528 23.218662260198528
 69352 8192 24425.03 24425.03 24425.03 46.52044103937641 46.52044103937641 46.52044103937641 23.260220519688204 23.260220519688204 23.260220519688204
 76280 8192 26777.983 26777.983 26777.983 46.6716077906241 46.6716077906241 46.6716077906241 23.33580389531205 23.33580389531205 23.33580389531205
 83904 8192 29399.872 29399.872 29399.872 46.75813336874392 46.75813336874392 46.75813336874392 23.37906668437196 23.37906668437196 23.37906668437196
 92288 8192 32328.844 32328.844 32328.844 46.77082149921599 46.77082149921599 46.77082149921599 23.385410749607995 23.385410749607995 23.385410749607995
 101512 8192 36261.797 36261.797 36261.797 45.865697389459214 45.865697389459214 45.865697389459214 22.932848694729607 22.932848694729607 22.932848694729607
 111656 8192 39205.074 39205.074 39205.074 46.66161079048084 46.66161079048084 46.66161079048084 23.33080539524042 23.33080539524042 23.33080539524042
 122816 8192 43069.839 43069.839 43069.839 46.71987150915517 46.71987150915517 46.71987150915517 23.359935754577585 23.359935754577585 23.359935754577585
 135096 4096 23615.122 23615.122 23615.122 46.86431143569786 46.86431143569786 46.86431143569786 23.43215571784893 23.43215571784893 23.43215571784893
 148600 4096 26052.952 26052.952 26052.952 46.72526936678807 46.72526936678807 46.72526936678807 23.362634683394035 23.362634683394035 23.362634683394035
 163456 4096 28748.035 28748.035 28748.035 46.57819402265233 46.57819402265233 46.57819402265233 23.289097011326167 23.289097011326167 23.289097011326167
 179800 4096 31419.992 31419.992 31419.992 46.87848424659052 46.87848424659052 46.87848424659052 23.43924212329526 23.43924212329526 23.43924212329526
 197776 4096 34611.94 34611.94 34611.94 46.80988676162041 46.80988676162041 46.80988676162041 23.404943380810206 23.404943380810206 23.404943380810206
 217552 4096 38088.799 38088.799 38088.799 46.79029086740173 46.79029086740173 46.79029086740173 23.395145433700865 23.395145433700865 23.395145433700865
 239304 4096 41992.903 41992.903 41992.903 46.68356383934685 46.68356383934685 46.68356383934685 23.341781919673426 23.341781919673426 23.341781919673426
 263232 2048 23037.91 23037.91 23037.91 46.80104540733079 46.80104540733079 46.80104540733079 23.400522703665395 23.400522703665395 23.400522703665395
 289552 2048 25326.014 25326.014 25326.014 46.8295165595344 46.8295165595344 46.8295165595344 23.4147582797672 23.4147582797672 23.4147582797672
 318504 2048 27841.091 27841.091 27841.091 46.858522318683555 46.858522318683555 46.858522318683555 23.429261159341777 23.429261159341777 23.429261159341777
 350352 2048 30668.974 30668.974 30668.974 46.79132050521156 46.79132050521156 46.79132050521156 23.39566025260578 23.39566025260578 23.39566025260578
 385384 2048 33764.124 33764.124 33764.124 46.751779018463495 46.751779018463495 46.751779018463495 23.375889509231747 23.375889509231747 23.375889509231747
 423920 2048 37058.115 37058.115 37058.115 46.855494943550156 46.855494943550156 46.855494943550156 23.427747471775078 23.427747471775078 23.427747471775078
 466312 2048 40953.159 40953.159 40953.159 46.63898948552418 46.63898948552418 46.63898948552418 23.31949474276209 23.31949474276209 23.31949474276209
 512936 2048 44951.916 44951.916 44951.916 46.738516240331116 46.738516240331116 46.738516240331116 23.369258120165558 23.369258120165558 23.369258120165558
 564224 1024 24977.207 24977.207 24977.207 46.26340935557767 46.26340935557767 46.26340935557767 23.131704677788836 23.131704677788836 23.131704677788836
 620640 1024 27716.875 27716.875 27716.875 45.85909197916432 45.85909197916432 45.85909197916432 22.92954598958216 22.92954598958216 22.92954598958216
 682704 1024 30457.973 30457.973 30457.973 45.905149104965055 45.905149104965055 45.905149104965055 22.952574552482528 22.952574552482528 22.952574552482528
 750968 1024 33276.081 33276.081 33276.081 46.21885804401065 46.21885804401065 46.21885804401065 23.109429022005326 23.109429022005326 23.109429022005326
 826064 1024 36601.067 36601.067 36601.067 46.22212439872313 46.22212439872313 46.22212439872313 23.111062199361566 23.111062199361566 23.111062199361566
 908664 1024 40225.983 40225.983 40225.983 46.26223483463412 46.26223483463412 46.26223483463412 23.13111741731706 23.13111741731706 23.13111741731706
 999528 1024 44228.077 44228.077 44228.077 46.28357104470086 46.28357104470086 46.28357104470086 23.14178552235043 23.14178552235043 23.14178552235043
 1099480 512 24202.824 24202.824 24202.824 46.51802285551471 46.51802285551471 46.51802285551471 23.259011427757354 23.259011427757354 23.259011427757354
 1209424 512 26626.11 26626.11 26626.11 46.51262148319825 46.51262148319825 46.51262148319825 23.256310741599126 23.256310741599126 23.256310741599126
 1330360 512 29388.905 29388.905 29388.905 46.353841356117215 46.353841356117215 46.353841356117215 23.176920678058607 23.176920678058607 23.176920678058607
 1463392 512 32191.992 32191.992 32191.992 46.549260076853905 46.549260076853905 46.549260076853905 23.274630038426952 23.274630038426952 23.274630038426952
 1609728 512 35583.973 35583.973 35583.973 46.323143062187015 46.323143062187015 46.323143062187015 23.161571531093507 23.161571531093507 23.161571531093507
 1770696 512 39154.053 39154.053 39154.053 46.309195730005264 46.309195730005264 46.309195730005264 23.154597865002632 23.154597865002632 23.154597865002632
 1947760 512 43051.004 43051.004 43051.004 46.3289134906122 46.3289134906122 46.3289134906122 23.1644567453061 23.1644567453061 23.1644567453061
 2142536 256 23627.043 23627.043 23627.043 46.428934505261616 46.428934505261616 46.428934505261616 23.214467252630808 23.214467252630808 23.214467252630808
 2356784 256 26047.945 26047.945 26047.945 46.325090443795084 46.325090443795084 46.325090443795084 23.162545221897542 23.162545221897542 23.162545221897542
 2592456 256 28519.869 28519.869 28519.869 46.54079834658427 46.54079834658427 46.54079834658427 23.270399173292134 23.270399173292134 23.270399173292134
 2851696 256 31362.057 31362.057 31362.057 46.555248337186555 46.555248337186555 46.555248337186555 23.277624168593277 23.277624168593277 23.277624168593277
 3136864 256 34636.974 34636.974 34636.974 46.36878406294961 46.36878406294961 46.36878406294961 23.184392031474804 23.184392031474804 23.184392031474804
 3450544 256 37959.099 37959.099 37959.099 46.54163493185125 46.54163493185125 46.54163493185125 23.270817465925624 23.270817465925624 23.270817465925624
 3795592 256 42104.959 42104.959 42104.959 46.154732130246224 46.154732130246224 46.154732130246224 23.077366065123112 23.077366065123112 23.077366065123112
 4175144 256 46135.902 46135.902 46135.902 46.33427841077 46.33427841077 46.33427841077 23.167139205385 23.167139205385 23.167139205385
 4592656 128 25353.909 25353.909 25353.909 46.37233398605319 46.37233398605319 46.37233398605319 23.186166993026596 23.186166993026596 23.186166993026596
 5051920 128 27821.064 27821.064 27821.064 46.486055314059875 46.486055314059875 46.486055314059875 23.243027657029938 23.243027657029938 23.243027657029938
 5557112 128 30668.974 30668.974 30668.974 46.38631445577541 46.38631445577541 46.38631445577541 23.193157227887706 23.193157227887706 23.193157227887706
 6112816 128 33595.085 33595.085 33595.085 46.58064999686711 46.58064999686711 46.58064999686711 23.290324998433555 23.290324998433555 23.290324998433555
 6724096 128 37147.999 37147.999 37147.999 46.33812378427166 46.33812378427166 46.33812378427166 23.16906189213583 23.16906189213583 23.16906189213583
 7396504 128 40667.057 40667.057 40667.057 46.561152040089844 46.561152040089844 46.561152040089844 23.280576020044922 23.280576020044922 23.280576020044922
 8136152 128 44739.008 44739.008 44739.008 46.55567937492043 46.55567937492043 46.55567937492043 23.277839687460215 23.277839687460215 23.277839687460215
 8949760 64 24625.063 24625.063 24625.063 46.52046088166353 46.52046088166353 46.52046088166353 23.260230440831766 23.260230440831766 23.260230440831766
 9844736 64 27070.999 27070.999 27070.999 46.54893629895225 46.54893629895225 46.54893629895225 23.274468149476125 23.274468149476125 23.274468149476125
 10829208 64 30458.927 30458.927 30458.927 45.50845221829383 45.50845221829383 45.50845221829383 22.754226109146916 22.754226109146916 22.754226109146916
 11912128 64 32747.03 32747.03 32747.03 46.561547230390055 46.561547230390055 46.561547230390055 23.280773615195027 23.280773615195027 23.280773615195027
 13103336 64 36132.097 36132.097 36132.097 46.41930990055739 46.41930990055739 46.41930990055739 23.209654950278694 23.209654950278694 23.209654950278694
 14413664 64 39777.04 39777.04 39777.04 46.38225951453401 46.38225951453401 46.38225951453401 23.191129757267007 23.191129757267007 23.191129757267007
 15855024 64 43734.074 43734.074 43734.074 46.40416239292045 46.40416239292045 46.40416239292045 23.202081196460224 23.202081196460224 23.202081196460224
 17440520 32 23988.008 23988.008 23988.008 46.53130347463616 46.53130347463616 46.53130347463616 23.26565173731808 23.26565173731808 23.26565173731808
 19184568 32 26441.097 26441.097 26441.097 46.435756882552944 46.435756882552944 46.435756882552944 23.217878441276472 23.217878441276472 23.217878441276472
 21103024 32 29090.881 29090.881 29090.881 46.4266976307799 46.4266976307799 46.4266976307799 23.21334881538995 23.21334881538995 23.21334881538995
 23213320 32 32020.092 32020.092 32020.092 46.397508164561174 46.397508164561174 46.397508164561174 23.198754082280587 23.198754082280587 23.198754082280587
 25534648 32 35475.969 35475.969 35475.969 46.06547807052149 46.06547807052149 46.06547807052149 23.032739035260747 23.032739035260747 23.032739035260747
 28088112 32 38987.875 38987.875 38987.875 46.10764674914957 46.10764674914957 46.10764674914957 23.053823374574787 23.053823374574787 23.053823374574787
 30896920 32 43557.167 43557.167 43557.167 45.39787631275468 45.39787631275468 45.39787631275468 22.69893815637734 22.69893815637734 22.69893815637734
 33986608 16 24533.033 24533.033 24533.033 44.33090095301303 44.33090095301303 44.33090095301303 22.165450476506514 22.165450476506514 22.165450476506514
 37385264 16 28236.151 28236.151 28236.151 42.368680065494765 42.368680065494765 42.368680065494765 21.184340032747382 21.184340032747382 21.184340032747382
 41123784 16 31723.976 31723.976 31723.976 41.48159385822256 41.48159385822256 41.48159385822256 20.74079692911128 20.74079692911128 20.74079692911128
 45236160 16 35466.909 35466.909 35466.909 40.814301578973236 40.814301578973236 40.814301578973236 20.407150789486618 20.407150789486618 20.407150789486618
 49759776 16 39461.851 39461.851 39461.851 40.3506878580024 40.3506878580024 40.3506878580024 20.1753439290012 20.1753439290012 20.1753439290012
 54735752 16 44008.017 44008.017 44008.017 39.800567792000265 39.800567792000265 39.800567792000265 19.900283896000133 19.900283896000133 19.900283896000133
 60209320 16 48521.996 48521.996 48521.996 39.70772842897889 39.70772842897889 39.70772842897889 19.853864214489445 19.853864214489445 19.853864214489445
 66230248 16 53454.876 53454.876 53454.876 39.64779445003296 39.64779445003296 39.64779445003296 19.82389722501648 19.82389722501648 19.82389722501648
 72853272 8 29755.116 29755.116 29755.116 39.17485490562362 39.17485490562362 39.17485490562362 19.58742745281181 19.58742745281181 19.58742745281181
 80138592 8 32537.937 32537.937 32537.937 39.406845984120004 39.406845984120004 39.406845984120004 19.703422992060002 19.703422992060002 19.703422992060002
 88152448 8 36020.994 36020.994 36020.994 39.156031285533096 39.156031285533096 39.156031285533096 19.578015642766548 19.578015642766548 19.578015642766548
 96967688 8 39677.858 39677.858 39677.858 39.10198499122608 39.10198499122608 39.10198499122608 19.55099249561304 19.55099249561304 19.55099249561304
 106664456 8 43726.921 43726.921 43726.921 39.029304075628836 39.029304075628836 39.029304075628836 19.514652037814418 19.514652037814418 19.514652037814418
 117330896 8 48114.061 48114.061 48114.061 39.01758232380343 39.01758232380343 39.01758232380343 19.508791161901716 19.508791161901716 19.508791161901716
 129063984 8 52986.86 52986.86 52986.86 38.97237435847302 38.97237435847302 38.97237435847302 19.48618717923651 19.48618717923651 19.48618717923651
 141970376 4 29353.142 29353.142 29353.142 38.69306420416595 38.69306420416595 38.69306420416595 19.346532102082975 19.346532102082975 19.346532102082975
 156167408 4 31986.952 31986.952 31986.952 39.057777808901584 39.057777808901584 39.057777808901584 19.528888904450792 19.528888904450792 19.528888904450792
 171784144 4 35449.028 35449.028 35449.028 38.7675834722464 38.7675834722464 38.7675834722464 19.3837917361232 19.3837917361232 19.3837917361232
 188962552 4 38718.939 38718.939 38718.939 39.04291943536986 39.04291943536986 39.04291943536986 19.52145971768493 19.52145971768493 19.52145971768493
 207858800 4 42672.873 42672.873 42672.873 38.9678566990322 38.9678566990322 38.9678566990322 19.4839283495161 19.4839283495161 19.4839283495161
 228644680 4 46710.014 46710.014 46710.014 39.15985638539949 39.15985638539949 39.15985638539949 19.579928192699747 19.579928192699747 19.579928192699747
 251509144 4 51312.923 51312.923 51312.923 39.211821006571775 39.211821006571775 39.211821006571775 19.605910503285887 19.605910503285887 19.605910503285887
 276660056 2 28362.036 28362.036 28362.036 39.018363279702484 39.018363279702484 39.018363279702484 19.509181639851242 19.509181639851242 19.509181639851242
 304326056 2 31132.936 31132.936 31132.936 39.10020641805193 39.10020641805193 39.10020641805193 19.550103209025966 19.550103209025966 19.550103209025966
 334758656 2 34359.932 34359.932 34359.932 38.97081705516762 38.97081705516762 38.97081705516762 19.48540852758381 19.48540852758381 19.48540852758381
 368234520 2 37878.99 37878.99 37878.99 38.88535781973067 38.88535781973067 38.88535781973067 19.442678909865336 19.442678909865336 19.442678909865336
 405057968 2 41612.864 41612.864 41612.864 38.93584137828149 38.93584137828149 38.93584137828149 19.467920689140744 19.467920689140744 19.467920689140744
 445563760 2 45500.04 45500.04 45500.04 39.170406004038675 39.170406004038675 39.170406004038675 19.585203002019338 19.585203002019338 19.585203002019338
 490120136 2 50056.934 50056.934 50056.934 39.165014461333165 39.165014461333165 39.165014461333165 19.582507230666582 19.582507230666582 19.582507230666582
 539132144 1 27593.136 27593.136 27593.136 39.077265012574145 39.077265012574145 39.077265012574145 19.538632506287072 19.538632506287072 19.538632506287072
 593045352 1 30376.911 30376.911 30376.911 39.045797118739294 39.045797118739294 39.045797118739294 19.522898559369647 19.522898559369647 19.522898559369647
 652349880 1 33429.861 33429.861 33429.861 39.027974420832926 39.027974420832926 39.027974420832926 19.513987210416463 19.513987210416463 19.513987210416463
 717584864 1 36612.988 36612.988 36612.988 39.19837758120151 39.19837758120151 39.19837758120151 19.599188790600756 19.599188790600756 19.599188790600756
 789343344 1 40344.0 40344.0 40344.0 39.130643664485426 39.130643664485426 39.130643664485426 19.565321832242713 19.565321832242713 19.565321832242713
 868277672 1 44494.867 44494.867 44494.867 39.028217434608806 39.028217434608806 39.028217434608806 19.514108717304403 19.514108717304403 19.514108717304403
 955105432 1 48948.05 48948.05 48948.05 39.02526993414446 39.02526993414446 39.02526993414446 19.51263496707223 19.51263496707223 19.51263496707223
 1050615968 1 53888.083 53888.083 53888.083 38.99251595199629 38.99251595199629 38.99251595199629 19.496257975998144 19.496257975998144 19.496257975998144
 
META_DATA
 FLOPS          8
 MPI_PROCS      1
 OPENMP_THREADS 1
 ERT_VERSION  1.1.0
 HOSTNAME  ('c3cpu-c11-u13-2.rc.int.colorado.edu', [], ['10.225.64.253'])
 UNAME  uname_result(system='Linux', node='c3cpu-c11-u13-2.rc.int.colorado.edu', release='4.18.0-305.34.2.el8_4.x86_64', version='#1 SMP Mon Jan 17 09:42:23 EST 2022', machine='x86_64', processor='x86_64')
 TIMESTAMP_DATA  1728420614.012818
 CONFIG  {'nux': ['workstation,', 'MPI', 'and', 'OpenMP', '(8-core', 'Intel', 'Xeon', 'CPU', 'E5530,', '2.40', 'GHz)'], 'ERT_RESULTS': ['Results.alpine'], 'ERT_DRIVER': ['driver1'], 'ERT_KERNEL': ['kernel1'], 'ERT_MPI': ['True'], 'ERT_MPI_CFLAGS': ['-I/usr/include/mpi'], 'ERT_MPI_LDFLAGS': ['-lmpi'], 'ERT_OPENMP': ['True'], 'ERT_OPENMP_CFLAGS': ['-qopenmp'], 'ERT_OPENMP_LDFLAGS': ['-qopenmp'], 'ERT_FLOPS': ['1,2,4,8,16'], 'ERT_ALIGN': ['32'], 'ERT_CC': ['icpc'], 'ERT_CFLAGS': ['-O3', '-fno-alias', '-fno-fnalias', '-DERT_INTEL'], 'ERT_LD': ['icpc'], 'ERT_LDFLAGS': [], 'ERT_LDLIBS': [], 'ERT_PRECISION': ['FP64'], 'ERT_RUN': ['export', 'OMP_NUM_THREADS=ERT_OPENMP_THREADS;', 'mpirun', '-np', 'ERT_MPI_PROCS', 'ERT_CODE'], 'ERT_PROCS_THREADS': ['1'], 'ERT_MPI_PROCS': ['1'], 'ERT_OPENMP_THREADS': ['1'], 'ERT_NUM_EXPERIMENTS': ['1'], 'ERT_MEMORY_MAX': ['1073741824'], 'ERT_WORKING_SET_MIN': ['1'], 'ERT_TRIALS_MIN': ['1'], 'ERT_GNUPLOT': ['gnuplot'], 'ERT_GPU': [False], 'ERT_HIP': [False], 'ERT_OCL': [False], 'ERT_SYCL': [False], 'ERT_WSS_MULT': [1.1]}
 