fp64
 8 134217728 405667.067 405667.067 405667.067 5.293709602510081 5.293709602510081 5.293709602510081 0.33085685015688004 0.33085685015688004 0.33085685015688004
 16 67108864 219658.136 219658.136 219658.136 9.776481249936493 9.776481249936493 9.776481249936493 0.6110300781210308 0.6110300781210308 0.6110300781210308
 24 33554432 111410.856 111410.856 111410.856 14.456515225051318 14.456515225051318 14.456515225051318 0.9035322015657073 0.9035322015657073 0.9035322015657073
 32 33554432 110474.11 110474.11 110474.11 19.43879564180241 19.43879564180241 19.43879564180241 1.2149247276126507 1.2149247276126507 1.2149247276126507
 40 16777216 55145.979 55145.979 55145.979 24.33862458040685 24.33862458040685 24.33862458040685 1.5211640362754282 1.5211640362754282 1.5211640362754282
 48 16777216 55045.128 55045.128 55045.128 29.259859946188154 29.259859946188154 29.259859946188154 1.8287412466367596 1.8287412466367596 1.8287412466367596
 56 16777216 55161.953 55161.953 55161.953 34.06420711753987 34.06420711753987 34.06420711753987 2.129012944846242 2.129012944846242 2.129012944846242
 64 16777216 54878.95 54878.95 54878.95 39.13128162984169 39.13128162984169 39.13128162984169 2.4457051018651055 2.4457051018651055 2.4457051018651055
 72 8388608 27478.933 27478.933 27478.933 43.95947804814692 43.95947804814692 43.95947804814692 2.7474673780091825 2.7474673780091825 2.7474673780091825
 80 8388608 27505.159 27505.159 27505.159 48.797292173442806 48.797292173442806 48.797292173442806 3.0498307608401753 3.0498307608401753 3.0498307608401753
 88 8388608 27463.198 27463.198 27463.198 53.759034472241716 53.759034472241716 53.759034472241716 3.3599396545151072 3.3599396545151072 3.3599396545151072
 96 8388608 27528.048 27528.048 27528.048 58.508061886552944 58.508061886552944 58.508061886552944 3.656753867909559 3.656753867909559 3.656753867909559
 104 8388608 27503.967 27503.967 27503.967 63.43922911193138 63.43922911193138 63.43922911193138 3.9649518194957114 3.9649518194957114 3.9649518194957114
 112 8388608 27761.936 27761.936 27761.936 67.68433555930682 67.68433555930682 67.68433555930682 4.230270972456676 4.230270972456676 4.230270972456676
 120 8388608 27816.057 27816.057 27816.057 72.37783270288811 72.37783270288811 72.37783270288811 4.523614543930507 4.523614543930507 4.523614543930507
 128 8388608 28043.985 28043.985 28043.985 76.57555258284442 76.57555258284442 76.57555258284442 4.7859720364277765 4.7859720364277765 4.7859720364277765
 136 4194304 14917.85 14917.85 14917.85 76.47554359374843 76.47554359374843 76.47554359374843 4.779721474609277 4.779721474609277 4.779721474609277
 144 4194304 14639.139 14639.139 14639.139 82.51575123373034 82.51575123373034 82.51575123373034 5.157234452108146 5.157234452108146 5.157234452108146
 152 4194304 15371.084 15371.084 15371.084 82.95240700005283 82.95240700005283 82.95240700005283 5.184525437503302 5.184525437503302 5.184525437503302
 160 4194304 15723.944 15723.944 15723.944 85.35881837279501 85.35881837279501 85.35881837279501 5.334926148299688 5.334926148299688 5.334926148299688
 176 4194304 16977.072 16977.072 16977.072 86.96405410779903 86.96405410779903 86.96405410779903 5.435253381737439 5.435253381737439 5.435253381737439
 192 4194304 17954.826 17954.826 17954.826 89.70361149698694 89.70361149698694 89.70361149698694 5.606475718561684 5.606475718561684 5.606475718561684
 208 4194304 18988.132 18988.132 18988.132 91.89058007391142 91.89058007391142 91.89058007391142 5.743161254619464 5.743161254619464 5.743161254619464
 224 4194304 20059.824 20059.824 20059.824 93.67221726372075 93.67221726372075 93.67221726372075 5.854513578982547 5.854513578982547 5.854513578982547
 240 4194304 21110.058 21110.058 21110.058 95.36998524589556 95.36998524589556 95.36998524589556 5.960624077868473 5.960624077868473 5.960624077868473
 264 2097152 11613.131 11613.131 11613.131 95.34864077568746 95.34864077568746 95.34864077568746 5.959290048480466 5.959290048480466 5.959290048480466
 288 2097152 12135.983 12135.983 12135.983 99.53536948758085 99.53536948758085 99.53536948758085 6.220960592973803 6.220960592973803 6.220960592973803
 312 2097152 13249.874 13249.874 13249.874 98.7649277268599 98.7649277268599 98.7649277268599 6.172807982928743 6.172807982928743 6.172807982928743
 336 2097152 14251.947 14251.947 14251.947 98.88376261853905 98.88376261853905 98.88376261853905 6.180235163658691 6.180235163658691 6.180235163658691
 368 2097152 15305.996 15305.996 15305.996 100.84308606901506 100.84308606901506 100.84308606901506 6.302692879313441 6.302692879313441 6.302692879313441
 400 2097152 16613.96 16613.96 16613.96 100.98264351184184 100.98264351184184 100.98264351184184 6.311415219490115 6.311415219490115 6.311415219490115
 440 2097152 17735.958 17735.958 17735.958 104.0537962482771 104.0537962482771 104.0537962482771 6.503362265517318 6.503362265517318 6.503362265517318
 480 2097152 19410.849 19410.849 19410.849 103.71859159792547 103.71859159792547 103.71859159792547 6.482411974870342 6.482411974870342 6.482411974870342
 528 1048576 12359.142 12359.142 12359.142 89.59329506854115 89.59329506854115 89.59329506854115 5.599580941783822 5.599580941783822 5.599580941783822
 576 1048576 14204.025 14204.025 14204.025 85.04346845348412 85.04346845348412 85.04346845348412 5.315216778342758 5.315216778342758 5.315216778342758
 632 1048576 14853.954 14853.954 14853.954 89.22877127531163 89.22877127531163 89.22877127531163 5.576798204706977 5.576798204706977 5.576798204706977
 688 1048576 14102.936 14102.936 14102.936 102.30781562080406 102.30781562080406 102.30781562080406 6.394238476300254 6.394238476300254 6.394238476300254
 752 1048576 15251.875 15251.875 15251.875 103.4009460476171 103.4009460476171 103.4009460476171 6.462559127976069 6.462559127976069 6.462559127976069
 824 1048576 16757.011 16757.011 16757.011 103.1241936882419 103.1241936882419 103.1241936882419 6.445262105515119 6.445262105515119 6.445262105515119
 904 1048576 18645.048 18645.048 18645.048 101.67983520342776 101.67983520342776 101.67983520342776 6.354989700214235 6.354989700214235 6.354989700214235
 992 1048576 20164.013 20164.013 20164.013 103.172656355657 103.172656355657 103.172656355657 6.448291022228562 6.448291022228562 6.448291022228562
 1088 524288 11156.082 11156.082 11156.082 102.26266605067978 102.26266605067978 102.26266605067978 6.3914166281674865 6.3914166281674865 6.3914166281674865
 1192 524288 12291.193 12291.193 12291.193 101.69090925510649 101.69090925510649 101.69090925510649 6.355681828444156 6.355681828444156 6.355681828444156
 1304 524288 13609.886 13609.886 13609.886 100.46690354349771 100.46690354349771 100.46690354349771 6.279181471468607 6.279181471468607 6.279181471468607
 1432 524288 14696.836 14696.836 14696.836 102.16898603209562 102.16898603209562 102.16898603209562 6.385561627005976 6.385561627005976 6.385561627005976
 1568 524288 16149.998 16149.998 16149.998 101.80602920198506 101.80602920198506 101.80602920198506 6.362876825124066 6.362876825124066 6.362876825124066
 1720 524288 17619.848 17619.848 17619.848 102.35903964665303 102.35903964665303 102.35903964665303 6.397439977915814 6.397439977915814 6.397439977915814
 1888 524288 19603.968 19603.968 19603.968 100.98524380370341 100.98524380370341 100.98524380370341 6.311577737731463 6.311577737731463 6.311577737731463
 2072 262144 10653.019 10653.019 10653.019 101.97341579884537 101.97341579884537 101.97341579884537 6.373338487427835 6.373338487427835 6.373338487427835
 2272 262144 11662.006 11662.006 11662.006 102.14214741443283 102.14214741443283 102.14214741443283 6.383884213402052 6.383884213402052 6.383884213402052
 2496 262144 12860.06 12860.06 12860.06 101.75868915075046 101.75868915075046 101.75868915075046 6.3599180719219035 6.3599180719219035 6.3599180719219035
 2744 262144 14111.042 14111.042 14111.042 101.95180993721088 101.95180993721088 101.95180993721088 6.37198812107568 6.37198812107568 6.37198812107568
 3016 262144 15491.962 15491.962 15491.962 102.069228416646 102.069228416646 102.069228416646 6.379326776040375 6.379326776040375 6.379326776040375
 3312 262144 17213.821 17213.821 17213.821 100.87486421521403 100.87486421521403 100.87486421521403 6.304679013450877 6.304679013450877 6.304679013450877
 3640 262144 19004.822 19004.822 19004.822 100.41705836550322 100.41705836550322 100.41705836550322 6.2760661478439514 6.2760661478439514 6.2760661478439514
 4000 262144 20657.063 20657.063 20657.063 101.52227351971575 101.52227351971575 101.52227351971575 6.345142094982235 6.345142094982235 6.345142094982235
 4400 131072 11350.87 11350.87 11350.87 101.61631663476015 101.61631663476015 101.61631663476015 6.35101978967251 6.35101978967251 6.35101978967251
 4840 131072 12515.068 12515.068 12515.068 101.3799493538509 101.3799493538509 101.3799493538509 6.3362468346156815 6.3362468346156815 6.3362468346156815
 5320 131072 13989.925 13989.925 13989.925 99.68645864791985 99.68645864791985 99.68645864791985 6.230403665494991 6.230403665494991 6.230403665494991
 5848 131072 15045.166 15045.166 15045.166 101.89439664540757 101.89439664540757 101.89439664540757 6.368399790337973 6.368399790337973 6.368399790337973
 6432 131072 17010.927 17010.927 17010.927 99.11924306065156 99.11924306065156 99.11924306065156 6.194952691290722 6.194952691290722 6.194952691290722
 7072 131072 18209.934 18209.934 18209.934 101.80610034061628 101.80610034061628 101.80610034061628 6.362881271288518 6.362881271288518 6.362881271288518
 7776 131072 20020.962 20020.962 20020.962 101.8148750294816 101.8148750294816 101.8148750294816 6.3634296893426 6.3634296893426 6.3634296893426
 8552 65536 11029.959 11029.959 11029.959 101.62573985995778 101.62573985995778 101.62573985995778 6.351608741247361 6.351608741247361 6.351608741247361
 9400 65536 12098.789 12098.789 12098.789 101.83472081379384 101.83472081379384 101.83472081379384 6.364670050862115 6.364670050862115 6.364670050862115
 10336 65536 13289.928 13289.928 13289.928 101.9388661849786 101.9388661849786 101.9388661849786 6.371179136561162 6.371179136561162 6.371179136561162
 11368 65536 14685.869 14685.869 14685.869 101.45987928940399 101.45987928940399 101.45987928940399 6.341242455587749 6.341242455587749 6.341242455587749
 12504 65536 16075.85 16075.85 16075.85 101.94946382306378 101.94946382306378 101.94946382306378 6.371841488941486 6.371841488941486 6.371841488941486
 13752 65536 17975.092 17975.092 17975.092 100.27777014993858 100.27777014993858 100.27777014993858 6.267360634371161 6.267360634371161 6.267360634371161
 15120 65536 19563.913 19563.913 19563.913 101.29919510478298 101.29919510478298 101.29919510478298 6.331199694048936 6.331199694048936 6.331199694048936
 16632 32768 10806.084 10806.084 10806.084 100.86861734556199 100.86861734556199 100.86861734556199 6.304288584097624 6.304288584097624 6.304288584097624
 18288 32768 11882.067 11882.067 11882.067 100.86817116920818 100.86817116920818 100.86817116920818 6.304260698075511 6.304260698075511 6.304260698075511
 20112 32768 13030.052 13030.052 13030.052 101.15539308668913 101.15539308668913 101.15539308668913 6.322212067918071 6.322212067918071 6.322212067918071
 22120 32768 14338.017 14338.017 14338.017 101.1057749478188 101.1057749478188 101.1057749478188 6.319110934238675 6.319110934238675 6.319110934238675
 24328 32768 15802.86 15802.86 15802.86 100.89058613440858 100.89058613440858 100.89058613440858 6.305661633400536 6.305661633400536 6.305661633400536
 26760 32768 17324.924 17324.924 17324.924 101.22661201861551 101.22661201861551 101.22661201861551 6.3266632511634695 6.3266632511634695 6.3266632511634695
 29432 32768 19171.953 19171.953 19171.953 100.60819322893185 100.60819322893185 100.60819322893185 6.288012076808241 6.288012076808241 6.288012076808241
 32368 32768 20927.191 20927.191 20927.191 101.36426087954185 101.36426087954185 101.36426087954185 6.335266304971365 6.335266304971365 6.335266304971365
 35600 16384 11545.897 11545.897 11545.897 101.0350949778956 101.0350949778956 101.0350949778956 6.314693436118475 6.314693436118475 6.314693436118475
 39160 16384 12753.963 12753.963 12753.963 100.61146327615972 100.61146327615972 100.61146327615972 6.288216454759983 6.288216454759983 6.288216454759983
 43072 16384 14091.015 14091.015 14091.015 100.1619326925704 100.1619326925704 100.1619326925704 6.26012079328565 6.26012079328565 6.26012079328565
 47376 16384 15511.99 15511.99 15511.99 100.07850495004188 100.07850495004188 100.07850495004188 6.254906559377617 6.254906559377617 6.254906559377617
 52112 16384 17167.091 17167.091 17167.091 99.46973636942916 99.46973636942916 99.46973636942916 6.216858523089322 6.216858523089322 6.216858523089322
 57320 16384 19052.982 19052.982 19052.982 98.5809864303656 98.5809864303656 98.5809864303656 6.16131165189785 6.16131165189785 6.16131165189785
 63048 16384 21313.906 21313.906 21313.906 96.92999790840777 96.92999790840777 96.92999790840777 6.058124869275486 6.058124869275486 6.058124869275486
 69352 8192 11641.026 11641.026 11641.026 97.60850701647774 97.60850701647774 97.60850701647774 6.100531688529859 6.100531688529859 6.100531688529859
 76280 8192 12778.997 12778.997 12778.997 97.79887419959485 97.79887419959485 97.79887419959485 6.112429637474678 6.112429637474678 6.112429637474678
 83904 8192 13953.924 13953.924 13953.924 98.51588241415102 98.51588241415102 98.51588241415102 6.157242650884439 6.157242650884439 6.157242650884439
 92288 8192 15313.864 15313.864 15313.864 98.73710462623933 98.73710462623933 98.73710462623933 6.171069039139958 6.171069039139958 6.171069039139958
 101512 8192 16901.97 16901.97 16901.97 98.40110992978924 98.40110992978924 98.40110992978924 6.150069370611828 6.150069370611828 6.150069370611828
 111656 8192 18586.874 18586.874 18586.874 98.42278502560463 98.42278502560463 98.42278502560463 6.151424064100289 6.151424064100289 6.151424064100289
 122816 8192 20393.848 20393.848 20393.848 98.66786022922206 98.66786022922206 98.66786022922206 6.166741264326379 6.166741264326379 6.166741264326379
 135096 4096 11226.892 11226.892 11226.892 98.57638534333455 98.57638534333455 98.57638534333455 6.161024083958409 6.161024083958409 6.161024083958409
 148600 4096 12466.908 12466.908 12466.908 97.64499746047699 97.64499746047699 97.64499746047699 6.102812341279812 6.102812341279812 6.102812341279812
 163456 4096 13644.934 13644.934 13644.934 98.13397060037082 98.13397060037082 98.13397060037082 6.133373162523176 6.133373162523176 6.133373162523176
 179800 4096 15221.119 15221.119 15221.119 96.76828622126928 96.76828622126928 96.76828622126928 6.04801788882933 6.04801788882933 6.04801788882933
 197776 4096 16552.21 16552.21 16552.21 97.88306165762761 97.88306165762761 97.88306165762761 6.1176913536017254 6.1176913536017254 6.1176913536017254
 217552 4096 18108.13 18108.13 18108.13 98.41910699779602 98.41910699779602 98.41910699779602 6.151194187362251 6.151194187362251 6.151194187362251
 239304 4096 19923.925 19923.925 19923.925 98.39318146399367 98.39318146399367 98.39318146399367 6.149573841499604 6.149573841499604 6.149573841499604
 263232 2048 10941.982 10941.982 10941.982 98.5377486455379 98.5377486455379 98.5377486455379 6.158609290346119 6.158609290346119 6.158609290346119
 289552 2048 12032.032 12032.032 12032.032 98.57063146108653 98.57063146108653 98.57063146108653 6.160664466317908 6.160664466317908 6.160664466317908
 318504 2048 13495.922 13495.922 13495.922 96.66567308258006 96.66567308258006 96.66567308258006 6.0416045676612535 6.0416045676612535 6.0416045676612535
 350352 2048 14605.999 14605.999 14605.999 98.25016364851183 98.25016364851183 98.25016364851183 6.140635228031989 6.140635228031989 6.140635228031989
 385384 2048 15986.919 15986.919 15986.919 98.73902932766471 98.73902932766471 98.73902932766471 6.171189332979044 6.171189332979044 6.171189332979044
 423920 2048 17915.964 17915.964 17915.964 96.91782814477637 96.91782814477637 96.91782814477637 6.057364259048523 6.057364259048523 6.057364259048523
 466312 2048 19795.895 19795.895 19795.895 96.4853547667332 96.4853547667332 96.4853547667332 6.030334672920825 6.030334672920825 6.030334672920825
 512936 2048 21836.996 21836.996 21836.996 96.21221966611158 96.21221966611158 96.21221966611158 6.013263729131974 6.013263729131974 6.013263729131974
 564224 1024 12010.098 12010.098 12010.098 96.21326587010364 96.21326587010364 96.21326587010364 6.0133291168814775 6.0133291168814775 6.0133291168814775
 620640 1024 13420.105 13420.105 13420.105 94.71391766308832 94.71391766308832 94.71391766308832 5.91961985394302 5.91961985394302 5.91961985394302
 682704 1024 14505.148 14505.148 14505.148 96.39183219640366 96.39183219640366 96.39183219640366 6.024489512275228 6.024489512275228 6.024489512275228
 750968 1024 15946.15 15946.15 15946.15 96.44851352834384 96.44851352834384 96.44851352834384 6.02803209552149 6.02803209552149 6.02803209552149
 826064 1024 17598.867 17598.867 17598.867 96.12999927779444 96.12999927779444 96.12999927779444 6.0081249548621525 6.0081249548621525 6.0081249548621525
 908664 1024 19222.021 19222.021 19222.021 96.81312240788832 96.81312240788832 96.81312240788832 6.05082015049302 6.05082015049302 6.05082015049302
 999528 1024 21015.167 21015.167 21015.167 97.40742693122543 97.40742693122543 97.40742693122543 6.087964183201589 6.087964183201589 6.087964183201589
 1099480 512 11581.898 11581.898 11581.898 97.20924152500739 97.20924152500739 97.20924152500739 6.075577595312962 6.075577595312962 6.075577595312962
 1209424 512 12717.962 12717.962 12717.962 97.37803714148541 97.37803714148541 97.37803714148541 6.086127321342838 6.086127321342838 6.086127321342838
 1330360 512 14029.026 14029.026 14029.026 97.10500500890083 97.10500500890083 97.10500500890083 6.069062813056302 6.069062813056302 6.069062813056302
 1463392 512 15346.05 15346.05 15346.05 97.64815102257585 97.64815102257585 97.64815102257585 6.10300943891099 6.10300943891099 6.10300943891099
 1609728 512 16907.93 16907.93 16907.93 97.4904362627477 97.4904362627477 97.4904362627477 6.093152266421732 6.093152266421732 6.093152266421732
 1770696 512 18583.059 18583.059 18583.059 97.5723482339479 97.5723482339479 97.5723482339479 6.098271764621744 6.098271764621744 6.098271764621744
 1947760 512 20492.077 20492.077 20492.077 97.33060440871854 97.33060440871854 97.33060440871854 6.083162775544909 6.083162775544909 6.083162775544909
 2142536 256 11222.124 11222.124 11222.124 97.75140891332158 97.75140891332158 97.75140891332158 6.109463057082599 6.109463057082599 6.109463057082599
 2356784 256 12416.84 12416.84 12416.84 97.18039436764909 97.18039436764909 97.18039436764909 6.073774647978068 6.073774647978068 6.073774647978068
 2592456 256 13631.821 13631.821 13631.821 97.37051799609164 97.37051799609164 97.37051799609164 6.085657374755727 6.085657374755727 6.085657374755727
 2851696 256 14976.978 14976.978 14976.978 97.48751396977416 97.48751396977416 97.48751396977416 6.092969623110885 6.092969623110885 6.092969623110885
 3136864 256 16469.955 16469.955 16469.955 97.51540717627947 97.51540717627947 97.51540717627947 6.094712948517467 6.094712948517467 6.094712948517467
 3450544 256 18136.978 18136.978 18136.978 97.40754650526677 97.40754650526677 97.40754650526677 6.087971656579173 6.087971656579173 6.087971656579173
 3795592 256 19906.044 19906.044 19906.044 97.62578159678537 97.62578159678537 97.62578159678537 6.101611349799086 6.101611349799086 6.101611349799086
 4175144 256 21916.866 21916.866 21916.866 97.53555677166618 97.53555677166618 97.53555677166618 6.095972298229136 6.095972298229136 6.095972298229136
 4592656 128 12060.881 12060.881 12060.881 97.48209405266498 97.48209405266498 97.48209405266498 6.092630878291561 6.092630878291561 6.092630878291561
 5051920 128 13404.131 13404.131 13404.131 96.48454793525966 96.48454793525966 96.48454793525966 6.0302842459537285 6.0302842459537285 6.0302842459537285
 5557112 128 14389.992 14389.992 14389.992 98.86181118099302 98.86181118099302 98.86181118099302 6.1788631988120635 6.1788631988120635 6.1788631988120635
 6112816 128 15846.968 15846.968 15846.968 98.74954603303294 98.74954603303294 98.74954603303294 6.171846627064559 6.171846627064559 6.171846627064559
 6724096 128 17463.923 17463.923 17463.923 98.56711896863035 98.56711896863035 98.56711896863035 6.160444935539397 6.160444935539397 6.160444935539397
 7396504 128 19522.905 19522.905 19522.905 96.98889709292752 96.98889709292752 96.98889709292752 6.06180606830797 6.06180606830797 6.06180606830797
 8136152 128 21976.948 21976.948 21976.948 94.77452974817068 94.77452974817068 94.77452974817068 5.923408109260667 5.923408109260667 5.923408109260667
 8949760 64 11702.061 11702.061 11702.061 97.89465975267092 97.89465975267092 97.89465975267092 6.118416234541932 6.118416234541932 6.118416234541932
 9844736 64 12928.009 12928.009 12928.009 97.47256580653679 97.47256580653679 97.47256580653679 6.0920353629085495 6.0920353629085495 6.0920353629085495
 10829208 64 14195.919 14195.919 14195.919 97.64345823613111 97.64345823613111 97.64345823613111 6.102716139758194 6.102716139758194 6.102716139758194
 11912128 64 15573.978 15573.978 15573.978 97.90384858640483 97.90384858640483 97.90384858640483 6.118990536650302 6.118990536650302 6.118990536650302
 13103336 64 17116.07 17116.07 17116.07 97.99136180209592 97.99136180209592 97.99136180209592 6.124460112630995 6.124460112630995 6.124460112630995
 14413664 64 18775.94 18775.94 18775.94 98.26133828719095 98.26133828719095 98.26133828719095 6.1413336429494345 6.1413336429494345 6.1413336429494345
 15855024 64 20877.838 20877.838 20877.838 97.20561448939301 97.20561448939301 97.20561448939301 6.075350905587063 6.075350905587063 6.075350905587063
 17440520 32 11456.013 11456.013 11456.013 97.43296206105911 97.43296206105911 97.43296206105911 6.089560128816195 6.089560128816195 6.089560128816195
 19184568 32 12629.986 12629.986 12629.986 97.21407070443307 97.21407070443307 97.21407070443307 6.075879419027067 6.075879419027067 6.075879419027067
 21103024 32 13910.055 13910.055 13910.055 97.09476605232689 97.09476605232689 97.09476605232689 6.068422878270431 6.068422878270431 6.068422878270431
 23213320 32 15318.155 15318.155 15318.155 96.986385109695 96.986385109695 96.986385109695 6.061649069355937 6.061649069355937 6.061649069355937
 25534648 32 16593.933 16593.933 16593.933 98.4828293569704 98.4828293569704 98.4828293569704 6.15517683481065 6.15517683481065 6.15517683481065
 28088112 32 18480.062 18480.062 18480.062 97.27452039933631 97.27452039933631 97.27452039933631 6.079657524958519 6.079657524958519 6.079657524958519
 30896920 32 21808.863 21808.863 21808.863 90.66969149194068 90.66969149194068 90.66969149194068 5.666855718246293 5.666855718246293 5.666855718246293
 33986608 16 15609.98 15609.98 15609.98 69.67154704874703 69.67154704874703 69.67154704874703 4.354471690546689 4.354471690546689 4.354471690546689
 37385264 16 22412.062 22412.062 22412.062 53.37877648205684 53.37877648205684 53.37877648205684 3.3361735301285527 3.3361735301285527 3.3361735301285527
 41123784 16 25461.912 25461.912 25461.912 51.68351410530364 51.68351410530364 51.68351410530364 3.2302196315814773 3.2302196315814773 3.2302196315814773
 45236160 16 27994.156 27994.156 27994.156 51.709261032909865 51.709261032909865 51.709261032909865 3.2318288145568665 3.2318288145568665 3.2318288145568665
 49759776 16 31644.821 31644.821 31644.821 50.31827584046059 50.31827584046059 50.31827584046059 3.144892240028787 3.144892240028787 3.144892240028787
 54735752 16 35176.039 35176.039 35176.039 49.79366960560852 49.79366960560852 49.79366960560852 3.1121043503505326 3.1121043503505326 3.1121043503505326
 60209320 16 39057.016 39057.016 39057.016 49.33040045865255 49.33040045865255 49.33040045865255 3.0831500286657842 3.0831500286657842 3.0831500286657842
 66230248 16 43388.844 43388.844 43388.844 48.84591845774919 48.84591845774919 48.84591845774919 3.0528699036093245 3.0528699036093245 3.0528699036093245
 72853272 8 23983.955 23983.955 23983.955 48.60134002085977 48.60134002085977 48.60134002085977 3.037583751303736 3.037583751303736 3.037583751303736
 80138592 8 26725.054 26725.054 26725.054 47.97810593759698 47.97810593759698 47.97810593759698 2.998631621099811 2.998631621099811 2.998631621099811
 88152448 8 29309.988 29309.988 29309.988 48.12145156797744 48.12145156797744 48.12145156797744 3.00759072299859 3.00759072299859 3.00759072299859
 96967688 8 32487.869 32487.869 32487.869 47.75576409766982 47.75576409766982 47.75576409766982 2.9847352561043636 2.9847352561043636 2.9847352561043636
 106664456 8 35739.899 35739.899 35739.899 47.75143029922945 47.75143029922945 47.75143029922945 2.9844643937018405 2.9844643937018405 2.9844643937018405
 117330896 8 39506.912 39506.912 39506.912 47.51812381590341 47.51812381590341 47.51812381590341 2.969882738493963 2.969882738493963 2.969882738493963
 129063984 8 43445.11 43445.11 43445.11 47.5317876741479 47.5317876741479 47.5317876741479 2.9707367296342437 2.9707367296342437 2.9707367296342437
 141970376 4 24007.082 24007.082 24007.082 47.30949842217393 47.30949842217393 47.30949842217393 2.9568436513858707 2.9568436513858707 2.9568436513858707
 156167408 4 26533.842 26533.842 26533.842 47.08474799842405 47.08474799842405 47.08474799842405 2.942796749901503 2.942796749901503 2.942796749901503
 171784144 4 29329.062 29329.062 29329.062 46.857044115491995 46.857044115491995 46.857044115491995 2.9285652572182497 2.9285652572182497 2.9285652572182497
 188962552 4 32130.003 32130.003 32130.003 47.04949501560893 47.04949501560893 47.04949501560893 2.9405934384755583 2.9405934384755583 2.9405934384755583
 207858800 4 35537.004 35537.004 35537.004 46.79264464725276 46.79264464725276 46.79264464725276 2.9245402904532973 2.9245402904532973 2.9245402904532973
 228644680 4 38971.186 38971.186 38971.186 46.93615021108158 46.93615021108158 46.93615021108158 2.933509388192599 2.933509388192599 2.933509388192599
 251509144 4 42958.975 42958.975 42958.975 46.83708473025719 46.83708473025719 46.83708473025719 2.9273177956410743 2.9273177956410743 2.9273177956410743
 276660056 2 23690.939 23690.939 23690.939 46.71153912472613 46.71153912472613 46.71153912472613 2.919471195295383 2.919471195295383 2.919471195295383
 304326056 2 26087.046 26087.046 26087.046 46.66316853199861 46.66316853199861 46.66316853199861 2.916448033249913 2.916448033249913 2.916448033249913
 334758656 2 28728.008 28728.008 28728.008 46.61077175974052 46.61077175974052 46.61077175974052 2.9131732349837827 2.9131732349837827 2.9131732349837827
 368234520 2 31664.848 31664.848 31664.848 46.51650562162812 46.51650562162812 46.51650562162812 2.9072816013517575 2.9072816013517575 2.9072816013517575
 405057968 2 34836.769 34836.769 34836.769 46.50924636552833 46.50924636552833 46.50924636552833 2.9068278978455204 2.9068278978455204 2.9068278978455204
 445563760 2 38443.089 38443.089 38443.089 46.36086970014298 46.36086970014298 46.36086970014298 2.897554356258936 2.897554356258936 2.897554356258936
 490120136 2 42303.801 42303.801 42303.801 46.34289349082367 46.34289349082367 46.34289349082367 2.8964308431764794 2.8964308431764794 2.8964308431764794
 539132144 1 23271.084 23271.084 23271.084 46.33494030617568 46.33494030617568 46.33494030617568 2.89593376913598 2.89593376913598 2.89593376913598
 593045352 1 25668.144 25668.144 25668.144 46.20866643104386 46.20866643104386 46.20866643104386 2.888041651940241 2.888041651940241 2.888041651940241
 652349880 1 28232.098 28232.098 28232.098 46.21334765839932 46.21334765839932 46.21334765839932 2.8883342286499576 2.8883342286499576 2.8883342286499576
 717584864 1 31100.988 31100.988 31100.988 46.14547061977581 46.14547061977581 46.14547061977581 2.884091913735988 2.884091913735988 2.884091913735988
 789343344 1 34317.017 34317.017 34317.017 46.00302782727298 46.00302782727298 46.00302782727298 2.8751892392045613 2.8751892392045613 2.8751892392045613
 868277672 1 37631.989 37631.989 37631.989 46.145723097442435 46.145723097442435 46.145723097442435 2.884107693590152 2.884107693590152 2.884107693590152
 955105432 1 41383.028 41383.028 41383.028 46.15928210956434 46.15928210956434 46.15928210956434 2.884955131847771 2.884955131847771 2.884955131847771
 1050615968 1 45509.1 45509.1 45509.1 46.1716873328631 46.1716873328631 46.1716873328631 2.885730458303944 2.885730458303944 2.885730458303944
 
META_DATA
 FLOPS          1
 MPI_PROCS      1
 OPENMP_THREADS 1
 ERT_VERSION  1.1.0
 HOSTNAME  ('c3cpu-c11-u13-2.rc.int.colorado.edu', [], ['10.225.64.253'])
 UNAME  uname_result(system='Linux', node='c3cpu-c11-u13-2.rc.int.colorado.edu', release='4.18.0-305.34.2.el8_4.x86_64', version='#1 SMP Mon Jan 17 09:42:23 EST 2022', machine='x86_64', processor='x86_64')
 TIMESTAMP_DATA  1728420551.53301
 CONFIG  {'nux': ['workstation,', 'MPI', 'and', 'OpenMP', '(8-core', 'Intel', 'Xeon', 'CPU', 'E5530,', '2.40', 'GHz)'], 'ERT_RESULTS': ['Results.alpine'], 'ERT_DRIVER': ['driver1'], 'ERT_KERNEL': ['kernel1'], 'ERT_MPI': ['True'], 'ERT_MPI_CFLAGS': ['-I/usr/include/mpi'], 'ERT_MPI_LDFLAGS': ['-lmpi'], 'ERT_OPENMP': ['True'], 'ERT_OPENMP_CFLAGS': ['-qopenmp'], 'ERT_OPENMP_LDFLAGS': ['-qopenmp'], 'ERT_FLOPS': ['1,2,4,8,16'], 'ERT_ALIGN': ['32'], 'ERT_CC': ['icpc'], 'ERT_CFLAGS': ['-O3', '-fno-alias', '-fno-fnalias', '-DERT_INTEL'], 'ERT_LD': ['icpc'], 'ERT_LDFLAGS': [], 'ERT_LDLIBS': [], 'ERT_PRECISION': ['FP64'], 'ERT_RUN': ['export', 'OMP_NUM_THREADS=ERT_OPENMP_THREADS;', 'mpirun', '-np', 'ERT_MPI_PROCS', 'ERT_CODE'], 'ERT_PROCS_THREADS': ['1'], 'ERT_MPI_PROCS': ['1'], 'ERT_OPENMP_THREADS': ['1'], 'ERT_NUM_EXPERIMENTS': ['1'], 'ERT_MEMORY_MAX': ['1073741824'], 'ERT_WORKING_SET_MIN': ['1'], 'ERT_TRIALS_MIN': ['1'], 'ERT_GNUPLOT': ['gnuplot'], 'ERT_GPU': [False], 'ERT_HIP': [False], 'ERT_OCL': [False], 'ERT_SYCL': [False], 'ERT_WSS_MULT': [1.1]}
 