fp64
 16 67108864 652554.035 652568.817 652638.912 3.2904621660070434 3.2908156075744577 3.2908901528744665 1.6452310830035217 1.6454078037872288 1.6454450764372333
 32 33554432 337195.873 337209.94 337301.016 6.3666681869704185 6.368387740883321 6.368653414687551 3.1833340934852092 3.1841938704416606 3.1843267073437755
 48 16777216 168685.198 168689.966 168699.98 9.547201700913064 9.54776845470465 9.54803832876907 4.773600850456532 4.773884227352325 4.774019164384535
 64 16777216 170578.003 170605.898 170652.866 12.583929577836683 12.587393948127165 12.589452392639396 6.291964788918341 6.293696974063582 6.294726196319698
 80 8388608 85070.133 85090.876 85093.021 15.773059461597915 15.773457074293134 15.777303181129385 7.886529730798958 7.886728537146567 7.888651590564693
 96 8388608 85269.928 85292.816 85433.96 18.852137206328724 18.883334043045313 18.888402673448958 9.426068603164362 9.441667021522656 9.444201336724479
 112 8388608 85438.967 85440.874 85465.908 21.985938439921565 21.992380274574437 21.992871145083015 10.992969219960782 10.996190137287218 10.996435572541507
 128 8388608 85911.036 85925.102 85944.176 24.986959535222024 24.99250624107493 24.996598201888755 12.493479767611012 12.496253120537466 12.498299100944378
 144 4194304 43097.019 43097.973 43099.88 28.026981792060674 28.028221930530236 28.028842366104254 14.013490896030337 14.014110965265118 14.014421183052127
 160 4194304 43488.026 43499.947 43570.995 30.8043752500947 30.854687708010314 30.863145639215723 15.40218762504735 15.427343854005157 15.431572819607862
 176 4194304 43807.03 43811.083 44028.044 33.533059247419665 33.69912147572339 33.70223929812179 16.766529623709832 16.849560737861694 16.851119649060895
 192 4194304 43817.043 43830.156 43850.899 36.72929797858876 36.74668043618188 36.7576775091829 18.36464898929438 18.37334021809094 18.37883875459145
 208 4194304 44084.072 44085.979 44087.887 39.5761870828602 39.57789990327764 39.57961197413887 19.7880935414301 19.78894995163882 19.789805987069435
 224 4194304 44345.856 44347.048 44362.068 42.35709191915941 42.37143793652285 42.3725768649048 21.178545959579704 21.185718968261426 21.1862884324524
 240 4194304 44665.098 44671.059 44672.966 45.06676185324251 45.068685745730804 45.07470060851539 22.533380926621255 22.534342872865402 22.537350304257696
 256 4194304 45293.093 45308.113 45314.074 47.39109637328129 47.397331422741004 47.41304922584996 23.695548186640647 23.698665711370502 23.70652461292498
 272 2097152 22804.976 22805.929 22809.982 50.01541377805559 50.02430236452986 50.026392836370455 25.007706889027794 25.01215118226493 25.013196418185228
 288 2097152 23033.857 23036.003 23046.017 52.41511155702089 52.43789697370676 52.44278246582845 26.207555778510446 26.21894848685338 26.221391232914225
 304 2097152 23515.94 23520.947 23526.907 54.19617699853194 54.209909830586334 54.22145217244134 27.09808849926597 27.104954915293167 27.11072608622067
 320 2097152 23747.921 23752.928 23756.981 56.49612128746494 56.505761310773984 56.517674957736304 28.24806064373247 28.252880655386992 28.258837478868152
 352 2097152 24515.152 24515.152 24522.066 60.206795300200234 60.22377540224919 60.22377540224919 30.103397650100117 30.111887701124594 30.111887701124594
 384 2097152 25665.998 25672.913 25684.118 62.70850865893079 62.73587792705876 62.752780390616415 31.354254329465395 31.36793896352938 31.376390195308208
 416 2097152 27503.967 27515.888 28065.92 62.16901010193146 63.411744661847735 63.43922911193138 31.08450505096573 31.705872330923867 31.71961455596569
 448 2097152 28921.843 28970.003 29139.042 64.48558576496784 64.86185700429509 64.96986350420337 32.24279288248392 32.430928502147545 32.48493175210169
 480 2097152 30842.066 30873.06 30972.958 65.00076356930455 65.21109083453341 65.27662316785134 32.50038178465228 32.605545417266704 32.63831158392567
 528 1048576 16739.13 16745.09 17998.934 61.520102023819845 66.12662314744202 66.15016766104331 30.760051011909923 33.06331157372101 33.075083830521656
 576 1048576 18280.983 18288.136 19460.917 62.07104999214579 66.05154029913163 66.07738500714102 31.035524996072894 33.025770149565815 33.03869250357051
 624 1048576 19599.915 19611.835 20996.094 62.326966530060304 66.72618079848215 66.76676138646519 31.163483265030152 33.363090399241074 33.383380693232596
 672 1048576 20963.907 20984.888 22416.83 62.86732530870778 67.15719159425582 67.22440354271748 31.43366265435389 33.57859579712791 33.61220177135874
 736 1048576 22913.933 22917.032 24986.029 61.774677040517325 67.35182252221841 67.3609315345384 30.887338520258663 33.675911261109206 33.6804657672692
 800 1048576 23838.997 23857.832 25693.893 65.29651228795885 70.3216285536758 70.37718910741084 32.648256143979424 35.1608142768379 35.18859455370542
 880 1048576 26757.002 26841.879 29031.038 63.56967876932268 68.7542686560803 68.97236693408327 31.78483938466134 34.37713432804015 34.486183467041634
 960 1048576 28691.053 28877.974 31042.099 64.85598541516153 69.7163145863349 70.17051343497221 32.42799270758076 34.85815729316745 35.085256717486104
 1056 524288 15481.949 15547.991 16663.79 66.44924449960062 71.21796352982194 71.52176098758625 33.22462224980031 35.60898176491097 35.760880493793124
 1152 524288 17364.025 17395.973 18686.056 64.64497120205569 69.43903350505315 69.5667941044775 32.32248560102784 34.71951675252657 34.78339705223875
 1264 524288 18998.146 19037.008 20596.027 64.35222016362671 69.62228854450237 69.76470567180608 32.176110081813356 34.811144272251184 34.88235283590304
 1376 524288 20245.075 20307.064 21632.91 66.69655520223586 71.05116603759166 71.26871972566167 33.34827760111793 35.52558301879583 35.634359862830834
 1504 524288 22257.09 22567.034 24091.959 65.45994470603242 69.88327770499215 70.85644637281872 32.72997235301621 34.94163885249608 35.42822318640936
 1648 524288 24181.128 24370.909 26010.99 66.43550468475055 70.90639286372125 71.46288824905108 33.21775234237528 35.453196431860626 35.73144412452554
 1808 524288 26340.961 26431.799 27851.82 68.06827733340228 71.72517496822672 71.97252249073222 34.03413866670114 35.86258748411336 35.98626124536611
 1984 524288 29025.078 29085.875 30997.992 67.1132112041322 71.52526042279972 71.67507987403168 33.5566056020661 35.76263021139986 35.83753993701584
 2176 262144 15876.055 15888.929 16618.967 68.64750907803113 71.80161029103975 71.85983470074902 34.32375453901557 35.900805145519875 35.92991735037451
 2384 262144 17451.048 17513.037 18900.871 66.12936472610177 71.36983676788898 71.62335419626375 33.064682363050885 35.68491838394449 35.811677098131874
 2608 262144 19000.053 19057.989 20540.953 66.56668286033272 71.74645257692194 71.9652257812123 33.28334143016636 35.87322628846097 35.98261289060615
 2864 262144 20853.043 20883.083 22469.044 66.82798039827595 71.90321620615117 72.00679689769977 33.41399019913798 35.951608103075586 36.003398448849886
 3136 262144 22743.94 22809.029 24437.904 67.27938566253472 72.084049171931 72.29034054785583 33.63969283126736 36.0420245859655 36.14517027392792
 3440 262144 25026.798 25157.213 26582.956 67.84613118270218 71.69119727213027 72.06478111982204 33.92306559135109 35.845598636065134 36.03239055991102
 3776 262144 27312.994 27369.022 29604.912 66.8710478855671 72.33402377330107 72.48240482167571 33.43552394278355 36.167011886650535 36.24120241083786
 4144 131072 15023.947 15038.013 16176.939 67.15267554634407 72.2385820520304 72.30621460525653 33.576337773172035 36.1192910260152 36.153107302628264
 4544 131072 16425.133 16462.088 17892.838 66.57313591058053 72.35912819807548 72.5219294114696 33.286567955290266 36.17956409903774 36.2609647057348
 4992 131072 18025.875 18032.074 19509.077 67.07764021844805 72.57195417454474 72.59691127337786 33.53882010922403 36.28597708727237 36.29845563668893
 5488 131072 19814.014 19833.803 19845.963 72.4906255241935 72.535069144329 72.60751264231469 36.24531276209675 36.2675345721645 36.303756321157344
 6032 131072 21770.954 21796.942 21802.902 72.52486884544085 72.54469952711716 72.63129617562923 36.262434422720425 36.27234976355858 36.315648087814616
 6624 131072 23864.985 23874.044 23913.86 72.61236186880745 72.73346132728916 72.7610704972159 36.30618093440373 36.36673066364458 36.38053524860795
 7280 131072 26235.104 26270.866 26333.094 72.47186069361997 72.64352534096135 72.74254830474467 36.23593034680999 36.32176267048067 36.37127415237234
 8000 131072 28765.917 28774.023 28784.037 72.85816093135233 72.88351719187823 72.90405517056868 36.429080465676165 36.44175859593911 36.45202758528434
 8800 65536 15842.915 15869.856 15879.154 72.6382274521678 72.68078550933292 72.80437974955997 36.3191137260839 36.34039275466646 36.402189874779985
 9680 65536 17405.987 17413.855 17415.047 72.85521308096384 72.86020011077387 72.89313498855307 36.42760654048192 36.43010005538694 36.446567494276536
 10640 65536 19115.925 19126.892 19134.998 72.88247848262121 72.9133661652923 72.95519730277243 36.441239241310605 36.45668308264615 36.47759865138622
 11696 65536 21013.021 21014.929 21018.028 72.93824672799941 72.94900268280706 72.95562651367455 36.46912336399971 36.47450134140353 36.47781325683727
 12864 65536 23076.057 23086.786 23091.078 73.01998668056987 73.03356162265288 73.06751790394694 36.509993340284936 36.51678081132644 36.53375895197347
 14144 65536 25393.009 25393.963 25398.97 72.99045465229496 73.00484638809627 73.00758913604923 36.49522732614748 36.502423194048134 36.50379456802462
 15552 65536 27884.96 27889.967 27903.08 73.0540049342223 73.0883526681835 73.1014763514095 36.52700246711115 36.54417633409175 36.55073817570475
 17104 32768 15349.865 15355.825 15372.992 72.91539239726399 72.99690794861233 73.02525097126262 36.45769619863199 36.498453974306166 36.51262548563131
 18800 32768 16852.14 16866.922 16866.922 73.04692581136025 73.04692581136025 73.11099955257909 36.52346290568013 36.52346290568013 36.555499776289544
 20672 32768 18538.952 18541.098 18542.051 73.06420373884205 73.06795918990342 73.07641726457892 36.53210186942103 36.53397959495171 36.53820863228946
 22736 32768 20383.12 20385.027 20390.987 73.07279907539542 73.09416347596695 73.1010020055811 36.53639953769771 36.547081737983476 36.55050100279055
 25008 32768 22423.983 22425.89 22428.036 73.07480191310555 73.08179465787087 73.08800974385326 36.53740095655277 36.540897328935436 36.54400487192663
 27504 32768 24644.852 24645.09 24645.805 73.13626574583382 73.13838756523104 73.1390938764818 36.56813287291691 36.56919378261552 36.5695469382409
 30240 32768 27086.973 27091.98 27101.994 73.12408968875131 73.15111852289866 73.16464043435197 36.562044844375656 36.57555926144933 36.58232021717598
 33264 16384 14971.972 14980.078 14985.085 72.7386432576125 72.7629557069062 72.80235041850199 36.36932162880625 36.3814778534531 36.401175209250994
 36576 16384 16453.028 16463.995 16482.115 72.71653959458479 72.7965702127582 72.84509380279424 36.358269797292394 36.3982851063791 36.42254690139712
 40224 16384 18082.857 18083.096 18085.957 72.87753874456298 72.88906899570738 72.89003236601384 36.43876937228149 36.44453449785369 36.44501618300692
 44240 16384 19901.037 19902.945 19903.898 72.83278481431125 72.83627222001569 72.8432553539798 36.41639240715563 36.41813611000784 36.4216276769899
 48656 16384 21849.871 21861.076 21864.891 72.91871740865298 72.93144253283782 72.9688430654808 36.45935870432649 36.46572126641891 36.4844215327404
 53520 16384 24033.07 24034.977 24048.09 72.92651349857722 72.96630073746275 72.97209054024309 36.46325674928861 36.48315036873137 36.486045270121544
 58864 16384 26425.123 26440.144 26444.912 72.93862622798669 72.95177938516522 72.99324782707728 36.469313113993344 36.47588969258261 36.49662391353864
 64736 16384 29061.079 29062.033 29071.093 72.96833483350626 72.99108248896421 72.9934785972675 36.48416741675313 36.495541244482105 36.49673929863375
 71200 8192 16097.069 16113.043 16118.05 72.37480960786199 72.39729950450699 72.46914329559003 36.187404803930995 36.198649752253495 36.234571647795015
 78320 8192 17755.032 17802.0 17818.213 72.01591315582544 72.08150095494888 72.27218064152179 36.00795657791272 36.04075047747444 36.13609032076089
 86144 8192 19529.104 19529.104 19533.157 72.25576981744426 72.27076552001566 72.27076552001566 36.12788490872213 36.13538276000783 36.13538276000783
 94752 8192 21456.957 21465.063 21488.905 72.24271166911484 72.32295418839442 72.35027632296602 36.12135583455742 36.16147709419721 36.17513816148301
 104224 8192 23580.074 23587.942 23621.082 72.29160865704628 72.3931751231201 72.41733066656194 36.14580432852314 36.19658756156005 36.20866533328097
 114640 8192 25953.054 25958.061 25958.061 72.35755243814243 72.35755243814243 72.37151203862173 36.17877621907122 36.17877621907122 36.185756019310865
 126096 8192 28526.068 28529.167 28536.081 72.39805858414826 72.41560414294605 72.42347119133278 36.19902929207413 36.207802071473026 36.21173559566639
 138704 4096 15684.128 15685.797 15686.035 72.43788299592599 72.43898209316363 72.44669056513692 36.218941497962994 36.219491046581815 36.22334528256846
 152560 4096 17240.047 17241.955 17246.962 72.4632848382225 72.48432790829112 72.49234993384879 36.23164241911125 36.24216395414556 36.24617496692439
 167808 4096 18963.099 18965.006 18974.066 72.45063530399864 72.48524656411921 72.49253595100676 36.22531765199932 36.242623282059604 36.24626797550338
 184576 4096 20845.89 20849.943 20856.857 72.49637814556623 72.52041849706735 72.53451841106329 36.24818907278311 36.26020924853368 36.267259205531644
 203024 4096 22933.96 22942.066 22943.974 72.4884280290764 72.49445660212119 72.52007974200706 36.2442140145382 36.247228301060595 36.26003987100353
 223312 4096 25210.857 25212.049 25220.871 72.53404943865738 72.55942997730966 72.56286067546216 36.26702471932869 36.27971498865483 36.28143033773108
 245632 4096 27731.18 27737.141 27738.094 72.54346113327037 72.54595360062525 72.56154783171867 36.271730566635185 36.27297680031263 36.280773915859335
 270192 2048 15246.153 15254.974 15257.835 72.53364792580336 72.54725127686221 72.589225098292 36.26682396290168 36.273625638431106 36.294612549146
 297200 2048 16765.833 16770.124 16772.985 72.57689671814528 72.58927840962893 72.6078567047638 36.28844835907264 36.294639204814466 36.3039283523819
 326912 2048 18438.101 18443.823 18452.883 72.56489687817344 72.6005423062236 72.62307284247983 36.28244843908672 36.3002711531118 36.311536421239914
 359600 2048 20288.944 20292.044 20293.951 72.57934149934628 72.58616234027484 72.59725296693608 36.28967074967314 36.29308117013742 36.29862648346804
 395552 2048 22306.919 22306.919 22316.933 72.59872994196829 72.63132089196182 72.63132089196182 36.29936497098414 36.31566044598091 36.31566044598091
 435104 2048 24540.901 24546.862 24547.815 72.60059536867132 72.60341399238729 72.62104940645823 36.30029768433566 36.301706996193644 36.31052470322911
 478608 2048 26994.944 26998.043 27004.004 72.59584052794541 72.61186923807773 72.62020502802302 36.297920263972706 36.305934619038865 36.31010251401151
 526464 1024 14848.948 14852.047 14858.961 72.56215774440757 72.59593724689937 72.61108813903854 36.281078872203786 36.297968623449684 36.30554406951927
 579104 1024 16328.812 16332.15 16340.971 72.57861188297807 72.61781161696409 72.63265643575293 36.28930594148903 36.308905808482045 36.31632821787647
 637008 1024 17969.131 17991.781 17992.02 72.50950054524172 72.51046375008679 72.60186282797982 36.25475027262086 36.25523187504339 36.30093141398991
 700704 1024 19747.019 19769.907 19776.106 72.56442658630573 72.58717969689994 72.67131266749679 36.282213293152864 36.29358984844997 36.335656333748396
 770768 1024 21754.026 21769.047 21775.007 72.49287515728467 72.51272249079163 72.56279200916649 36.246437578642336 36.256361245395816 36.28139600458324
 847840 1024 23910.999 23936.033 24177.074 71.81912583797362 72.54235988060344 72.61830925592027 35.90956291898681 36.27117994030172 36.30915462796013
 932624 1024 26324.987 26339.054 26579.142 71.86138484078981 72.51642188819689 72.55517170815696 35.930692420394905 36.258210944098444 36.27758585407848
 1025872 1024 29193.163 29200.077 29215.097 71.91438919405265 71.95138067615369 71.96842137318248 35.95719459702632 35.975690338076845 35.98421068659124
 1128448 512 16079.903 16091.824 16139.984 71.59429352594154 71.80856265890057 71.86179866881038 35.79714676297077 35.904281329450285 35.93089933440519
 1241280 512 17692.089 17724.037 17746.925 71.62202578756602 71.71451515250165 71.8440157066811 35.81101289378301 35.857257576250824 35.92200785334055
 1365408 512 19470.93 19490.004 19495.01 71.71977813809791 71.73819933541317 71.80847509595073 35.859889069048954 35.869099667706585 35.90423754797536
 1501936 512 21377.087 21419.048 21427.155 71.7772594635172 71.80442678871628 71.94537141566575 35.8886297317586 35.90221339435814 35.97268570783287
 1652128 512 23505.926 23552.179 23599.863 71.68597004143625 71.83110624286611 71.97244950060679 35.842985020718125 35.91555312143306 35.98622475030339
 1817328 512 25874.853 25913.0 25915.146 71.80912166190382 71.81506857561843 71.92094471029459 35.90456083095191 35.90753428780921 35.960472355147296
 1999056 512 28475.046 28490.067 28531.79 71.74570344166979 71.8507732537098 71.8886755793125 35.872851720834895 35.9253866268549 35.94433778965625
 2198960 256 15647.173 15676.975 15679.836 71.80352651647632 71.8166304405027 71.95341420459785 35.90176325823816 35.90831522025135 35.976707102298924
 2418848 256 17215.967 17215.967 17258.883 71.75726123179581 71.93613788874013 71.93613788874013 35.878630615897904 35.96806894437007 35.96806894437007
 2660720 256 18913.031 18959.045 18968.821 71.81725421943726 71.85428590944323 72.02910205138457 35.90862710971863 35.92714295472162 36.014551025692285
 2926784 256 20854.95 20857.096 20867.109 71.81221931605378 71.84669466928665 71.85408778251686 35.90610965802689 35.923347334643324 35.92704389125843
 3219456 256 22921.085 22931.099 22933.006 71.87725289916202 71.88323036763305 71.91463545464798 35.93862644958101 35.94161518381652 35.95731772732399
 3541392 256 25207.996 25230.885 25254.965 71.79549462848196 71.86401523371059 71.92926815761157 35.89774731424098 35.932007616855294 35.96463407880579
 3895520 256 27729.988 27741.194 27755.976 71.85862388697844 71.89691402612303 71.92596837762785 35.92931194348922 35.948457013061514 35.96298418881393
 4285072 128 15256.882 15260.935 15262.127 71.87585531164824 71.88146938572244 71.90056474186535 35.93792765582412 35.94073469286122 35.950282370932676
 4713568 128 16787.052 16788.96 16803.026 71.81286323070617 71.8730289428291 71.88119796138118 35.906431615353085 35.93651447141455 35.94059898069059
 5184912 128 18447.161 18460.035 18466.949 71.87638152896832 71.90330202515867 71.9534822729633 35.93819076448416 35.95165101257933 35.97674113648165
 5703392 128 20298.958 20308.018 20311.832 71.88265204241547 71.8961521503477 71.92824143978228 35.941326021207736 35.94807607517385 35.96412071989114
 6273728 128 22331.953 22339.106 22364.14 71.81471623769123 71.89519437349014 71.9182226471639 35.907358118845615 35.94759718674507 35.95911132358195
 6901088 128 24551.868 24563.074 24566.174 71.91508649250795 71.9241625864906 71.95699031943313 35.95754324625398 35.9620812932453 35.978495159716566
 7591184 128 27001.858 27028.084 27040.005 71.8691843437159 71.90088294826967 71.97071786689642 35.93459217185795 35.950441474134834 35.98535893344821
 8350288 128 29692.173 29713.154 29722.929 71.9200226868624 71.94368285507491 71.99451949845503 35.9600113434312 35.971841427537456 35.99725974922752
 9185312 64 16350.985 16354.084 16355.991 71.88313664393677 71.89151871789333 71.90514430781997 35.94156832196838 35.94575935894667 35.95257215390998
 10103840 64 17968.893 17977.953 17984.152 71.9128441530076 71.93764050890553 71.97391180413841 35.9564220765038 35.968820254452766 35.986955902069205
 11114224 64 19784.927 19786.835 19795.179 71.8670274211716 71.89733335321188 71.90426691996387 35.9335137105858 35.94866667660594 35.95213345998194
 12225632 64 21744.967 21749.02 21757.126 71.92498200359735 71.95178890818988 71.96519985521248 35.962491001798675 35.97589445409494 35.98259992760624
 13448192 64 23914.099 23931.98 23942.947 71.89459910678498 71.92754531802217 71.9813268315064 35.94729955339249 35.963772659011084 35.9906634157532
 14793008 64 26268.005 26323.08 26328.802 71.9176293702995 71.93326252095119 72.08408190877076 35.95881468514975 35.966631260475594 36.04204095438538
 16272304 64 28862.0 28970.003 28985.023 71.85969498799432 71.89695189192766 72.16599376342597 35.92984749399716 35.94847594596383 36.08299688171299
 17899520 32 15876.055 15930.891 15962.124 71.76797273345326 71.90867604329225 72.15704909059586 35.88398636672663 35.95433802164612 36.07852454529793
 19689472 32 17585.993 17591.953 17655.849 71.37160087855305 71.63083075540277 71.6551068796627 35.68580043927653 35.815415377701385 35.82755343983135
 21658416 32 19278.049 19315.958 19354.105 71.61987723017933 71.7613190088734 71.90243286548343 35.80993861508966 35.8806595044367 35.95121643274172
 23824256 32 21203.995 21224.022 21352.053 71.41010674711232 71.840878415976 71.90873153856148 35.70505337355616 35.920439207988 35.95436576928074
 26206672 32 23305.893 23334.98 23594.856 71.08443501414037 71.87608508770953 71.96579028317001 35.542217507070184 35.93804254385476 35.982895141585004
 28827328 32 25651.932 25675.058 25680.065 71.84362625250365 71.8576367772957 71.9224186310801 35.92181312625183 35.92881838864785 35.96120931554005
 31710048 32 28105.974 28219.938 28233.051 71.88181936128689 71.91522079176785 72.20682236452649 35.94090968064344 35.957610395883925 36.103411182263244
 34881040 16 15460.968 15532.017 15535.831 71.84638401383229 71.86402641717429 72.19426881939087 35.923192006916146 35.93201320858714 36.097134409695435
 38369136 16 17049.074 17076.969 17086.029 71.86060330343581 71.89872816423102 72.016365932836 35.930301651717905 35.94936408211551 36.008182966418
 42206048 16 18711.09 18779.039 18787.861 71.88649820221686 71.92026897649022 72.1814461904678 35.94324910110843 35.96013448824511 36.0907230952339
 46426640 16 20645.142 20651.102 20662.069 71.90240628854738 71.94059087016277 71.96135923889504 35.95120314427369 35.97029543508138 35.98067961944752
 51069296 16 22708.893 22731.066 22744.894 71.84986098418396 71.89356944368558 71.96376644163148 35.92493049209198 35.94678472184279 35.98188322081574
 56176224 16 24994.135 25014.877 25019.169 71.85047465005732 71.86280260342674 71.92243972435934 35.92523732502866 35.93140130171337 35.96121986217967
 61793840 16 27568.102 27623.177 27633.905 71.55712810042591 71.58491870793863 71.72792961952912 35.77856405021296 35.79245935396931 35.86396480976456
 67973216 8 15426.874 15444.04 15482.903 70.2433811023682 70.4201398079777 70.49849865889875 35.1216905511841 35.21006990398885 35.24924932944938
 74770528 8 17773.867 17853.022 17883.778 66.8946152205647 67.00985681863833 67.30828175995691 33.44730761028235 33.50492840931916 33.654140879978456
 82247568 8 19646.883 19675.97 19701.958 66.7934165731142 66.88163724583845 66.98065479394364 33.3967082865571 33.440818622919224 33.49032739697182
 90472320 8 21789.074 21981.955 21996.975 65.80709938525638 65.85206456841532 66.43499948643985 32.90354969262819 32.92603228420766 33.217499743219925
 99519552 8 24130.106 24304.152 24348.021 65.39803920819683 65.51608268414384 65.98863809384012 32.69901960409842 32.75804134207192 32.99431904692006
 109471504 8 26823.997 26889.086 26934.147 65.03061203311914 65.1395909849818 65.29765358980617 32.51530601655957 32.5697954924909 32.64882679490309
 120418640 8 29694.08 29711.008 29792.07 64.67151292273414 64.8479593825965 64.88492790482142 32.33575646136707 32.42397969129825 32.44246395241071
 132460496 8 32772.064 32814.98 32835.007 64.5459870314631 64.58537948217553 64.66995597225736 32.27299351573155 32.29268974108776 32.33497798612868
 145706544 4 18196.106 18218.994 18229.008 63.944914171961514 63.98006124816771 64.06053866689939 31.972457085980757 31.990030624083854 32.030269333449695
 160277184 4 20012.14 20063.877 20106.077 63.7726331198274 63.90676497867286 64.07198190698246 31.8863165599137 31.95338248933643 32.03599095349123
 176304896 4 22109.032 22163.868 22195.101 63.54731920345846 63.63686916020254 63.79470471615401 31.77365960172923 31.81843458010127 31.897352358077004
 193935376 4 24369.001 24376.869 24409.056 63.56177838258062 63.64570478677963 63.6662540249393 31.78088919129031 31.822852393389816 31.83312701246965
 213328912 4 26842.117 26870.966 26998.997 63.21091468694189 63.51209316404926 63.58035381486491 31.605457343470945 31.75604658202463 31.790176907432453
 234661792 4 29517.174 29637.814 29697.895 63.21304375276429 63.341187578814015 63.600070115113326 31.606521876382146 31.670593789407008 31.800035057556663
 258127968 4 32519.102 32708.883 32795.191 62.96727297608969 63.13342292978943 63.50186865553667 31.483636488044844 31.566711464894716 31.750934327768334
 283940752 2 17984.867 18051.863 18097.878 62.75669490091601 62.9166645016085 63.15103736936171 31.378347450458005 31.45833225080425 31.575518684680855
 312334816 2 19773.96 19845.963 19910.097 62.74902949995673 62.95180858696552 63.181035260514335 31.374514749978363 31.47590429348276 31.590517630257168
 343568288 2 21802.187 21871.805 21947.145 62.617399757462756 62.83309274200277 63.03372923092532 31.308699878731378 31.416546371001385 31.51686461546266
 377925104 2 23989.201 24044.991 24054.05 62.845982942581394 62.86966029640019 63.01587185000451 31.422991471290697 31.434830148200096 31.507935925002254
 415717600 2 26386.976 26534.081 26597.977 62.51867952213058 62.6692290567742 63.01860432965112 31.25933976106529 31.3346145283871 31.50930216482556
 457289360 2 29045.105 29161.93 29268.98 62.49474494840612 62.72415577432632 62.976444395707986 31.24737247420306 31.36207788716316 31.488222197853993
 503018288 2 31939.983 32063.007 32225.132 62.4380111771148 62.753725874806435 62.99543590865406 31.2190055885574 31.376862937403217 31.49771795432703
 553320112 1 17620.087 17664.909 17673.969 62.61413177764428 62.646245389659235 62.805604989351075 31.30706588882214 31.323122694829618 31.402802494675537
 608652112 1 19376.04 19427.061 19439.936 62.61873619337018 62.66023584318801 62.82523281330963 31.30936809668509 31.330117921594006 31.412616406654816
 669517312 1 21330.118 21352.053 21441.936 62.449334052671354 62.71221900769917 62.77670962720413 31.224667026335677 31.356109503849584 31.388354813602064
 736469040 1 23437.023 23509.026 23535.967 62.58243309059704 62.65415164371335 62.846637134758964 31.29121654529852 31.327075821856674 31.423318567379482
 810115936 1 25752.783 25883.198 25897.026 62.56439917077737 62.597823962865796 62.91482640924672 31.282199585388685 31.298911981432898 31.45741320462336
 891127520 1 28367.996 28487.921 28499.126 62.53718236832947 62.56177978027951 62.8262581537307 31.268591184164734 31.280889890139754 31.41312907686535
 980240272 1 31232.834 31286.955 31330.109 62.57496723040446 62.66127668863907 62.76985764404217 31.28748361520223 31.330638344319535 31.384928822021084
 
META_DATA
 FLOPS          8
 MPI_PROCS      1
 OPENMP_THREADS 2
 ERT_VERSION  1.1.0
 HOSTNAME  ('c3cpu-a7-u1-3.rc.int.colorado.edu', [], ['10.225.64.156'])
 UNAME  uname_result(system='Linux', node='c3cpu-a7-u1-3.rc.int.colorado.edu', release='4.18.0-305.34.2.el8_4.x86_64', version='#1 SMP Mon Jan 17 09:42:23 EST 2022', machine='x86_64', processor='x86_64')
 TIMESTAMP_DATA  1728533737.6976829
 CONFIG  {'nux': ['workstation,', 'MPI', 'and', 'OpenMP', '(8-core', 'Intel', 'Xeon', 'CPU', 'E5530,', '2.40', 'GHz)'], 'ERT_RESULTS': ['Results.alpine'], 'ERT_DRIVER': ['driver1'], 'ERT_KERNEL': ['kernel1'], 'ERT_MPI': ['True'], 'ERT_MPI_CFLAGS': ['-I/usr/include/mpi'], 'ERT_MPI_LDFLAGS': ['-lmpi'], 'ERT_OPENMP': ['True'], 'ERT_OPENMP_CFLAGS': ['-qopenmp'], 'ERT_OPENMP_LDFLAGS': ['-qopenmp'], 'ERT_FLOPS': ['1,2,4,8,16'], 'ERT_ALIGN': ['32'], 'ERT_CC': ['icpc'], 'ERT_CFLAGS': ['-O3', '-fno-alias', '-fno-fnalias', '-DERT_INTEL'], 'ERT_LD': ['icpc'], 'ERT_LDFLAGS': [], 'ERT_LDLIBS': [], 'ERT_PRECISION': ['FP64'], 'ERT_RUN': ['export', 'OMP_NUM_THREADS=ERT_OPENMP_THREADS;', 'mpirun', '-np', 'ERT_MPI_PROCS', 'ERT_CODE'], 'ERT_PROCS_THREADS': ['1-8'], 'ERT_MPI_PROCS': ['1,2,4,8'], 'ERT_OPENMP_THREADS': ['1,2,4,8'], 'ERT_NUM_EXPERIMENTS': ['3'], 'ERT_MEMORY_MAX': ['1073741824'], 'ERT_WORKING_SET_MIN': ['1'], 'ERT_TRIALS_MIN': ['1'], 'ERT_GNUPLOT': ['gnuplot'], 'ERT_GPU': [False], 'ERT_HIP': [False], 'ERT_OCL': [False], 'ERT_SYCL': [False], 'ERT_WSS_MULT': [1.1]}
 TIMESTAMP_DATA  1728533764.0469394
 TIMESTAMP_DATA  1728533783.7715368
 