fp64
 32 33554432 253169.06 253296.852 253329.039 8.477052834041661 8.478130032188478 8.482409532981638 4.2385264170208306 4.239065016094239 4.241204766490819
 64 16777216 131924.152 131935.12 131996.155 16.269289419831964 16.27681581674387 16.27816904974307 8.134644709915982 8.138407908371935 8.139084524871535
 96 8388608 65446.854 65467.119 65486.908 24.594423300608423 24.6018575523386 24.609475285091627 12.297211650304211 12.3009287761693 12.304737642545813
 128 8388608 66200.018 66251.993 66261.053 32.40944039932477 32.413872409845844 32.43932120985224 16.204720199662386 16.206936204922922 16.21966060492612
 160 4194304 33011.913 33226.967 33269.882 40.342111222396284 40.394215939119576 40.65736148038437 20.171055611198142 20.197107969559788 20.328680740192183
 192 4194304 33079.147 33083.916 33096.075 48.66476571617632 48.68265098968333 48.68966953712562 24.33238285808816 24.341325494841666 24.34483476856281
 224 4194304 33159.971 33173.084 33190.966 56.61324204905635 56.6437595009255 56.66615908680982 28.306621024528177 28.32187975046275 28.33307954340491
 256 4194304 33316.135 33358.097 33360.004 64.37300331258953 64.37668335816639 64.45776642458677 32.186501656294766 32.188341679083194 32.22888321229338
 288 2097152 16712.189 16721.01 16729.116 72.20701631813658 72.24202078702184 72.28015145113545 36.10350815906829 36.12101039351092 36.140075725567726
 320 2097152 16862.869 16897.917 16904.831 79.39607796138276 79.42856388748979 79.59364921829139 39.69803898069138 39.71428194374489 39.796824609145695
 352 2097152 17046.928 17063.141 17124.891 86.21339592760035 86.52539459176947 86.60768720323098 43.10669796380017 43.262697295884735 43.30384360161549
 384 2097152 16989.946 17014.98 17023.087 94.6134350367827 94.6585147910841 94.79799029378906 47.30671751839135 47.32925739554205 47.39899514689453
 416 2097152 17090.082 17122.03 17127.991 101.87011798406479 101.90558385892328 102.09608496904814 50.935058992032396 50.95279192946164 51.04804248452407
 448 2097152 17212.868 17229.795 17235.041 109.02487507862615 109.05807016276167 109.16531701747786 54.512437539313076 54.52903508138083 54.58265850873893
 480 2097152 17315.149 17331.123 17358.065 115.98446716267048 116.16477016521087 116.27193736536715 57.99223358133524 58.082385082605434 58.135968682683576
 512 2097152 17576.933 17592.907 17596.96 122.03719551558908 122.06531007070068 122.17624360290844 61.01859775779454 61.03265503535034 61.08812180145422
 544 1048576 8843.184 8864.164 8884.192 128.41355612305543 128.70369817164934 129.00904108746354 64.20677806152771 64.35184908582467 64.50452054373177
 576 1048576 8929.968 8941.174 8943.081 135.0719681505736 135.10077669889878 135.2703113829747 67.5359840752868 67.55038834944939 67.63515569148736
 608 1048576 9124.041 9131.193 9132.147 139.624166803272 139.63875432268273 139.7482120038698 69.812083401636 69.81937716134136 69.8741060019349
 640 1048576 9212.017 9218.216 9220.123 145.5704311103008 145.60054570211852 145.6985240040265 72.7852155551504 72.80027285105926 72.84926200201325
 704 1048576 9505.987 9523.869 9567.022 154.32127238758306 155.02050773692915 155.31212150826633 77.16063619379153 77.51025386846457 77.65606075413316
 768 1048576 9954.929 9958.982 10123.968 159.0890781164065 161.72463571075838 161.79047947001933 79.54453905820326 80.86231785537919 80.89523973500967
 832 1048576 10706.186 10710.955 10960.102 159.19837826326798 162.90148394797666 162.9740473404815 79.59918913163399 81.45074197398833 81.48702367024075
 896 1048576 11254.072 11262.894 11456.013 164.0228753232036 166.83529046797383 166.96607165832953 82.0114376616018 83.41764523398692 83.48303582916476
 960 1048576 12002.23 12030.84 12392.044 162.46439409027275 167.34209082657569 167.7409881330386 81.23219704513637 83.67104541328784 83.8704940665193
 1056 524288 6500.006 6505.013 6637.096 166.83444928324076 170.22198971777613 170.35311290481886 83.41722464162038 85.11099485888806 85.17655645240943
 1152 524288 7128.954 7153.034 7272.959 166.08914638457333 168.8737327405406 169.4441501516211 83.04457319228666 84.4368663702703 84.72207507581055
 1248 524288 7601.023 7611.99 7961.035 164.37848194361663 171.91599673672718 172.16404265583725 82.18924097180832 85.95799836836359 86.08202132791862
 1344 524288 8136.988 8149.147 8270.979 170.38927846389166 172.9366452709713 173.19506234985232 85.19463923194583 86.46832263548565 86.59753117492616
 1472 524288 8880.138 8897.066 9160.995 168.48648776688555 173.48459278598136 173.81530241984976 84.24324388344277 86.74229639299068 86.90765120992488
 1600 524288 9247.065 9324.074 9758.949 171.91621761728643 179.9343934850796 181.43287626938925 85.95810880864322 89.9671967425398 90.71643813469463
 1760 524288 10359.049 10502.1 10632.992 173.56297832256433 175.72616524314185 178.15281692363845 86.78148916128217 87.86308262157092 89.07640846181923
 1920 524288 11254.787 11264.801 11651.993 172.78296682807823 178.72183627566966 178.88085487535213 86.39148341403912 89.36091813783483 89.44042743767606
 2112 262144 6000.996 6038.904 6321.907 175.1522532678826 183.36046673369867 184.51874588818256 87.5761266339413 91.68023336684934 92.25937294409128
 2304 262144 6750.822 6761.074 6887.197 175.39204294577314 178.66385606783774 178.93518033803883 87.69602147288657 89.33192803391887 89.46759016901942
 2528 262144 7354.975 7369.041 7565.022 175.20108520503973 179.8605902721942 180.20456412156398 87.60054260251987 89.9302951360971 90.10228206078199
 2752 262144 7853.985 7910.967 8157.015 176.88340354896982 182.38485585896137 183.7080890783469 88.44170177448491 91.19242792948069 91.85404453917344
 3008 262144 8625.031 8827.925 9048.223 174.29480948911186 178.6442798279324 182.846682406127 87.14740474455593 89.3221399139662 91.4233412030635
 3296 262144 9370.089 9498.119 9897.947 174.587037897859 181.93636529506523 184.42228755778092 87.2935189489295 90.96818264753261 92.21114377889046
 3616 262144 10230.064 10235.786 10689.974 177.34611964444443 185.21542048651662 185.3190173590312 88.67305982222221 92.60771024325831 92.6595086795156
 3968 262144 11332.035 11356.831 11583.09 179.60447376304595 183.18268397231589 183.58351205233657 89.80223688152297 91.59134198615794 91.79175602616829
 4352 131072 6204.128 6206.989 6356.001 179.4918987583545 183.80098434200545 183.88574316970895 89.74594937917725 91.90049217100272 91.94287158485447
 4768 131072 6815.91 7010.937 7014.99 178.17596204698796 178.27896499426538 183.38014909234425 89.08798102349398 89.13948249713269 91.69007454617213
 5216 131072 7380.962 7389.069 7633.209 179.13083527517716 185.04944317071607 185.25269524487456 89.56541763758858 92.52472158535804 92.62634762243728
 5728 131072 8094.072 8120.06 8358.955 179.63499408717956 184.91991832572666 185.51364900139262 89.81749704358978 92.45995916286333 92.75682450069631
 6272 131072 8830.07 8869.171 9151.936 179.65238917754672 185.3800279642821 186.20092117050038 89.82619458877336 92.69001398214105 93.10046058525019
 6880 131072 9728.909 9766.817 10040.998 179.61867137111273 184.661053852038 185.38057247734562 89.80933568555636 92.330526926019 92.69028623867281
 7552 131072 10610.104 10724.068 10948.896 180.81379967441464 184.60452581986613 186.58737821985537 90.40689983720732 92.30226290993306 93.29368910992768
 8288 65536 5822.182 5853.891 6165.981 176.18035735108492 185.57310616135487 186.58378181925607 88.09017867554246 92.78655308067744 93.29189090962804
 9088 65536 6388.903 6400.108 6657.839 178.91425971700428 186.11909924020034 186.44551905076662 89.45712985850214 93.05954962010017 93.22275952538331
 9984 65536 7010.937 7026.911 7276.058 179.85327329716173 186.2301725466567 186.65448683963356 89.92663664858087 93.11508627332834 93.32724341981678
 10976 65536 7694.006 7711.887 8027.077 179.22417736867354 186.54918984160426 186.98273331213932 89.61208868433677 93.27459492080213 93.49136665606966
 12064 65536 8461.952 8481.026 8751.154 180.69075324237235 186.44590972837486 186.86617555854724 90.34537662118618 93.22295486418743 93.43308777927362
 13248 65536 9246.826 9276.867 9700.06 179.01351702979156 187.17977265384962 187.78788051164798 89.50675851489578 93.58988632692481 93.89394025582399
 14560 65536 10171.89 10200.977 10787.964 176.90162110292542 187.08093548294443 187.61590225611957 88.45081055146271 93.54046774147221 93.80795112805978
 16000 65536 11162.043 11213.064 11548.996 181.58738647065078 187.02755999609028 187.88245126810565 90.79369323532539 93.51377999804514 93.94122563405283
 17600 32768 6150.961 6157.875 6494.045 177.61404486725917 187.31033026815257 187.5208768190857 88.80702243362958 93.65516513407628 93.76043840954284
 19360 32768 6755.114 6771.088 6989.002 181.5390752499427 187.38154931674202 187.82465551284554 90.76953762497135 93.69077465837101 93.91232775642277
 21280 32768 7423.162 7431.984 7721.901 180.60398339735255 187.6492306764923 187.8722409668548 90.30199169867628 93.82461533824615 93.9361204834274
 23392 32768 8147.955 8164.883 8472.919 180.93151982215335 187.75751128338274 188.1475918804166 90.46575991107667 93.87875564169137 94.0737959402083
 25728 32768 8956.909 8977.89 9272.099 181.84773566373698 187.8069577595627 188.24688383012491 90.92386783186849 93.90347887978135 94.12344191506246
 28288 32768 9845.018 9863.853 10402.918 178.20791897042736 187.94707990883484 188.3066509375605 89.10395948521368 93.97353995441742 94.15332546878025
 31104 32768 10832.071 10852.814 11182.07 182.29466851844066 187.82518008693413 188.18485809408006 91.14733425922033 93.91259004346706 94.09242904704003
 34208 16384 5950.212 5964.041 6143.093 182.4696035042934 187.94769251250958 188.38450529157615 91.2348017521467 93.97384625625479 94.19225264578807
 37600 16384 6536.007 6545.067 6762.981 182.17954478949446 188.2451012342578 188.50604046170696 91.08977239474723 94.1225506171289 94.25302023085348
 41344 16384 7194.042 7200.003 7433.891 182.24106218398953 188.1610593773364 188.31697007051113 91.12053109199476 94.0805296886682 94.15848503525557
 45472 16384 7913.113 7915.974 8172.989 182.3110854547828 188.23034234321636 188.29839735638805 91.1555427273914 94.11517117160818 94.14919867819403
 50016 16384 8714.199 9064.913 9158.134 178.95832142224606 180.7986781560948 188.0751504527266 89.47916071112303 90.3993390780474 94.0375752263633
 55008 16384 9562.969 9573.936 9884.119 182.3634604156425 188.2717979313837 188.48771171379934 91.18173020782125 94.13589896569185 94.24385585689967
 60480 16384 10500.908 10532.141 11067.867 179.05967247347658 188.16768974133558 188.72735957690514 89.52983623673829 94.08384487066779 94.36367978845257
 66528 8192 5817.175 5818.844 6126.881 177.90369227017788 187.32152846854117 187.37527270539394 88.95184613508894 93.66076423427059 93.68763635269697
 73152 8192 6389.141 6389.856 6602.049 181.53793890351312 187.56641276423127 187.58740306404258 90.76896945175656 93.78320638211564 93.79370153202129
 80448 8192 7019.043 7022.858 7398.129 178.1612664499362 187.68142998192474 187.78343885341633 89.0806332249681 93.84071499096237 93.89171942670816
 88480 8192 7725.0 7730.961 8135.08 178.19816400084574 187.5130814914213 187.65777605177993 89.09908200042287 93.75654074571065 93.82888802588997
 97312 8192 8477.926 8486.032 8772.85 181.73795380064632 187.88048501349044 188.0601231952249 90.86897690032316 93.94024250674522 94.03006159761244
 107040 8192 9322.882 9326.935 9644.985 181.82955805530025 188.02997554930963 188.11171910145384 90.91477902765013 94.01498777465481 94.05585955072692
 117728 8192 10258.913 10550.976 10810.137 178.4302596720097 182.81299777385522 188.01753675072592 89.21512983600485 91.40649888692761 94.00876837536296
 129472 8192 11271.0 11276.96 11646.032 182.14523607697456 188.10647976050285 188.20594871794873 91.07261803848728 94.05323988025143 94.10297435897436
 142400 4096 6250.858 6255.15 6564.14 177.71418647378025 186.4928578851027 186.62090868165618 88.85709323689012 93.24642894255135 93.31045434082809
 156640 4096 6889.105 6901.979 7087.946 181.03903161790453 185.91694932714225 186.26438122223425 90.51951580895226 92.95847466357112 93.13219061111712
 172288 4096 7575.035 7588.863 7792.95 181.11027223323643 185.9808638000185 186.3203663085385 90.55513611661821 92.99043190000926 93.16018315426925
 189504 4096 8342.028 8343.935 8729.935 177.82684155151213 186.05331513248845 186.0958471968687 88.91342077575607 93.02665756624422 93.04792359843435
 208448 4096 9171.009 9172.916 9418.964 181.29446253324676 186.15738070641876 186.19608987408034 90.64723126662338 93.07869035320938 93.09804493704017
 229280 4096 10084.867 10096.073 10351.181 181.45386115845136 186.03884500438932 186.24556575708928 90.72693057922568 93.01942250219466 93.12278287854464
 252192 4096 11074.066 11084.08 11391.878 181.35349272525562 186.38956629688707 186.55811370457786 90.67674636262781 93.19478314844353 93.27905685228893
 277408 2048 6093.025 6098.032 6386.042 177.92917240444078 186.33276571851377 186.48588640289512 88.96458620222039 93.16638285925688 93.24294320144756
 305120 2048 6700.039 6700.993 7023.096 177.95164981370039 186.50542091299002 186.531976903418 88.97582490685019 93.25271045649501 93.265988451709
 335616 2048 7365.942 7370.949 7580.042 181.35560937525148 186.50015567873282 186.6269291829884 90.67780468762574 93.25007783936641 93.3134645914942
 369152 2048 8100.033 8105.04 8322.954 181.6718669837656 186.55633926544473 186.67165825126887 90.8359334918828 93.27816963272237 93.33582912563443
 406048 2048 8902.788 8906.126 9154.081 181.686463993491 186.74478757655123 186.81480542949018 90.8432319967455 93.37239378827562 93.40740271474509
 446624 2048 9788.036 9792.089 10065.079 181.75435125745165 186.82141308151918 186.89877152066055 90.87717562872582 93.41070654075959 93.44938576033027
 491264 2048 10762.93 10765.076 11090.04 181.44365069918595 186.92086744208777 186.95813723586423 90.72182534959298 93.46043372104388 93.47906861793211
 540384 1024 5924.94 5926.132 6087.065 181.81281652159126 186.750216161233 186.78778721809843 90.90640826079563 93.3751080806165 93.39389360904921
 594400 1024 6509.781 6518.841 6698.847 181.7224964236383 186.74043438089686 187.00033073309226 90.86124821181915 93.37021719044843 93.50016536654613
 653824 1024 7160.902 7164.001 7364.035 181.83394728569326 186.9111341553414 186.99202307195378 90.91697364284663 93.4555670776707 93.49601153597689
 719200 1024 7879.972 7884.026 8097.172 181.9056826259835 186.82353406749291 186.91964895306737 90.95284131299175 93.41176703374646 93.45982447653368
 791104 1024 8664.846 8673.906 8914.948 181.737570651001 186.7879352162682 186.98324147942157 90.8687853255005 93.3939676081341 93.49162073971078
 870208 1024 9526.968 9536.982 9789.944 182.04251055981527 186.8710650811756 187.06748925786252 91.02125527990763 93.4355325405878 93.53374462893126
 957216 1024 10478.973 10484.219 10998.964 178.23300158087616 186.98372935551996 187.07733744518666 89.11650079043808 93.49186467775998 93.53866872259333
 1052928 512 5764.961 5771.16 6047.01 178.30271026507316 186.82522612438402 187.02611726254526 89.15135513253658 93.41261306219201 93.51305863127263
 1158208 512 6348.133 6457.09 6569.147 180.54170381634023 183.6748430020334 186.82736987394563 90.27085190817012 91.8374215010167 93.41368493697281
 1274016 512 6972.075 7102.013 7174.969 181.82550809627193 183.69332525862737 187.11680296038125 90.91275404813597 91.84666262931368 93.55840148019062
 1401408 512 7673.025 7803.917 7885.218 181.99139097993233 183.88737245667784 187.0242560137625 90.99569548996617 91.94368622833892 93.51212800688126
 1541536 512 8435.965 8567.095 8810.997 179.15485205590244 184.25532388750216 187.11941834751568 89.57742602795122 92.12766194375108 93.55970917375784
 1695680 512 9281.874 9407.997 9555.101 181.72244542470037 184.56386837708388 187.0717400387034 90.86122271235018 92.28193418854194 93.5358700193517
 1865248 512 10267.019 10335.922 10497.093 181.9564666141378 184.79376605202708 186.03393565357186 90.9782333070689 92.39688302601354 93.01696782678593
 2051744 512 11346.817 11356.831 11645.079 180.4183428897305 184.99754517787576 185.1608125873538 90.20917144486525 92.49877258893788 92.5804062936769
 2256896 256 6235.123 6253.004 6410.837 180.2464720285354 184.79609992253324 185.3260556367533 90.1232360142677 92.39804996126662 92.66302781837665
 2482560 256 6870.985 6875.038 7062.912 179.96411678355895 184.88199192499007 184.9910485905587 89.98205839177947 92.44099596249504 92.49552429527935
 2730816 256 7559.061 7578.135 7916.927 176.60612406808858 184.50156826184806 184.96712647245474 88.30306203404429 92.25078413092403 92.48356323622737
 3003872 256 8306.026 8336.067 8557.081 179.73213809709176 184.49737316170805 185.16465804465338 89.86606904854588 92.24868658085403 92.58232902232669
 3304256 256 9117.842 9138.823 9593.01 176.35539543897067 185.12001731514002 185.54599564238993 88.17769771948534 92.56000865757001 92.77299782119496
 3634656 256 10037.899 10092.974 10385.036 179.1947444380549 184.3801313666319 185.3917709273624 89.59737221902745 92.19006568331595 92.6958854636812
 3998112 256 11018.991 11063.099 11482.954 178.26713788107136 185.03254323223538 185.77321135846285 89.13356894053568 92.51627161611769 92.88660567923142
 4397920 128 6054.878 6090.879 6253.004 180.05226288036917 184.84483438268927 185.943881941139 90.02613144018459 92.42241719134464 92.9719409705695
 4837696 128 6671.19 6693.84 6865.978 180.3749117751324 185.01341173377313 185.6415685957078 90.1874558875662 92.50670586688656 92.8207842978539
 5321440 128 7325.888 7350.922 7712.841 176.62604998599087 185.32214598386437 185.95542820201456 88.31302499299544 92.66107299193219 92.97771410100728
 5853568 128 8065.939 8100.033 8490.086 176.50155817031774 185.0009016012651 185.7828838031133 88.25077908515887 92.50045080063255 92.89144190155665
 6438912 128 8895.159 8897.781 9330.988 176.654548478682 185.25534310183627 185.30995027744868 88.327274239341 92.62767155091814 92.65497513872434
 7082784 128 9773.97 9781.122 10086.06 179.77215126620308 185.37675984411604 185.51240734317784 89.88607563310154 92.68837992205802 92.75620367158892
 7791040 128 10743.141 10765.076 11073.112 180.12156293551442 185.2756301952722 185.65392002208665 90.06078146775721 92.6378150976361 92.82696001104333
 8570144 64 5908.966 5917.072 6093.979 180.01020876507778 185.39210474369756 185.6464281568044 90.00510438253889 92.69605237184878 92.8232140784022
 9427136 64 6506.92 6510.973 6701.946 180.04821405603684 185.32919856986044 185.44463555722214 90.02410702801842 92.66459928493022 92.72231777861107
 10369824 64 7153.988 7163.048 7373.095 180.02446353939558 185.30344512559458 185.5381183194604 90.01223176969779 92.65172256279729 92.7690591597302
 11406784 64 7867.098 7879.019 8110.046 180.032067882229 185.3109317289373 185.59173306344982 90.0160339411145 92.65546586446865 92.79586653172491
 12547456 64 8666.992 8680.105 8928.061 179.8906132025756 185.02937095807025 185.30931700410017 89.9453066012878 92.51468547903512 92.65465850205008
 13802176 64 9513.855 9518.862 9822.845 179.85405735303772 185.59766156920858 185.69533885055006 89.92702867651886 92.79883078460429 92.84766942527503
 15182368 64 10476.828 10481.119 10790.11 180.10410496278536 185.41370477713303 185.48964476652668 90.05205248139268 92.70685238856652 92.74482238326334
 16700576 64 11522.055 11530.876 11903.048 179.59044842967953 185.38693226776527 185.5288599125764 89.79522421483976 92.69346613388264 92.7644299562882
 18370624 32 6350.994 6415.844 6649.017 176.8261287345182 183.25257534316606 185.12376739767035 88.4130643672591 91.62628767158303 92.56188369883517
 20207680 32 6983.995 6991.148 7215.977 179.22611449565318 184.98986432557285 185.17933074121615 89.61305724782659 92.49493216278643 92.58966537060807
 22228448 32 7678.986 7704.02 7896.9 180.1492575567628 184.65952476758886 185.26152697765045 90.0746287783814 92.32976238379443 92.63076348882522
 24451264 32 8466.959 8637.905 8676.052 180.3678557943175 181.16440224799877 184.8220708284993 90.18392789715875 90.58220112399938 92.41103541424965
 26896384 32 9293.079 9355.068 9562.016 180.0215117816159 184.00385502275344 185.23124316494028 90.01075589080796 92.00192751137672 92.61562158247014
 29586016 32 10190.964 10293.007 10514.021 180.0933271866206 183.96033578914304 185.802346470854 90.0466635933103 91.98016789457152 92.901173235427
 32544608 32 11241.913 11494.875 11569.977 180.02239001857998 181.1985699714003 185.27584335513004 90.01119500928999 90.59928498570015 92.63792167756502
 35799040 16 6227.016 6513.119 6545.067 175.02789199866098 175.88643474808305 183.9676146648732 87.51394599933049 87.94321737404152 91.9838073324366
 39378944 16 6985.188 7224.083 9330.034 135.06126644340205 174.43407114785367 180.39975559712923 67.53063322170102 87.21703557392684 90.19987779856461
 43316832 16 7839.918 7888.794 7951.975 174.31375526205753 175.70982636889747 176.8052451569009 87.15687763102876 87.85491318444873 88.40262257845045
 47648512 16 8536.1 9087.801 9196.043 165.8052690706209 167.78012458679498 178.62400674781222 82.90263453531045 83.89006229339749 89.31200337390611
 52413344 16 9177.923 9351.015 9560.108 175.4401736884144 179.3630967333493 182.7458138404517 87.7200868442072 89.68154836667465 91.37290692022584
 57654656 16 9948.015 9949.923 10246.038 180.06462517511645 185.4234441814273 185.4590078523203 90.03231258755822 92.71172209071365 92.72950392616015
 63420096 16 11168.957 11694.908 11924.028 170.1977781333623 173.53219640547835 181.70390234289556 85.09888906668115 86.76609820273917 90.85195117144778
 69762080 8 6404.877 7128.954 7178.068 155.5005162949139 156.57181684718404 174.27239898596022 77.75025814745695 78.28590842359202 87.13619949298011
 76738272 8 7189.035 7775.068 7854.939 156.31087039632007 157.91660625990664 170.78959164894871 78.15543519816003 78.95830312995332 85.39479582447436
 84412096 8 7683.039 8697.987 8833.17 152.90020864536743 155.2765641061547 175.78897308734216 76.45010432268371 77.63828205307735 87.89448654367108
 92853280 8 8695.126 9651.899 9776.831 151.9564447825681 153.92333467227536 170.86037396122836 75.97822239128405 76.96166733613768 85.43018698061418
 102138592 8 8920.193 10846.853 10879.04 150.21706621172456 150.66282100439642 183.20427282234812 75.10853310586228 75.33141050219821 91.60213641117406
 112352448 8 9709.12 12037.992 12121.201 148.3053674301746 149.33048368864175 185.1495468178372 74.1526837150873 74.66524184432087 92.5747734089186
 123587680 8 10690.928 13360.977 13420.105 147.34630466751193 147.99837466975654 184.96082659989852 73.67315233375597 73.99918733487827 92.48041329994926
 135946432 4 6206.989 7849.932 7886.887 137.89616308690614 138.5453346602238 175.2172359255027 68.94808154345307 69.2726673301119 87.60861796275135
 149541056 4 7441.044 9078.979 9218.931 129.76867361302521 131.76905112347987 160.77427414755243 64.88433680651261 65.88452556173993 80.38713707377622
 164495136 4 8327.961 10072.947 10073.9 130.63074757541764 130.64310653078982 158.01720108919818 65.31537378770882 65.32155326539491 79.00860054459909
 180944640 4 9370.089 11263.132 11276.007 128.3749752904552 128.52172202190295 154.48701928017974 64.1874876452276 64.26086101095147 77.24350964008987
 199039104 4 10338.068 12637.854 12689.829 125.47945539691669 125.9955077816218 154.02421729089033 62.739727698458346 62.9977538908109 77.01210864544517
 218943008 4 11619.091 14273.882 14311.79 122.384695694948 122.70972003271429 150.74708202216507 61.192347847474 61.354860016357144 75.37354101108254
 240837280 4 12910.843 16062.021 16095.877 119.70135209159461 119.95366212010306 149.23101768025526 59.85067604579731 59.97683106005153 74.61550884012763
 264920992 4 14398.098 18034.935 18037.081 117.50060533630692 117.51458688373427 147.1977712611763 58.75030266815346 58.757293441867134 73.59888563058816
 291413088 2 7968.903 10453.939 10509.014 110.91928814634751 111.50364967693038 146.2751337291971 55.459644073173756 55.75182483846519 73.13756686459855
 320554368 2 8787.87 11641.026 11651.039 110.05177066182681 110.14643142279726 145.90765134213407 55.025885330913404 55.07321571139863 72.95382567106704
 352609792 2 9723.902 12954.95 12979.031 108.67060630335192 108.87260606949465 145.04868189745227 54.33530315167596 54.436303034747326 72.52434094872613
 387870752 2 10776.997 14442.921 14449.12 107.37560543479464 107.42169177550717 143.9624607856901 53.68780271739732 53.710845887753585 71.98123039284505
 426657824 2 11869.907 16088.009 16095.877 106.02909651956212 106.08095109842368 143.77798377021827 53.01454825978106 53.04047554921184 71.88899188510914
 469323584 2 13134.956 17889.977 17916.918 104.777748940973 104.93553658565354 142.92353442219374 52.3888744704865 52.46776829282677 71.46176721109687
 516255936 2 14493.942 19922.018 19931.793 103.60451485724337 103.655349774305 142.4749556745846 51.80225742862169 51.8276748871525 71.2374778372923
 567881504 1 8373.022 11262.894 11286.02 100.63450250841306 100.8411344366732 135.64553013237037 50.31725125420653 50.4205672183366 67.82276506618518
 624669632 1 9150.982 12427.092 12438.059 100.44487359321901 100.53351693219942 136.5251580650033 50.22243679660951 50.26675846609971 68.26257903250165
 687136576 1 10046.005 13653.04 13734.818 100.0576164897125 100.65693442632555 136.79797611090183 50.02880824485625 50.328467213162774 68.39898805545091
 755850208 1 10972.023 15130.997 15155.077 99.74877831369646 99.90752202250783 137.77772941234267 49.87438915684823 49.95376101125392 68.88886470617133
 831435200 1 12093.067 16705.036 16730.07 99.39410893080543 99.54305994910757 137.5060933673815 49.697054465402715 49.771529974553786 68.75304668369076
 914578720 1 13258.934 18463.135 18482.924 98.96472224849272 99.07079377364678 137.9565989241669 49.48236112424636 49.53539688682339 68.97829946208346
 1006036576 1 14559.984 20325.184 20431.995 98.47658792007341 98.99409284560475 138.1919892219662 49.23829396003671 49.49704642280238 69.0959946109831
 
META_DATA
 FLOPS          8
 MPI_PROCS      1
 OPENMP_THREADS 4
 ERT_VERSION  1.1.0
 HOSTNAME  ('c3cpu-c11-u13-2.rc.int.colorado.edu', [], ['10.225.64.253'])
 UNAME  uname_result(system='Linux', node='c3cpu-c11-u13-2.rc.int.colorado.edu', release='4.18.0-305.34.2.el8_4.x86_64', version='#1 SMP Mon Jan 17 09:42:23 EST 2022', machine='x86_64', processor='x86_64')
 TIMESTAMP_DATA  1728533767.3592632
 CONFIG  {'nux': ['workstation,', 'MPI', 'and', 'OpenMP', '(8-core', 'Intel', 'Xeon', 'CPU', 'E5530,', '2.40', 'GHz)'], 'ERT_RESULTS': ['Results.alpine'], 'ERT_DRIVER': ['driver1'], 'ERT_KERNEL': ['kernel1'], 'ERT_MPI': ['True'], 'ERT_MPI_CFLAGS': ['-I/usr/include/mpi'], 'ERT_MPI_LDFLAGS': ['-lmpi'], 'ERT_OPENMP': ['True'], 'ERT_OPENMP_CFLAGS': ['-qopenmp'], 'ERT_OPENMP_LDFLAGS': ['-qopenmp'], 'ERT_FLOPS': ['1,2,4,8,16'], 'ERT_ALIGN': ['32'], 'ERT_CC': ['icpc'], 'ERT_CFLAGS': ['-O3', '-fno-alias', '-fno-fnalias', '-DERT_INTEL'], 'ERT_LD': ['icpc'], 'ERT_LDFLAGS': [], 'ERT_LDLIBS': [], 'ERT_PRECISION': ['FP64'], 'ERT_RUN': ['export', 'OMP_NUM_THREADS=ERT_OPENMP_THREADS;', 'mpirun', '-np', 'ERT_MPI_PROCS', 'ERT_CODE'], 'ERT_PROCS_THREADS': ['1-8'], 'ERT_MPI_PROCS': ['1,2,4,8'], 'ERT_OPENMP_THREADS': ['1,2,4,8'], 'ERT_NUM_EXPERIMENTS': ['3'], 'ERT_MEMORY_MAX': ['1073741824'], 'ERT_WORKING_SET_MIN': ['1'], 'ERT_TRIALS_MIN': ['1'], 'ERT_GNUPLOT': ['gnuplot'], 'ERT_GPU': [False], 'ERT_HIP': [False], 'ERT_OCL': [False], 'ERT_SYCL': [False], 'ERT_WSS_MULT': [1.1]}
 TIMESTAMP_DATA  1728533777.9776409
 TIMESTAMP_DATA  1728533787.87162
 