fp64
 16 67108864 1174571.037 1174717.903 1174901.962 1.8277981631287803 1.8280845490783333 1.828313129093443 1.8277981631287803 1.8280845490783333 1.828313129093443
 32 33554432 598201.99 598262.072 598366.022 3.588913088383886 3.5895366738207666 3.589897198436268 3.588913088383886 3.5895366738207666 3.589897198436268
 48 16777216 299259.901 299293.995 299299.002 5.3812833495515635 5.381373375032132 5.381986462663436 5.3812833495515635 5.381373375032132 5.381986462663436
 64 16777216 300239.801 300260.067 300319.91 7.150653608014202 7.15207876110945 7.152561521981559 7.150653608014202 7.15207876110945 7.152561521981559
 80 8388608 150203.943 150213.003 150233.03 8.93396931420474 8.935160426824035 8.935699377745363 8.93396931420474 8.935160426824035 8.935699377745363
 96 8388608 151486.874 151510.0 151550.77 10.627545712898721 10.630405491386707 10.632028330058482 10.627545712898721 10.630405491386707 10.632028330058482
 112 8388608 151673.079 151717.901 151728.868 12.38424972629467 12.38514492762459 12.388804950679482 12.38424972629467 12.38514492762459 12.388804950679482
 128 8388608 152553.082 152596.951 152606.964 14.07198984706884 14.07291321305627 14.076960097076244 14.07198984706884 14.07291321305627 14.076960097076244
 144 4194304 76556.921 76572.895 76584.816 15.772833507884904 15.775289049734894 15.778580645896142 15.772833507884904 15.775289049734894 15.778580645896142
 160 4194304 76977.968 76994.896 77009.916 17.42862932093057 17.432029260744766 17.435862687360103 17.42862932093057 17.432029260744766 17.435862687360103
 176 4194304 77488.184 77503.204 77507.019 19.04853298512229 19.049470625756324 19.05316309903456 19.04853298512229 19.049470625756324 19.05316309903456
 192 4194304 77769.995 77769.995 77786.207 20.705634046406196 20.709950360675734 20.709950360675734 20.705634046406196 20.709950360675734 20.709950360675734
 208 4194304 78907.967 78932.047 78974.009 22.09373040692413 22.10547591651842 22.112221748153768 22.09373040692413 22.10547591651842 22.112221748153768
 224 4194304 79233.17 79281.092 79401.016 23.66529153732743 23.701088678243735 23.71542362876558 23.66529153732743 23.701088678243735 23.71542362876558
 240 4194304 85412.979 85431.814 85461.855 23.55747976685037 23.56576345200864 23.570960099635442 23.55747976685037 23.56576345200864 23.570960099635442
 256 4194304 79277.039 79282.999 79306.841 27.078164013618952 27.086306964750417 27.08834329697909 27.078164013618952 27.086306964750417 27.08834329697909
 272 2097152 41446.924 41447.163 41469.097 27.510864005550925 27.52542286187356 27.52558158477575 27.510864005550925 27.52542286187356 27.52558158477575
 288 2097152 43509.007 43509.96 43514.013 27.76024247637192 27.762828373089746 27.763436476497844 27.76024247637192 27.762828373089746 27.763436476497844
 304 2097152 49695.015 49722.91 49744.129 25.632540796925003 25.64347935388335 25.657873651914585 25.632540796925003 25.64347935388335 25.657873651914585
 320 2097152 49664.021 49681.902 49682.14 27.015287183684116 27.01541659979121 27.025143211823302 27.015287183684116 27.01541659979121 27.025143211823302
 352 2097152 52854.061 52884.102 52893.162 27.912776475719113 27.91755843750547 27.93342611838284 27.912776475719113 27.91755843750547 27.93342611838284
 384 2097152 55981.874 55998.802 56007.862 28.756904450307353 28.761557006165955 28.77025402900946 28.756904450307353 28.761557006165955 28.77025402900946
 416 2097152 58979.988 58984.995 58999.777 29.573509472756143 29.580920774851297 29.583431993916314 29.573509472756143 29.580920774851297 29.583431993916314
 448 2097152 65032.005 65052.032 65093.04 28.867113780520924 28.885311253613107 28.894206660243672 28.867113780520924 28.885311253613107 28.894206660243672
 480 2097152 71917.057 71940.184 71950.912 27.98110356127244 27.985276212248777 27.994275683444606 27.98110356127244 27.985276212248777 27.994275683444606
 528 1048576 35920.143 35933.971 35939.217 30.810249872722604 30.814747860736016 30.826610461990647 30.810249872722604 30.814747860736016 30.826610461990647
 576 1048576 40518.045 40529.966 40532.827 29.80200596420279 29.804109680230177 29.812878484142068 29.80200596420279 29.804109680230177 29.812878484142068
 624 1048576 47374.01 47388.077 47393.799 27.611689200099782 27.615023247303323 27.623223113264 27.611689200099782 27.615023247303323 27.623223113264
 672 1048576 49285.889 49288.988 49309.969 28.580146623089544 28.59231242483615 28.594110253342492 28.580146623089544 28.59231242483615 28.594110253342492
 736 1048576 52607.059 52615.881 52637.1 29.323497533108778 29.335323150818287 29.340242570868675 29.323497533108778 29.335323150818287 29.340242570868675
 800 1048576 53272.009 53282.976 53294.897 31.479967021983363 31.487010034874928 31.493492201504925 31.479967021983363 31.487010034874928 31.493492201504925
 880 1048576 62965.87 62968.969 62993.05 29.296783692804205 29.307987558125657 29.30943001343426 29.296783692804205 29.307987558125657 29.30943001343426
 960 1048576 65791.13 65796.852 65798.998 30.59721243779426 30.59821038246632 30.600871576457187 30.59721243779426 30.59821038246632 30.600871576457187
 1056 524288 34975.052 34981.966 34982.92 31.652482297075256 31.65334549807749 31.659602850626204 31.652482297075256 31.65334549807749 31.659602850626204
 1152 524288 39470.911 39480.925 39484.024 30.593628248225155 30.596029652294114 30.60379204320873 30.593628248225155 30.596029652294114 30.60379204320873
 1264 524288 43894.053 43896.914 43911.934 30.18314028254825 30.193467905283736 30.19543590563396 30.18314028254825 30.193467905283736 30.19543590563396
 1376 524288 46134.949 46143.055 46149.969 31.264172160115645 31.268856732611223 31.27435073137287 31.264172160115645 31.268856732611223 31.27435073137287
 1504 524288 50760.984 50765.991 50771.952 31.061604722229315 31.06525201093779 31.068316248558144 31.061604722229315 31.06525201093779 31.068316248558144
 1648 524288 56393.147 56398.869 56401.014 30.6386911412621 30.639856412723454 30.642965323428395 30.6386911412621 30.639856412723454 30.642965323428395
 1808 524288 59131.861 59138.06 59139.013 32.05710261008245 32.057619204958705 32.06097991740866 32.05710261008245 32.057619204958705 32.06097991740866
 1984 524288 66184.998 66185.951 66190.958 31.429893853477694 31.432271540526777 31.432724134856056 31.429893853477694 31.432271540526777 31.432724134856056
 2176 262144 36213.875 36218.166 36222.935 31.495258128586215 31.49940524321414 31.503137623355688 31.495258128586215 31.49940524321414 31.503137623355688
 2384 262144 39683.819 39690.018 39705.038 31.479697664563375 31.49161061101056 31.496529908071597 31.479697664563375 31.49161061101056 31.496529908071597
 2608 262144 43025.017 43030.024 43035.984 31.772088771108383 31.776489457686566 31.780187419798114 31.772088771108383 31.776489457686566 31.780187419798114
 2864 262144 47260.046 47262.907 47277.927 31.7602933817297 31.770386700928068 31.7723099973284 31.7602933817297 31.770386700928068 31.7723099973284
 3136 262144 51455.021 51455.975 51470.995 31.943566818554796 31.9528911462663 31.953483567716354 31.943566818554796 31.9528911462663 31.953483567716354
 3440 262144 57307.005 57317.019 57324.886 31.46191551083067 31.466233790002235 31.471732295205452 31.46191551083067 31.466233790002235 31.471732295205452
 3776 262144 62019.11 62029.839 62033.892 31.913385154038053 31.915470359353986 31.92099157824096 31.913385154038053 31.915470359353986 31.92099157824096
 4144 131072 33969.164 33982.992 33983.946 31.965821037968926 31.966718410197668 31.97973126450801 31.965821037968926 31.966718410197668 31.97973126450801
 4544 131072 37065.029 37075.043 37076.95 32.12730108598469 32.12895359285221 32.137633994566684 32.12730108598469 32.12895359285221 32.137633994566684
 4992 131072 40897.846 40910.006 40911.913 31.98635194594787 31.98784297416138 31.997353797067948 31.98635194594787 31.98784297416138 31.997353797067948
 5488 131072 45022.011 45037.985 45038.939 31.942277148225006 31.942953753370624 31.954287248519396 31.942277148225006 31.942953753370624 31.954287248519396
 6032 131072 49392.939 49404.86 49410.105 32.0026158211969 32.00601333553015 32.01373799603219 32.0026158211969 32.00601333553015 32.01373799603219
 6624 131072 54003.0 54008.007 54011.106 32.14971854122002 32.15156330430782 32.15454430309427 32.14971854122002 32.15156330430782 32.15454430309427
 7280 131072 59492.826 59497.833 59506.893 32.07037409935014 32.075257598037226 32.077957096877526 32.07037409935014 32.075257598037226 32.077957096877526
 8000 131072 64821.005 64838.886 64839.125 32.34392814523638 32.344047366884126 32.35296953510671 32.34392814523638 32.344047366884126 32.35296953510671
 8800 65536 35753.965 35754.919 35763.025 32.25212632320672 32.259438204852316 32.26029896264652 32.25212632320672 32.259438204852316 32.26029896264652
 9680 65536 39367.914 39380.074 39389.849 32.21075968074922 32.21875509934288 32.22870686010948 32.21075968074922 32.21875509934288 32.22870686010948
 10640 65536 43243.17 43247.938 43253.183 32.24285435825613 32.24676468968301 32.250320223979884 32.24285435825613 32.24676468968301 32.250320223979884
 11696 65536 47494.888 47506.809 47523.022 32.25843070333364 32.26943977651708 32.277539258540834 32.25843070333364 32.26943977651708 32.277539258540834
 12864 65536 52090.883 52115.917 52118.063 32.351743540430505 32.353075702380906 32.368624045017626 32.351743540430505 32.353075702380906 32.368624045017626
 14144 65536 57243.824 57247.877 57257.175 32.37816689349413 32.38342564214215 32.385718466327475 32.37816689349413 32.38342564214215 32.385718466327475
 15552 65536 62965.87 62988.997 62994.003 32.359139710489586 32.361711427156074 32.37359769665693 32.359139710489586 32.361711427156074 32.37359769665693
 17104 32768 34638.166 34641.981 34642.935 32.356604427425104 32.35749549080349 32.36105930088793 32.356604427425104 32.35749549080349 32.36105930088793
 18800 32768 38044.93 38060.904 38062.811 32.369569341581204 32.37119118347793 32.38478293954017 32.369569341581204 32.37119118347793 32.38478293954017
 20672 32768 41811.228 41836.023 41837.931 32.381146954900814 32.38262374987221 32.401827375173 32.381146954900814 32.38262374987221 32.401827375173
 22736 32768 46009.064 46018.124 46037.197 32.36570845092936 32.37912297337458 32.385498996458615 32.36570845092936 32.37912297337458 32.385498996458615
 25008 32768 50556.183 50569.057 50575.018 32.40580730984614 32.40962725486457 32.41788028182428 32.40580730984614 32.40962725486457 32.41788028182428
 27504 32768 55671.93 55702.925 55708.17 32.356154294782975 32.35920095757987 32.37721674100395 32.356154294782975 32.35920095757987 32.37721674100395
 30240 32768 60971.975 60993.91 60999.87 32.48873546779689 32.49191009397495 32.50359923555043 32.48873546779689 32.49191009397495 32.50359923555043
 33264 16384 33667.803 33671.141 33672.094 32.370863303006935 32.3717795010273 32.37498900655917 32.370863303006935 32.3717795010273 32.37498900655917
 36576 16384 36975.145 36995.173 37004.948 32.38816517185756 32.396722891389096 32.41427093795035 32.38816517185756 32.396722891389096 32.41427093795035
 40224 16384 40653.944 40665.865 40681.839 32.39922443034102 32.41195120280855 32.421455394340086 32.39922443034102 32.41195120280855 32.421455394340086
 44240 16384 44698.0 44720.173 44725.895 32.4120136668031 32.41616082299145 32.432241263591216 32.4120136668031 32.41616082299145 32.432241263591216
 48656 16384 49157.858 49159.05 49162.865 32.430164678156984 32.43268142895357 32.433467869979204 32.430164678156984 32.43268142895357 32.433467869979204
 53520 16384 54075.956 54078.102 54091.93 32.42153422885817 32.42982455264425 32.43111152764456 32.42153422885817 32.42982455264425 32.43111152764456
 58864 16384 59468.985 59499.979 59500.933 32.41723204575632 32.41775181130736 32.434647270337635 32.41723204575632 32.41775181130736 32.434647270337635
 64736 16384 65381.05 65388.918 65390.11 32.4402153169646 32.44080668225769 32.44471063098558 32.4402153169646 32.44080668225769 32.44471063098558
 71200 8192 36098.003 36105.156 36111.116 32.30420239573875 32.30953495949443 32.315937255587244 32.30420239573875 32.30953495949443 32.315937255587244
 78320 8192 39783.955 39793.968 39798.975 32.24190773757364 32.24596451401881 32.254080319566015 32.24190773757364 32.24596451401881 32.254080319566015
 86144 8192 43720.961 43721.914 43740.988 32.26683622235511 32.28091286214048 32.28161649969221 32.26683622235511 32.28091286214048 32.28161649969221
 94752 8192 48078.775 48085.928 48087.835 32.28294157971553 32.284221862163086 32.28902500115695 32.28294157971553 32.284221862163086 32.28902500115695
 104224 8192 52864.79 52870.989 52894.831 32.28304134292441 32.297599275095834 32.30138653723962 32.28304134292441 32.297599275095834 32.30138653723962
 114640 8192 58140.039 58145.046 58146.0 32.302510232862105 32.303040228053135 32.305822154677266 32.302510232862105 32.303040228053135 32.305822154677266
 126096 8192 63923.836 63928.127 63956.022 32.30277305239528 32.31686834810599 32.31903767477284 32.30277305239528 32.31686834810599 32.31903767477284
 138704 4096 35148.144 35148.859 35156.012 32.32059335967913 32.32717079094943 32.32782840539176 32.32059335967913 32.32717079094943 32.32782840539176
 152560 4096 38660.049 38668.871 38676.023 32.313858123416665 32.31983473218031 32.32720993188601 32.313858123416665 32.31983473218031 32.32720993188601
 167808 4096 42507.887 42509.079 42517.9 32.3318681308343 32.338577271928195 32.33948410562021 32.3318681308343 32.338577271928195 32.33948410562021
 184576 4096 46720.028 46736.002 46737.909 32.351609739323166 32.35292980345216 32.36399156267629 32.351609739323166 32.35292980345216 32.36399156267629
 203024 4096 51417.828 51418.066 51418.066 32.34607478235374 32.34607478235374 32.34622450407668 32.34607478235374 32.34607478235374 32.34622450407668
 223312 4096 56536.198 56543.112 56543.112 32.3535765771081 32.3535765771081 32.3575332037715 32.3535765771081 32.3535765771081 32.3575332037715
 245632 4096 62185.049 62200.069 62200.069 32.350725270095765 32.350725270095765 32.358539172333856 32.350725270095765 32.350725270095765 32.358539172333856
 270192 2048 34191.847 34195.9 34203.053 32.35694872033792 32.363717053798844 32.36755335270422 32.35694872033792 32.363717053798844 32.36755335270422
 297200 2048 37616.014 37618.876 37631.989 32.34830877528158 32.35958458726944 32.36204665385333 32.34830877528158 32.35958458726944 32.36204665385333
 326912 2048 41358.948 41366.816 41376.114 32.36242900916215 32.36970309728455 32.37586101077813 32.36242900916215 32.36970309728455 32.37586101077813
 359600 2048 45495.987 45498.133 45519.829 32.35780169560831 32.37323166645101 32.37475867926549 32.35780169560831 32.37323166645101 32.37475867926549
 395552 2048 50045.013 50047.159 50053.835 32.36876838707764 32.3730861925649 32.374474395680544 32.36876838707764 32.3730861925649 32.374474395680544
 435104 2048 55022.001 55042.982 55047.989 32.37513334047498 32.378078353385725 32.39042476844854 32.37513334047498 32.378078353385725 32.39042476844854
 478608 2048 60526.133 60552.12 60563.087 32.36919491901065 32.37505752069457 32.38895780769606 32.36919491901065 32.37505752069457 32.38895780769606
 526464 1024 33287.048 33302.069 33303.976 32.37446099528777 32.3763148770126 32.39092490268287 32.37446099528777 32.3763148770126 32.39092490268287
 579104 1024 36628.008 36628.962 36631.107 32.376990190331945 32.37888619393583 32.37972952282854 32.376990190331945 32.37888619393583 32.37972952282854
 637008 1024 40286.064 40287.971 40298.939 32.37287175228112 32.381684945116746 32.38321777972651 32.37287175228112 32.381684945116746 32.38321777972651
 700704 1024 44308.901 44321.06 44707.06 32.098773482309056 32.37832741364941 32.38721249258699 32.098773482309056 32.37832741364941 32.38721249258699
 770768 1024 48743.963 48761.845 49163.818 32.1076134485731 32.372295675030344 32.38417163577775 32.1076134485731 32.372295675030344 32.38417163577775
 847840 1024 53620.815 53655.863 54188.013 32.04355029589293 32.3613529429207 32.38250518944928 32.04355029589293 32.3613529429207 32.38250518944928
 932624 1024 59006.929 59010.029 59551.001 32.07358264221285 32.36761588441178 32.36931635605032 32.07358264221285 32.36761588441178 32.36931635605032
 1025872 1024 64924.002 65291.882 70033.789 29.99960284884772 32.17836263319841 32.36069544819495 29.99960284884772 32.17836263319841 32.36069544819495
 1128448 512 35706.997 35902.023 38693.905 29.863379051558635 32.18567243411326 32.361465513327815 29.863379051558635 32.18567243411326 32.361465513327815
 1241280 512 39499.998 39521.933 42783.022 29.70969932885994 32.16114758354558 32.17900719893707 29.70969932885994 32.16114758354558 32.17900719893707
 1365408 512 43420.076 43473.005 47089.815 29.691724038414677 32.161977116603744 32.20118251290025 29.691724038414677 32.161977116603744 32.20118251290025
 1501936 512 47772.884 47865.868 50990.105 30.162370993352532 32.131088983908114 32.19362816781168 30.162370993352532 32.131088983908114 32.19362816781168
 1652128 512 52611.113 52714.109 53999.901 31.329299511123182 32.09347751661704 32.156306444229756 31.329299511123182 32.09347751661704 32.156306444229756
 1817328 512 57840.109 58022.022 62713.861 29.67356565719977 32.07306136280463 32.17393438867828 29.67356565719977 32.07306136280463 32.17393438867828
 1999056 512 63537.121 63732.147 69170.952 29.593829270992245 32.119321886331555 32.21791154182135 29.593829270992245 32.119321886331555 32.21791154182135
 2198960 256 34982.92 35032.034 37446.022 30.066411860784573 32.13822868520852 32.18334890283601 30.066411860784573 32.13822868520852 32.18334890283601
 2418848 256 38506.985 38547.039 41435.003 29.888984827634744 32.128282953199076 32.161701987314764 29.888984827634744 32.128282953199076 32.161701987314764
 2660720 256 42370.081 42407.036 45788.05 29.752056267956377 32.12411827131705 32.15213678727686 29.752056267956377 32.12411827131705 32.15213678727686
 2926784 256 46590.09 46633.959 50129.175 29.893039492471196 32.133523297904 32.16378006567491 29.893039492471196 32.133523297904 32.16378006567491
 3219456 256 51177.025 51260.948 55520.058 29.68947676531606 32.156281464010384 32.20901316557576 29.68947676531606 32.156281464010384 32.20901316557576
 3541392 256 56348.085 56363.106 60822.964 29.810988888999226 32.1698506821111 32.178426365332555 29.810988888999226 32.1698506821111 32.178426365332555
 3895520 256 61984.062 62047.005 63595.057 31.362598511390598 32.14508484333773 32.17772723575296 31.362598511390598 32.14508484333773 32.17772723575296
 4285072 128 34077.883 34101.009 34119.129 32.151419574632165 32.16850363577218 32.190333888991866 32.151419574632165 32.16850363577218 32.190333888991866
 4713568 128 37499.905 37518.024 37525.892 32.15575549809715 32.162498963165014 32.17803906436563 32.15575549809715 32.162498963165014 32.17803906436563
 5184912 128 41240.215 41242.838 41262.865 32.167845640383916 32.18346593898315 32.185512902878905 32.167845640383916 32.18346593898315 32.185512902878905
 5703392 128 45360.088 45372.009 45387.983 32.16861062100953 32.17993613639634 32.18839328530402 32.16861062100953 32.17993613639634 32.18839328530402
 6273728 128 49912.93 49918.89 49922.943 32.17106747893449 32.17367950288959 32.17752129558413 32.17106747893449 32.17367950288959 32.17752129558413
 6901088 128 54900.885 54909.945 54913.998 32.17173384462009 32.17410849710375 32.17941801848913 32.17173384462009 32.17410849710375 32.17941801848913
 7591184 128 60389.042 60404.062 65156.937 29.825574888518776 32.17239105542273 32.180392992490255 29.825574888518776 32.17239105542273 32.180392992490255
 8350288 128 66406.965 66434.145 71428.061 29.92764605495871 32.17733483286344 32.19050483635264 29.92764605495871 32.17733483286344 32.19050483635264
 9185312 64 36535.978 36540.985 39563.894 29.716992366828194 32.17537611534008 32.179785525379934 29.716992366828194 32.17537611534008 32.179785525379934
 10103840 64 40184.021 40185.928 42286.873 30.583758699774272 32.182696390637034 32.18422367438042 30.583758699774272 32.182696390637034 32.18422367438042
 11114224 64 44196.844 44212.818 47590.017 29.89325832768667 32.176656823819734 32.18828638533557 29.89325832768667 32.176656823819734 32.18828638533557
 12225632 64 48623.085 48636.913 52972.078 29.541618057724676 32.174757801754396 32.18390803463006 29.541618057724676 32.174757801754396 32.18390803463006
 13448192 64 53479.91 53496.122 58074.951 29.64046540478355 32.177445983841594 32.18720031503418 29.64046540478355 32.177445983841594 32.18720031503418
 14793008 64 58829.069 58943.033 63177.109 29.97137814584077 32.124322886472434 32.18655430362156 29.97137814584077 32.124322886472434 32.18655430362156
 16272304 64 64723.969 66316.843 69941.044 29.780151866191765 31.407630667822957 32.180580767536064 29.780151866191765 31.407630667822957 32.180580767536064
 17899520 32 35596.132 37981.987 38261.89 29.940216753537264 30.160857039943693 32.182409032531964 29.940216753537264 30.160857039943693 32.182409032531964
 19689472 32 39170.98 41336.06 42407.99 29.714358261261616 30.484913366198906 32.169892302924254 29.714358261261616 30.484913366198906 32.169892302924254
 21658416 32 43130.875 45927.048 46884.06 29.5652429418442 30.18131328623603 32.137966688596045 29.5652429418442 30.18131328623603 32.137966688596045
 23824256 32 47502.041 50575.018 51416.874 29.654707985553532 30.1483310198723 32.098670960264634 29.654707985553532 30.1483310198723 32.098670960264634
 26206672 32 52162.886 55309.057 56442.022 29.71592704456974 30.324635764446317 32.153646713488975 29.71592704456974 30.324635764446317 32.153646713488975
 28827328 32 57317.019 61414.003 62330.008 29.599691243421628 30.04117793787192 32.188502196878034 29.599691243421628 30.04117793787192 32.188502196878034
 31710048 32 63064.098 63203.812 68478.107 29.636378120090257 32.109504281165826 32.18064059205287 29.636378120090257 32.109504281165826 32.18064059205287
 34881040 16 34691.095 34927.13 37551.88 29.72403192596483 31.9577726540944 32.175210381799715 29.72403192596483 31.9577726540944 32.175210381799715
 38369136 16 38161.039 38167.953 41316.032 29.717576750836088 32.16867176502758 32.174500070608666 29.717576750836088 32.16867176502758 32.174500070608666
 42206048 16 41963.1 41966.915 45175.076 29.896873576925472 32.18234020775652 32.185266007516134 29.896873576925472 32.18234020775652 32.185266007516134
 46426640 16 46165.943 46172.857 49358.845 30.099012243904816 32.17588376651676 32.180702558160675 30.099012243904816 32.17588376651676 32.180702558160675
 51069296 16 50779.104 50811.052 54731.131 29.859011537693235 32.16263800245663 32.182873333093866 29.859011537693235 32.16263800245663 32.182873333093866
 56176224 16 55890.083 55948.019 60286.999 29.81802375002942 32.130524013727815 32.16383071036055 29.81802375002942 32.130524013727815 32.16383071036055
 61793840 16 61603.069 61668.873 67038.059 29.49672036298068 32.06484542047655 32.09909688103364 29.49672036298068 32.06484542047655 32.09909688103364
 67973216 8 33986.807 34037.113 34088.135 31.90469223382271 31.9525177120633 31.999812633178514 31.90469223382271 31.9525177120633 31.999812633178514
 74770528 8 37811.995 37896.156 37921.906 31.547160314146655 31.568596244959515 31.638860842967954 31.547160314146655 31.568596244959515 31.638860842967954
 82247568 8 41723.967 41771.889 41792.154 31.48823312624661 31.503509166176322 31.539692474591405 31.48823312624661 31.503509166176322 31.539692474591405
 90472320 8 45907.974 45921.803 45990.944 31.474829479473172 31.52221875957266 31.531714294340233 31.474829479473172 31.52221875957266 31.531714294340233
 99519552 8 50645.113 50688.028 50779.104 31.357639394346148 31.41398264694772 31.440601820752182 31.357639394346148 31.41398264694772 31.440601820752182
 109471504 8 55743.933 55764.198 55877.209 31.346305503555122 31.409831519499306 31.42125016546644 31.346305503555122 31.409831519499306 31.42125016546644
 120418640 8 61369.181 61385.87 61616.182 31.26935453417091 31.386673187168313 31.39520861456502 31.26935453417091 31.386673187168313 31.39520861456502
 132460496 8 67530.87 67686.081 67781.925 31.267449781044135 31.311724725206055 31.383690688421463 31.267449781044135 31.311724725206055 31.383690688421463
 145706544 4 37171.125 37184.0 37402.868 31.164785331435013 31.34822375215146 31.3590818679822 31.164785331435013 31.34822375215146 31.3590818679822
 160277184 4 40912.151 41123.867 41136.026 31.170183332731263 31.17939934977418 31.340749402298595 31.170183332731263 31.17939934977418 31.340749402298595
 176304896 4 45008.183 45016.05 45234.919 31.180318196214742 31.331917571621673 31.337394091203368 31.180318196214742 31.331917571621673 31.337394091203368
 193935376 4 49499.035 49511.194 49533.844 31.321675903045197 31.33600470229015 31.343702114596777 31.321675903045197 31.33600470229015 31.343702114596777
 213328912 4 54467.916 54475.069 54475.069 31.328666990765996 31.328666990765996 31.332781228494223 31.328666990765996 31.328666990765996 31.332781228494223
 234661792 4 59920.073 59920.073 59960.127 31.30904535942694 31.329974114016853 31.329974114016853 31.30904535942694 31.329974114016853 31.329974114016853
 258127968 4 65924.883 65944.195 65948.009 31.312905049188064 31.31471608683675 31.32388940303466 31.312905049188064 31.31471608683675 31.32388940303466
 283940752 2 36266.088 36267.042 36273.956 31.310701485109597 31.316670601368596 31.317494404138653 31.310701485109597 31.316670601368596 31.317494404138653
 312334816 2 39904.118 39907.932 39914.131 31.300675542704415 31.305537555792167 31.308529711144097 31.300675542704415 31.305537555792167 31.308529711144097
 343568288 2 43884.039 43904.066 43905.973 31.300368904249087 31.30172845494538 31.316013368778567 31.300368904249087 31.30172845494538 31.316013368778567
 377925104 2 48269.033 48290.014 48296.928 31.300136025214687 31.30461747225834 31.31822458510822 31.300136025214687 31.30461747225834 31.31822458510822
 415717600 2 53108.931 53115.845 53118.944 31.304658466102037 31.306484910481984 31.31056055336531 31.304658466102037 31.306484910481984 31.31056055336531
 457289360 2 58426.857 58427.811 58437.824 31.30091633802107 31.306280497142016 31.306791669454334 31.30091633802107 31.306280497142016 31.306791669454334
 503018288 2 64274.073 64282.894 64320.087 31.28218952813295 31.300288876228876 31.304584540643628 31.28218952813295 31.300288876228876 31.304584540643628
 553320112 1 35364.151 35370.111 35376.787 31.28153565783122 31.287439951771713 31.29271289447893 31.28153565783122 31.287439951771713 31.29271289447893
 608652112 1 38883.924 38892.031 38902.044 31.29152349938219 31.299579700530426 31.306105422899194 31.29152349938219 31.299579700530426 31.306105422899194
 669517312 1 42784.929 42785.168 42793.989 31.29025022649793 31.296701324159812 31.29687615001067 31.29025022649793 31.296701324159812 31.29687615001067
 736469040 1 47067.165 47072.172 47083.855 31.283294029344027 31.29105833484803 31.29438707430116 31.283294029344027 31.29105833484803 31.29438707430116
 810115936 1 51774.025 51784.992 51796.913 31.280471714598125 31.287672536475434 31.29430002786146 31.280471714598125 31.287672536475434 31.29430002786146
 891127520 1 56945.086 56957.96 56984.901 31.275917106533186 31.290710552133536 31.29778467627566 31.275917106533186 31.290710552133536 31.29778467627566
 980240272 1 62650.919 62660.217 62674.046 31.28058054525473 31.28748411452198 31.292127478608894 31.28058054525473 31.28748411452198 31.292127478608894
 
META_DATA
 FLOPS          16
 MPI_PROCS      2
 OPENMP_THREADS 1
 ERT_VERSION  1.1.0
 HOSTNAME  ('c3cpu-a7-u1-3.rc.int.colorado.edu', [], ['10.225.64.156'])
 UNAME  uname_result(system='Linux', node='c3cpu-a7-u1-3.rc.int.colorado.edu', release='4.18.0-305.34.2.el8_4.x86_64', version='#1 SMP Mon Jan 17 09:42:23 EST 2022', machine='x86_64', processor='x86_64')
 TIMESTAMP_DATA  1728534277.433072
 CONFIG  {'nux': ['workstation,', 'MPI', 'and', 'OpenMP', '(8-core', 'Intel', 'Xeon', 'CPU', 'E5530,', '2.40', 'GHz)'], 'ERT_RESULTS': ['Results.alpine'], 'ERT_DRIVER': ['driver1'], 'ERT_KERNEL': ['kernel1'], 'ERT_MPI': ['True'], 'ERT_MPI_CFLAGS': ['-I/usr/include/mpi'], 'ERT_MPI_LDFLAGS': ['-lmpi'], 'ERT_OPENMP': ['True'], 'ERT_OPENMP_CFLAGS': ['-qopenmp'], 'ERT_OPENMP_LDFLAGS': ['-qopenmp'], 'ERT_FLOPS': ['1,2,4,8,16'], 'ERT_ALIGN': ['32'], 'ERT_CC': ['icpc'], 'ERT_CFLAGS': ['-O3', '-fno-alias', '-fno-fnalias', '-DERT_INTEL'], 'ERT_LD': ['icpc'], 'ERT_LDFLAGS': [], 'ERT_LDLIBS': [], 'ERT_PRECISION': ['FP64'], 'ERT_RUN': ['export', 'OMP_NUM_THREADS=ERT_OPENMP_THREADS;', 'mpirun', '-np', 'ERT_MPI_PROCS', 'ERT_CODE'], 'ERT_PROCS_THREADS': ['1-8'], 'ERT_MPI_PROCS': ['1,2,4,8'], 'ERT_OPENMP_THREADS': ['1,2,4,8'], 'ERT_NUM_EXPERIMENTS': ['3'], 'ERT_MEMORY_MAX': ['1073741824'], 'ERT_WORKING_SET_MIN': ['1'], 'ERT_TRIALS_MIN': ['1'], 'ERT_GNUPLOT': ['gnuplot'], 'ERT_GPU': [False], 'ERT_HIP': [False], 'ERT_OCL': [False], 'ERT_SYCL': [False], 'ERT_WSS_MULT': [1.1]}
 TIMESTAMP_DATA  1728534306.2560828
 TIMESTAMP_DATA  1728534339.8368454
 