fp64
 64 16777216 163195.133 163227.081 163236.141 13.155687428312827 13.15641764126138 13.15899321580871 6.577843714156414 6.57820882063069 6.579496607904355
 128 8388608 84327.936 84349.871 84360.838 25.455930724633152 25.459240453373074 25.46586279545606 12.727965362316576 12.729620226686537 12.73293139772803
 192 4194304 42155.981 42169.094 42171.001 38.19242365150403 38.19415081576095 38.206031452571345 19.096211825752015 19.097075407880475 19.103015726285673
 256 4194304 42664.051 42668.104 42684.078 50.31111713365345 50.32995250972483 50.33473375512325 25.155558566826723 25.164976254862417 25.167366877561626
 320 2097152 21270.037 21271.944 21277.905 63.07845062754063 63.09612699243661 63.10178397903117 31.539225313770316 31.548063496218305 31.550891989515584
 384 2097152 21321.058 21329.88 21333.933 75.49534987289967 75.50969513189946 75.54093872827511 37.74767493644983 37.75484756594973 37.770469364137554
 448 2097152 21354.914 21360.874 21366.119 87.94522730122397 87.96682158230043 87.9913724775478 43.97261365061198 43.98341079115021 43.9956862387739
 512 2097152 21482.944 21484.852 21485.09 99.95227611334185 99.95338334190062 99.9622606659497 49.976138056670926 49.97669167095031 49.98113033297485
 576 1048576 10775.089 10781.05 10787.01 111.9827970864957 112.04470362348752 112.10668904915774 55.99139854324785 56.02235181174376 56.05334452457887
 640 1048576 10931.969 10958.91 10966.063 122.39372325327696 122.4736109704341 122.7754378008207 61.19686162663848 61.23680548521705 61.38771890041035
 704 1048576 11018.038 11108.16 11119.127 132.77975941816294 132.9108518422493 133.99799565040524 66.38987970908147 66.45542592112464 66.99899782520262
 768 1048576 10962.963 10985.851 10998.964 146.4331309748809 146.60791740212022 146.9139990712365 73.21656548744045 73.30395870106011 73.45699953561825
 832 1048576 11023.045 11025.906 11027.813 158.22089692670704 158.24826222897238 158.28933511565998 79.11044846335352 79.12413111448619 79.14466755782999
 896 1048576 11091.948 11094.093 11099.1 169.2973477128776 169.37375520468413 169.40650929845685 84.6486738564388 84.68687760234207 84.70325464922843
 960 1048576 11172.056 11177.063 11242.151 179.08191412835495 180.12477159697497 180.20549843287574 89.54095706417748 90.06238579848748 90.10274921643787
 1024 1048576 11326.79 11329.174 11336.088 189.4378067636737 189.55341739830283 189.5933135513239 94.71890338183685 94.77670869915141 94.79665677566194
 1088 524288 5704.88 5707.026 5707.979 199.86946132773087 199.90283695921485 199.97803424436623 99.93473066386544 99.95141847960743 99.98901712218311
 1152 524288 5759.001 5760.908 5761.862 209.6474285569491 209.68214593949423 209.75157878944626 104.82371427847455 104.84107296974712 104.87578939472313
 1216 524288 5886.078 5888.939 5891.085 216.44033586342755 216.51920931767165 216.6244511200837 108.22016793171377 108.25960465883583 108.31222556004185
 1280 524288 5937.099 5939.96 5942.822 225.84847400780302 225.9572926417013 226.06617811156593 112.92423700390151 112.97864632085064 113.03308905578297
 1408 524288 6130.934 6133.08 6139.04 240.49281451171515 240.72652044323567 240.81078152203236 120.24640725585758 120.36326022161784 120.40539076101618
 1536 524288 6417.99 6419.897 6572.008 245.0716335098801 250.8782829381842 250.9528272870478 122.53581675494004 125.4391414690921 125.4764136435239
 1664 524288 6949.902 7032.871 7416.01 235.2788715225573 248.09646927975786 251.05828312399225 117.63943576127865 124.04823463987893 125.52914156199613
 1792 524288 7258.892 7260.084 7818.937 240.32016014453114 258.8190704129594 258.8615717109443 120.16008007226557 129.4095352064797 129.43078585547215
 1920 524288 7764.101 7777.929 8343.935 241.2849476895493 258.8434427724912 259.3044474820716 120.64247384477466 129.4217213862456 129.6522237410358
 2112 262144 4193.068 4197.121 4259.109 259.9830753333619 263.822809969024 264.0778198684113 129.99153766668095 131.911404984512 132.03890993420566
 2304 262144 4746.914 4755.02 4856.825 248.71383094923124 254.03879521011476 254.4726009361029 124.35691547461562 127.01939760505738 127.23630046805145
 2496 262144 4905.939 4906.178 5266.905 248.4614489913906 266.7295903246886 266.7425844471364 124.2307244956953 133.3647951623443 133.3712922235682
 2688 262144 5257.13 5258.083 5798.817 243.02993938246368 268.0228029873245 268.07138952242 121.51496969123184 134.01140149366225 134.03569476121
 2944 262144 5733.013 5733.967 6204.128 248.78659370019446 269.18604031031225 269.2308341181155 124.39329685009723 134.59302015515613 134.61541705905776
 3200 262144 5981.922 6000.996 6339.073 264.66355569655053 279.5738574063372 280.4653086416038 132.33177784827527 139.7869287031686 140.2326543208019
 3520 262144 6679.058 6755.114 7256.985 254.30585291274548 273.1994989277753 276.310485700229 127.15292645637274 136.59974946388766 138.1552428501145
 3840 262144 7319.927 7333.04 7589.102 265.2838135526443 274.54724370793014 275.0390707448312 132.64190677632214 137.27362185396507 137.5195353724156
 4224 131072 3921.032 3926.992 4020.929 275.3831903025395 281.97059123115093 282.39918878499327 137.69159515126975 140.98529561557547 141.19959439249664
 4608 131072 4355.907 4423.141 4683.018 257.94467413962536 273.09994232605294 277.315276014846 128.97233706981268 136.54997116302647 138.657638007423
 5056 131072 4759.073 4771.948 4931.927 268.73878384655734 277.7482202236906 278.499628814267 134.36939192327867 138.8741101118453 139.2498144071335
 5504 131072 5198.002 5201.817 5344.868 269.9487762840916 277.3724212135875 277.5759947764545 134.9743881420458 138.68621060679374 138.78799738822724
 6016 131072 5685.091 5748.987 6052.971 260.54284813193385 274.3193373023804 277.40247324097356 130.27142406596693 137.1596686511902 138.70123662048678
 6592 131072 6124.973 6146.908 6594.896 262.0288853683212 281.1256078665892 282.1323862162331 131.0144426841606 140.5628039332946 141.06619310811655
 7232 131072 6603.956 6605.148 7172.108 264.33308143156796 287.02239647014727 287.0742034017186 132.16654071578398 143.51119823507364 143.5371017008593
 7936 131072 7262.945 7380.962 7856.846 264.78497656693287 281.85686147686437 286.4368082093421 132.39248828346643 140.92843073843218 143.21840410467104
 8704 65536 3963.947 3990.173 3997.087 285.42052950060884 285.9150939069559 287.8067461547796 142.71026475030442 142.95754695347796 143.9033730773898
 9536 65536 4384.995 4388.094 4390.955 284.65392881503 284.8395207577595 285.04082490401925 142.326964407515 142.41976037887974 142.52041245200962
 10432 65536 4770.994 4778.147 5002.022 273.3580747945531 286.1659768943902 286.59501646826635 136.67903739727655 143.0829884471951 143.29750823413318
 11456 65536 5226.851 5226.851 5343.914 280.9852164537079 287.27829280000526 287.27829280000526 140.49260822685395 143.63914640000263 143.63914640000263
 12544 65536 5702.972 5716.085 6298.065 261.05909799279624 287.6386841693222 288.30005968817665 130.52954899639812 143.8193420846611 144.15002984408832
 13760 65536 6294.012 6294.966 6485.939 278.0708730069771 286.5068246595772 286.5502512546846 139.03543650348854 143.2534123297886 143.2751256273423
 15104 65536 6871.939 6881.952 7344.961 269.5332879235165 287.66714560055055 288.0863011153038 134.76664396175826 143.83357280027528 144.0431505576519
 16576 32768 3763.199 3795.147 4103.899 264.70552418565853 286.2404897623201 288.6705528992753 132.35276209282927 143.12024488116006 144.33527644963766
 18176 32768 4129.887 4129.887 4534.96 262.666558470196 288.42976478533194 288.42976478533194 131.333279235098 144.21488239266597 144.21488239266597
 19968 32768 4522.8 4527.092 4748.106 275.6094425861597 289.0647788911734 289.33909259750595 137.80472129307984 144.5323894455867 144.66954629875298
 21952 32768 4974.127 4982.948 5557.06 258.88622257092777 288.71388423078065 289.22588265237295 129.44311128546389 144.35694211539032 144.61294132618647
 24128 32768 5465.031 5467.892 6023.169 262.52834811707925 289.1887052633812 289.3400985282609 131.26417405853962 144.5943526316906 144.67004926413045
 26496 32768 5973.101 5980.968 6384.85 271.9628270045498 290.32789608638603 290.710278630815 135.9814135022749 145.16394804319302 145.3551393154075
 29120 32768 6571.054 6573.915 7037.878 271.1624611850333 290.30012100856186 290.42651605054533 135.58123059251665 145.15006050428093 145.21325802527267
 32000 32768 7208.109 7209.063 7618.904 275.2563885829248 290.904934524778 290.9434360662415 137.6281942914624 145.452467262389 145.47171803312074
 35200 16384 3967.047 3970.146 4217.148 273.5103439575751 290.52674637154405 290.753701682889 136.75517197878756 145.26337318577202 145.3768508414445
 38720 16384 4358.053 4373.074 4626.989 274.2122274334346 290.133887512537 291.1338985551576 137.1061137167173 145.0669437562685 145.5669492775788
 42560 16384 4789.829 4791.021 5260.944 265.08666125318956 291.0874487922303 291.159889006476 132.54333062659478 145.54372439611515 145.579944503238
 46784 16384 5261.898 5264.044 5734.921 267.3128560968843 291.2244107382081 291.34318301114916 133.65642804844214 145.61220536910406 145.67159150557458
 51456 16384 5779.028 5782.843 5783.796 291.52311181099753 291.57115418834644 291.7636336075894 145.76155590549877 145.78557709417322 145.8818168037947
 56576 16384 6351.948 6353.855 6580.83 281.7095059437791 291.77284782230635 291.86044470137347 140.85475297188955 145.88642391115317 145.93022235068673
 62208 16384 6982.803 6985.188 7513.046 271.3189489322972 291.82203027320094 291.9217030753982 135.6594744661486 145.91101513660047 145.9608515376991
 68416 8192 3840.208 3842.831 3946.066 284.06208715211557 291.6932188795188 291.89245582530947 142.03104357605778 145.8466094397594 145.94622791265473
 75200 8192 4220.009 4220.009 4347.086 283.4259087581888 291.9607043492087 291.9607043492087 141.7129543790944 145.98035217460435 145.98035217460435
 82688 8192 4635.096 4637.957 5100.012 265.63862830126675 292.1027926735845 292.2830923027269 132.81931415063337 146.05139633679224 146.14154615136346
 90944 8192 5101.919 5103.111 5574.942 267.2721072255101 291.9839478310388 292.0521662535215 133.63605361275506 145.9919739155194 146.02608312676074
 100032 8192 5611.181 5619.049 6093.025 268.9836801916946 291.67289482615297 292.0818786633331 134.4918400958473 145.83644741307648 146.04093933166655
 110016 8192 6167.889 6169.081 6774.902 266.05582545695864 292.1832512816739 292.23971832177915 133.02791272847932 146.09162564083695 146.11985916088958
 120960 8192 6773.949 6774.187 7357.121 269.37284842807395 292.5529868012206 292.5632655338858 134.68642421403698 146.2764934006103 146.2816327669429
 133056 4096 3750.086 3751.993 4076.958 267.3549131484798 290.5108703561014 290.6586014294072 133.6774565742399 145.2554351780507 145.3293007147036
 146304 4096 4120.111 4122.972 4600.048 260.5456221326386 290.69379273009855 290.8956501414646 130.2728110663193 145.34689636504928 145.4478250707323
 160896 4096 4524.946 4527.092 4657.03 283.02588387878114 291.1493806620232 291.2874611100331 141.51294193939057 145.5746903310116 145.64373055501656
 176960 4096 4981.041 4981.995 5456.924 265.6544822687653 290.9790796658769 291.03480979176845 132.82724113438266 145.48953983293845 145.51740489588423
 194624 4096 5470.037 5472.898 6042.957 263.8376887341743 291.31911612458333 291.4714851106126 131.91884436708716 145.65955806229167 145.7357425553063
 214080 4096 6015.062 6019.115 6443.977 272.1523307733718 291.3623281827977 291.5586506007752 136.0761653866859 145.68116409139884 145.7793253003876
 235456 4096 6612.062 6612.778 6829.977 282.41025584712804 291.686119207389 291.7177050063959 141.20512792356402 145.8430596036945 145.85885250319794
 258944 4096 7267.952 7267.952 7268.906 291.8278552508452 291.86616092126087 291.86616092126087 145.9139276254226 145.93308046063044 145.93308046063044
 284800 2048 4038.095 4038.095 4515.886 258.3193641292096 288.8839415615531 288.8839415615531 129.1596820646048 144.44197078077656 144.44197078077656
 313280 2048 4454.851 4456.043 4934.072 260.0681303394032 287.96734681420264 288.0443992402889 130.0340651697016 143.98367340710132 144.02219962014445
 344576 2048 4891.157 4900.217 5381.107 262.28493430812654 288.0246519694944 288.5581665033447 131.14246715406327 144.0123259847472 144.27908325167235
 379008 2048 5378.008 5381.107 5854.845 265.15078844956616 288.4939414882477 288.66018198559766 132.57539422478308 144.24697074412384 144.33009099279883
 416896 2048 5911.112 5913.019 6377.22 267.76652146232993 288.7875070247533 288.8806735517784 133.88326073116497 144.39375351237666 144.4403367758892
 458560 2048 6499.052 6503.105 6726.98 279.2132219807403 288.825378030956 289.0054980326361 139.60661099037014 144.412689015478 144.50274901631806
 504384 2048 7148.981 7160.187 7380.009 279.9396130817727 288.5339257200964 288.9862015299803 139.96980654088634 144.2669628600482 144.49310076499015
 554816 1024 3926.039 3931.999 4152.06 273.6625116207376 288.97849872291425 289.417188163439 136.8312558103688 144.48924936145713 144.7085940817195
 610240 1024 4322.052 4323.006 4472.017 279.46484103258103 289.09779907777136 289.16161119764405 139.73242051629052 144.54889953888568 144.58080559882202
 671232 1024 4739.046 4750.013 4832.029 284.4939746843406 289.40618394097027 290.07592160953914 142.2469873421703 144.70309197048513 145.03796080476957
 738304 1024 5227.089 5228.043 5439.043 277.9986464530617 289.218468937612 289.27125442095974 138.99932322653086 144.609234468806 144.63562721047987
 812096 1024 5739.927 5748.034 5929.947 280.47006288589085 289.3463413751554 289.75501047312974 140.23503144294543 144.6731706875777 144.87750523656487
 893248 1024 6311.893 6319.046 6642.103 275.4205865220699 289.50127978178983 289.8293592746265 137.71029326103496 144.75063989089492 144.91467963731324
 982528 1024 6942.034 6947.994 7529.974 267.22766160945577 289.6112667915373 289.85990906987786 133.61383080472788 144.80563339576864 144.92995453493893
 1080768 512 3818.035 3818.989 4271.984 259.0614646496803 289.79042149636985 289.8628304874104 129.53073232484016 144.89521074818492 144.9314152437052
 1188800 512 4197.836 4202.127 4742.146 256.7047071093973 289.69405255957275 289.99017589062555 128.35235355469865 144.84702627978638 144.99508794531278
 1307648 512 4616.976 4618.168 5088.091 263.16973340295993 289.94864457074755 290.0235028295577 131.58486670147997 144.97432228537377 145.01175141477884
 1438400 512 5075.932 5077.124 5557.06 265.0541113466473 290.10943991125686 290.1775673905797 132.52705567332364 145.05471995562843 145.08878369528986
 1582208 512 5587.101 5604.029 6060.839 267.3195892515871 289.1100299445274 289.9859859343871 133.65979462579355 144.5550149722637 144.99299296719354
 1740416 512 6163.836 6165.028 6689.072 266.432471350286 289.0799496774386 289.1358537118768 133.216235675143 144.5399748387193 144.5679268559384
 1914432 512 6784.916 6880.045 7272.005 269.5787981443907 284.93685259326065 288.9318553096309 134.78939907219535 142.46842629663033 144.46592765481546
 2105856 256 3730.059 3772.974 4135.132 260.7409562741891 285.7688051918725 289.0566267182369 130.37047813709455 142.88440259593625 144.52831335911844
 2316416 256 4125.118 4152.06 4343.987 273.0222240536171 285.64254659133053 287.50813722177156 136.51111202680855 142.82127329566526 143.75406861088578
 2548032 256 4546.881 4561.901 4890.919 266.73767936046374 285.975601837918 286.92028315673974 133.36883968023187 142.987800918959 143.46014157836987
 2802816 256 4992.962 5002.022 5436.897 263.9450024526858 286.8923391380526 287.4129208273566 131.9725012263429 143.4461695690263 143.7064604136783
 3083072 256 5497.217 5505.085 5996.943 263.22292274580565 286.7408703044549 287.1512738172788 131.61146137290282 143.37043515222746 143.5756369086394
 3391360 256 6033.182 6047.01 6289.005 276.0971441428334 287.14626236768254 287.8043990716673 138.0485720714167 143.57313118384127 143.90219953583366
 3730496 256 6644.964 6659.985 7100.821 268.9849458252785 286.78952760404115 287.4378178723015 134.49247291263924 143.39476380202058 143.71890893615074
 4103488 256 7307.053 7332.087 7446.051 282.16108860925067 286.54677119897786 287.5284818653977 141.08054430462533 143.27338559948893 143.76424093269884
 4513792 128 4014.969 4015.923 4024.982 287.0896694693293 287.7372778312732 287.80564731633046 143.54483473466465 143.8686389156366 143.90282365816523
 4965120 128 4415.989 4421.949 4427.91 287.05884265940364 287.445811790231 287.8337604554722 143.52942132970182 143.7229058951155 143.9168802277361
 5461632 128 4853.964 4868.984 4870.176 287.0897873095346 287.16007117706687 288.04865301844023 143.5448936547673 143.58003558853343 144.02432650922012
 6007744 128 5342.007 5349.874 5361.08 286.87922284315846 287.48012831704074 287.90349095386813 143.43961142157923 143.74006415852037 143.95174547693406
 6608512 128 5877.972 5887.985 5892.038 287.1296946828924 287.3273406776682 287.8167966774936 143.5648473414462 143.6636703388341 143.9083983387468
 7269312 128 6466.866 6468.058 6481.886 287.09913626990664 287.7129227969199 287.76595525560606 143.54956813495332 143.85646139845994 143.88297762780303
 7996224 128 7115.126 7124.186 7127.047 287.22040755448927 287.33575232314263 287.7016294581431 143.61020377724464 143.66787616157131 143.85081472907154
 8795840 64 3914.833 3918.171 3920.078 287.2053872397437 287.34517202031253 287.5901781761827 143.60269361987184 143.67258601015627 143.79508908809134
 9675392 64 4297.972 4298.925 4308.939 287.4141815421383 288.0836897596492 288.1475672712619 143.70709077106915 144.0418448798246 144.07378363563095
 10642880 64 4729.033 4740.0 4807.949 283.34090898218767 287.4026666666667 288.0691760873734 141.67045449109384 143.70133333333334 144.0345880436867
 11707136 64 5198.002 5204.916 5212.784 287.46892409123416 287.90347586781417 288.2864238990289 143.73446204561708 143.95173793390708 144.14321194951444
 12877824 64 5717.039 5732.059 5768.061 285.7739320024528 287.5688250940892 288.32433572693833 142.8869660012264 143.7844125470446 144.16216786346916
 14165568 64 6285.906 6290.913 6303.072 287.66809327261376 288.22409465843833 288.45367779919076 143.83404663630688 144.11204732921917 144.22683889959538
 15582080 64 6916.046 6922.007 6927.967 287.89199486660374 288.1398761948666 288.3882264519351 143.94599743330187 144.0699380974333 144.19411322596756
 17140288 32 3808.022 3814.936 3913.164 280.33029844902995 287.5483185039015 288.0704029546048 140.16514922451498 143.77415925195075 144.0352014773024
 18854272 32 4182.1 4186.869 4194.021 287.7127720628962 288.2042423586695 288.53289208770707 143.8563860314481 144.10212117933474 144.26644604385353
 20739648 32 4605.055 4713.058 4722.118 281.08943317384274 281.62977667578036 288.23487927940056 140.54471658692137 140.81488833789018 144.11743963970028
 22813568 32 5065.918 5067.825 5074.978 287.6994446084298 288.10551903429973 288.21397266990897 143.8497223042149 144.05275951714987 144.10698633495448
 25094912 32 5566.835 5574.942 5578.995 287.87879680838574 288.08808558008315 288.50762920043434 143.93939840419287 144.04404279004157 144.25381460021717
 27604352 32 6124.02 6126.165 6129.026 288.2478436214824 288.38245917307154 288.4834680487653 144.1239218107412 144.19122958653577 144.24173402438265
 30364736 32 6735.086 6744.862 6764.174 287.29939590554585 288.12199626916015 288.5402063165934 143.64969795277293 144.06099813458007 144.2701031582967
 33401152 32 7409.096 7411.003 7425.07 287.899471385455 288.44594017840774 288.52018221926136 143.9497356927275 144.22297008920387 144.26009110963068
 36741248 16 4091.978 4096.985 4101.992 286.6217037965944 286.9719894019626 287.32313223580377 143.3108518982972 143.4859947009813 143.66156611790188
 40415360 16 4508.972 4511.833 4513.025 286.5686584940256 286.64436826451686 286.82624775669484 143.2843292470128 143.32218413225843 143.41312387834742
 44456896 16 4962.206 4976.034 5082.846 279.88663673855166 285.89448383994164 286.691175658568 139.94331836927583 142.94724191997082 143.345587829284
 48902528 16 5460.024 5463.839 5464.077 286.39437108957287 286.4068461753723 286.60696289979677 143.19718554478644 143.20342308768616 143.30348144989838
 53792768 16 6005.049 6126.881 6134.033 280.6259072945972 280.9534861212417 286.653543709635 140.3129536472986 140.47674306062086 143.3267718548175
 59172032 16 6606.102 6609.917 6615.877 286.20620123378956 286.4642663440403 286.6296984212475 143.10310061689478 143.23213317202016 143.31484921062375
 65089216 16 7276.058 7277.966 7280.111 286.102081685293 286.18640317913 286.26144981252213 143.0510408426465 143.093201589565 143.13072490626107
 71598080 8 4082.203 4082.918 4204.035 272.49280274783627 280.5761173748774 280.6252604292339 136.24640137391813 140.2880586874387 140.31263021461695
 78757888 8 4503.012 4507.065 4508.972 279.4708434649849 279.58909134880463 279.84073948725876 139.73542173249245 139.79454567440231 139.92036974362938
 86633664 8 4972.935 5095.005 5121.946 270.62734046786125 272.05834420182117 278.7365256131439 135.31367023393062 136.02917210091059 139.36826280657195
 95297024 8 5450.01 5463.123 5470.037 278.7462651532338 279.0990398715167 279.7705662925389 139.3731325766169 139.54951993575835 139.88528314626944
 104826688 8 6010.056 6038.904 6226.063 269.3880559833718 277.73698803623967 279.0701131570155 134.6940279916859 138.86849401811983 139.53505657850775
 115309312 8 6626.129 6685.972 6804.228 271.14743832805135 275.9432722721543 278.4354171191053 135.57371916402568 137.97163613607714 139.21770855955265
 126840192 8 7269.144 7296.085 7704.02 263.4265061617181 278.1550752218484 279.185977331031 131.71325308085906 139.0775376109242 139.5929886655155
 139524160 4 4258.871 4389.048 4405.975 253.33627176731596 254.3132998317631 262.0866609953671 126.66813588365798 127.15664991588154 131.04333049768354
 153476544 4 4607.916 4690.886 4743.099 258.86289786487697 261.74423168672183 266.45719062587074 129.43144893243849 130.87211584336092 133.22859531293537
 168824192 4 5139.828 5553.961 5589.008 241.65174499660768 243.17663303721434 262.770181414631 120.82587249830384 121.58831651860717 131.3850907073155
 185706560 4 6524.086 6673.098 6717.92 221.14768857027173 222.63309785050362 227.71810181533473 110.57384428513586 111.31654892525181 113.85905090766737
 204277184 4 7916.927 8135.08 8282.9 197.3001571913219 200.88523677702003 206.4206821661991 98.65007859566094 100.44261838851001 103.21034108309955
 224704896 4 8940.935 9348.869 9540.081 188.4301787374761 192.2841327651505 201.05717891920702 94.21508936873805 96.14206638257525 100.52858945960351
 247175360 4 9781.837 9875.059 10134.935 195.10760355147815 200.24213323687488 202.15046314920195 97.55380177573907 100.12106661843744 101.07523157460098
 271892864 2 6599.903 6632.09 6669.044 163.07756494034228 163.98623299744122 164.78597579388668 81.53878247017114 81.99311649872061 82.39298789694334
 299082112 2 6464.005 6501.913 6503.105 183.9626529173372 183.99637891186796 185.0754211978487 91.9813264586686 91.99818945593398 92.53771059892435
 328990272 2 6548.166 6554.127 6850.004 192.11099555562302 200.78358078810493 200.96636035189087 96.05549777781151 100.39179039405246 100.48318017594544
 361889280 2 6913.9 7031.918 7297.039 198.37596044094047 205.85523323793024 209.36911439274505 99.18798022047024 102.92761661896512 104.68455719637252
 398078208 2 8433.819 8727.074 9181.023 173.43522960349844 182.45666669034773 188.80092541706196 86.71761480174922 91.22833334517387 94.40046270853098
 437886016 2 9082.079 9317.16 9326.935 187.7941750424979 187.99119731763756 192.85717113889893 93.89708752124895 93.99559865881878 96.42858556944947
 481674560 2 10280.132 10449.171 10524.988 183.05942391573274 184.3876648204915 187.41960122691032 91.52971195786637 92.19383241024575 93.70980061345516
 529841984 2 11476.04 11497.974 12238.026 173.17890450633135 184.32533731594805 184.67763583954047 86.58945225316567 92.16266865797402 92.33881791977024
 582826176 1 6420.851 6428.003 6881.952 169.3781578249892 181.3397336622276 181.54172274049031 84.6890789124946 90.6698668311138 90.77086137024516
 641108736 1 7158.995 7159.948 7539.034 170.07715736525395 179.08195310915664 179.10579236331355 85.03857868262698 89.54097655457832 89.55289618165678
 705219584 1 7970.095 7990.122 8486.032 166.2071469916682 176.52285759841962 176.96641859350484 83.1035734958341 88.26142879920981 88.48320929675242
 775741504 1 8847.952 8924.961 8958.817 173.17945081365096 173.83639076966276 175.3493924921835 86.58972540682548 86.91819538483138 87.67469624609176
 853315648 1 9866.953 9963.036 10255.098 166.41784369101103 171.29630927761377 172.9643686353832 83.20892184550551 85.64815463880689 86.4821843176916
 938647168 1 10993.004 11069.059 11414.051 164.47222252642817 169.59836748543847 170.77173227627316 82.23611126321408 84.79918374271924 85.38586613813658
 1032511872 1 12256.145 12334.824 12573.004 164.2426697708837 167.41412313625227 168.4888473496356 82.12133488544185 83.70706156812614 84.2444236748178
 
META_DATA
 FLOPS          8
 MPI_PROCS      8
 OPENMP_THREADS 1
 ERT_VERSION  1.1.0
 HOSTNAME  ('c3cpu-a7-u1-3.rc.int.colorado.edu', [], ['10.225.64.156'])
 UNAME  uname_result(system='Linux', node='c3cpu-a7-u1-3.rc.int.colorado.edu', release='4.18.0-305.34.2.el8_4.x86_64', version='#1 SMP Mon Jan 17 09:42:23 EST 2022', machine='x86_64', processor='x86_64')
 TIMESTAMP_DATA  1728533955.9796815
 CONFIG  {'nux': ['workstation,', 'MPI', 'and', 'OpenMP', '(8-core', 'Intel', 'Xeon', 'CPU', 'E5530,', '2.40', 'GHz)'], 'ERT_RESULTS': ['Results.alpine'], 'ERT_DRIVER': ['driver1'], 'ERT_KERNEL': ['kernel1'], 'ERT_MPI': ['True'], 'ERT_MPI_CFLAGS': ['-I/usr/include/mpi'], 'ERT_MPI_LDFLAGS': ['-lmpi'], 'ERT_OPENMP': ['True'], 'ERT_OPENMP_CFLAGS': ['-qopenmp'], 'ERT_OPENMP_LDFLAGS': ['-qopenmp'], 'ERT_FLOPS': ['1,2,4,8,16'], 'ERT_ALIGN': ['32'], 'ERT_CC': ['icpc'], 'ERT_CFLAGS': ['-O3', '-fno-alias', '-fno-fnalias', '-DERT_INTEL'], 'ERT_LD': ['icpc'], 'ERT_LDFLAGS': [], 'ERT_LDLIBS': [], 'ERT_PRECISION': ['FP64'], 'ERT_RUN': ['export', 'OMP_NUM_THREADS=ERT_OPENMP_THREADS;', 'mpirun', '-np', 'ERT_MPI_PROCS', 'ERT_CODE'], 'ERT_PROCS_THREADS': ['1-8'], 'ERT_MPI_PROCS': ['1,2,4,8'], 'ERT_OPENMP_THREADS': ['1,2,4,8'], 'ERT_NUM_EXPERIMENTS': ['3'], 'ERT_MEMORY_MAX': ['1073741824'], 'ERT_WORKING_SET_MIN': ['1'], 'ERT_TRIALS_MIN': ['1'], 'ERT_GNUPLOT': ['gnuplot'], 'ERT_GPU': [False], 'ERT_HIP': [False], 'ERT_OCL': [False], 'ERT_SYCL': [False], 'ERT_WSS_MULT': [1.1]}
 TIMESTAMP_DATA  1728533961.7382727
 TIMESTAMP_DATA  1728533967.5667665
 