fp64
 32 33554432 456099.033 456214.905 456233.025 4.706988600836163 4.70717555359135 4.708371411960438 4.706988600836163 4.70717555359135 4.708371411960438
 64 16777216 232849.121 232859.85 232867.956 9.221894179377776 9.222215199399983 9.222640131847438 9.221894179377776 9.222215199399983 9.222640131847438
 96 8388608 116122.007 116123.199 116148.949 13.866786999510431 13.869861921389196 13.870004296429357 13.866786999510431 13.869861921389196 13.870004296429357
 128 8388608 116800.07 116827.011 116890.907 18.371691204346632 18.38173920241784 18.38597911799197 18.371691204346632 18.38173920241784 18.38597911799197
 160 4194304 58261.156 58294.058 58300.972 23.021524924147062 23.02425540524216 23.03725796309294 23.021524924147062 23.02425540524216 23.03725796309294
 192 4194304 58775.902 58787.107 58789.968 27.396047162332188 27.397380449424052 27.402603468339795 27.396047162332188 27.397380449424052 27.402603468339795
 224 4194304 59100.866 59144.02 59177.876 31.7525453600261 31.77072157083675 31.79391977098948 31.7525453600261 31.77072157083675 31.79391977098948
 256 4194304 59200.048 59206.009 59229.851 36.25677950802206 36.271379954017846 36.27503220943334 36.25677950802206 36.271379954017846 36.27503220943334
 288 2097152 29695.988 29703.14 29709.101 40.659579433251785 40.66773923564983 40.677533678960266 40.659579433251785 40.66773923564983 40.677533678960266
 320 2097152 29865.026 29865.98 29891.014 44.90236697891881 44.94000464742828 44.94144019831089 44.90236697891881 44.94000464742828 44.94144019831089
 352 2097152 30066.967 30069.113 30081.987 49.07903882811996 49.10005187050246 49.103556338090236 49.07903882811996 49.10005187050246 49.103556338090236
 384 2097152 30189.991 30191.898 30457.02 52.881494512595125 53.345859077822794 53.34922875598075 52.881494512595125 53.345859077822794 53.34922875598075
 416 2097152 30629.158 30641.079 31201.839 55.920757234854015 56.94415865707601 56.96632156848713 55.920757234854015 56.94415865707601 56.96632156848713
 448 2097152 30807.018 30833.006 31553.984 59.550267630230145 60.942750505740506 60.99416022673795 59.550267630230145 60.942750505740506 60.99416022673795
 480 2097152 33141.851 33143.997 35032.034 57.46928425566155 60.74300332576061 60.74693655462997 57.46928425566155 60.74300332576061 60.74693655462997
 512 2097152 30758.858 30767.918 30828.953 69.65801426989752 69.79619641472003 69.81675483530631 69.65801426989752 69.79619641472003 69.81675483530631
 544 1048576 16088.009 16536.951 18467.903 61.77478233451844 68.9879705152419 70.91310602822263 61.77478233451844 68.9879705152419 70.91310602822263
 576 1048576 16880.989 17416.954 19290.924 62.61802451764364 69.35538510350317 71.55739228311799 62.61802451764364 69.35538510350317 71.55739228311799
 608 1048576 19289.97 19368.887 19654.036 64.87565281756888 65.83075300093394 66.10007252473696 64.87565281756888 65.83075300093394 66.10007252473696
 640 1048576 19268.99 19273.043 19815.922 67.73226499377623 69.64013311234764 69.65478107570765 67.73226499377623 69.64013311234764 69.65478107570765
 704 1048576 20514.965 20516.872 20838.976 70.84777140681001 71.96004381174674 71.96673296786028 70.84777140681001 71.96004381174674 71.96673296786028
 768 1048576 21734.953 21933.079 22346.02 72.07604468267726 73.43304312176143 74.10242552629398 72.07604468267726 73.43304312176143 74.10242552629398
 832 1048576 22881.031 22890.091 23839.951 73.18934774656206 76.22645379609894 76.25663651257673 73.18934774656206 76.22645379609894 76.25663651257673
 896 1048576 25254.965 25260.21 26754.141 70.23391975096492 74.38767104469837 74.40312002016236 70.23391975096492 74.38767104469837 74.40312002016236
 960 1048576 27889.013 27894.02 29757.977 67.65466348737348 72.17553869969261 72.18849659541554 67.65466348737348 72.17553869969261 72.18849659541554
 1056 524288 13929.844 13942.003 15102.863 73.31697678777859 79.42160505918696 79.49093012096905 73.31697678777859 79.42160505918696 79.49093012096905
 1152 524288 15723.944 15724.897 16978.025 71.14841402342145 76.81828071751438 76.82293653551551 71.14841402342145 76.81828071751438 76.82293653551551
 1248 524288 18372.059 18386.126 19013.166 68.8271931144976 71.17447405723206 71.22897047086556 68.8271931144976 71.17447405723206 71.22897047086556
 1344 524288 19100.904 19113.064 19937.992 70.68345418134385 73.73418223263418 73.78112282015553 70.68345418134385 73.73418223263418 73.78112282015553
 1472 524288 20406.961 20431.995 21912.813 70.43841755962596 75.54347345915072 75.63614552896927 70.43841755962596 75.54347345915072 75.63614552896927
 1600 524288 20656.824 20673.99 22125.006 75.82920429490504 81.15132105607093 81.21875850808429 75.82920429490504 81.15132105607093 81.21875850808429
 1760 524288 24443.15 24743.08 24827.003 74.33413368500419 74.58625846095151 75.50147014603273 74.33413368500419 74.58625846095151 75.50147014603273
 1920 524288 25521.994 25531.054 26626.11 75.61246911396368 78.85557407853196 78.88356685610066 75.61246911396368 78.85557407853196 78.88356685610066
 2112 262144 13581.038 13660.908 14506.817 76.32937370065397 81.0558314278963 81.53252026833295 76.32937370065397 81.0558314278963 81.53252026833295
 2304 262144 15320.063 15326.023 15949.011 75.7388374739976 78.81754790528501 78.84821048059658 75.7388374739976 78.81754790528501 78.84821048059658
 2528 262144 17029.047 17034.054 17702.818 74.8694396564434 77.80884479995191 77.83172270297922 74.8694396564434 77.80884479995191 77.83172270297922
 2752 262144 17893.791 17910.004 19053.936 75.72401712696002 80.56059484967173 80.6335882653374 75.72401712696002 80.56059484967173 80.6335882653374
 3008 262144 19692.898 19703.865 20665.884 76.31216278964887 80.03801812487042 80.08259139919376 76.31216278964887 80.03801812487042 80.08259139919376
 3296 262144 21868.944 21886.11 22536.993 76.67630051622237 78.95661896974839 79.01859586818641 76.67630051622237 78.95661896974839 79.01859586818641
 3616 262144 22935.152 22953.033 24227.142 78.25212763436976 82.59585598121173 82.66025043130303 78.25212763436976 82.59585598121173 82.66025043130303
 3968 262144 25667.906 25687.933 26540.041 78.3862686572338 80.98646099707594 81.04964947276962 78.3862686572338 80.98646099707594 81.04964947276962
 4352 131072 14054.775 14056.921 14571.905 78.2911148542349 81.1593582975959 81.17175038376637 78.2911148542349 81.1593582975959 81.17175038376637
 4768 131072 15393.019 15408.039 15959.024 78.31948820930403 81.12016019689462 81.19931457240453 78.31948820930403 81.12016019689462 81.19931457240453
 5216 131072 16703.129 17023.087 17205.0 79.47358930543446 80.32286411976864 81.86149457386098 79.47358930543446 80.32286411976864 81.86149457386098
 5728 131072 18331.051 18341.064 18915.892 79.38091589865283 81.86879627048901 81.91351559711443 79.38091589865283 81.86879627048901 81.91351559711443
 6272 131072 19959.927 19987.822 20637.989 79.66702414658714 82.25844556750606 82.37340587468081 79.66702414658714 82.25844556750606 82.37340587468081
 6880 131072 22230.148 22238.016 22898.912 78.7614153895172 81.10214148600308 81.13084627236849 78.7614153895172 81.10214148600308 81.13084627236849
 7552 131072 24056.196 24070.978 24749.041 79.99144241588998 82.24474668208329 82.29528425857522 79.99144241588998 82.24474668208329 82.29528425857522
 8288 65536 13184.071 13193.13 13580.084 79.99396292394066 82.34018280726409 82.39676015094274 79.99396292394066 82.34018280726409 82.39676015094274
 9088 65536 14379.025 14381.17 14899.015 79.9504085337185 82.82930637771474 82.84166249102425 79.9504085337185 82.82930637771474 82.84166249102425
 9984 65536 15866.995 15892.982 16206.98 80.74439827777908 82.33966715623285 82.47452324778573 80.74439827777908 82.33966715623285 82.47452324778573
 10976 65536 17462.969 17472.982 17951.012 80.14290626066096 82.33547496357518 82.38268486876429 80.14290626066096 82.33547496357518 82.38268486876429
 12064 65536 19144.058 19158.125 19706.964 80.23826541724031 82.53691882686849 82.597566722792 80.23826541724031 82.53691882686849 82.597566722792
 13248 65536 20944.834 20946.026 21604.061 80.37571528797294 82.90077821921923 82.90549621925865 80.37571528797294 82.90077821921923 82.90549621925865
 14560 65536 23078.918 23079.872 23678.064 80.5981570114854 82.68712755426027 82.69054554463948 80.5981570114854 82.68712755426027 82.69054554463948
 16000 65536 25130.033 25152.922 26115.894 80.3017503440625 83.37607853274463 83.45201934275215 80.3017503440625 83.37607853274463 83.45201934275215
 17600 32768 13872.862 13874.054 14294.147 80.69271989437355 83.13601777822113 83.14316108673178 80.69271989437355 83.13601777822113 83.14316108673178
 19360 32768 15269.995 15295.029 15686.989 80.88084717851208 82.95355046401023 83.08954652571923 80.88084717851208 82.95355046401023 83.08954652571923
 21280 32768 16775.846 16791.105 17263.889 80.78168713897547 83.05624198050099 83.13178840578293 80.78168713897547 83.05624198050099 83.13178840578293
 23392 32768 18429.995 18441.916 18970.966 80.8086479096531 83.12683519434746 83.18060379289307 80.8086479096531 83.12683519434746 83.18060379289307
 25728 32768 20221.949 20222.902 20768.881 81.18445129518533 83.37627349427893 83.38020276878358 81.18445129518533 83.37627349427893 83.38020276878358
 28288 32768 22189.856 22202.015 22863.865 81.0835074472317 83.50063577562668 83.54639020640782 81.0835074472317 83.50063577562668 83.54639020640782
 31104 32768 24429.083 24454.832 25107.861 81.18699334841784 83.35496821241708 83.44282689612214 81.18699334841784 83.35496821241708 83.44282689612214
 34208 16384 13438.225 13443.947 13785.124 81.31430257718394 83.37787585743979 83.41337818052608 81.31430257718394 83.37787585743979 83.41337818052608
 37600 16384 14764.071 14776.945 15224.934 80.92493537246204 83.37831669536565 83.45102106322842 80.92493537246204 83.37831669536565 83.45102106322842
 41344 16384 16229.868 16244.888 16690.016 81.17189294485998 83.3960930971023 83.47327236426075 81.17189294485998 83.3960930971023 83.47327236426075
 45472 16384 17853.975 17861.128 18317.938 81.34247948650116 83.42286646173747 83.45628892165472 81.34247948650116 83.42286646173747 83.45628892165472
 50016 16384 19617.081 19625.902 20153.046 81.32389952367498 83.50822744350808 83.5457776822148 81.32389952367498 83.50822744350808 83.5457776822148
 55008 16384 21600.962 21604.061 22162.199 81.33227862451736 83.43348706523278 83.44545691992792 81.33227862451736 83.43348706523278 83.44545691992792
 60480 16384 23656.845 23672.819 24533.987 80.77809122504222 83.71663045284129 83.7731591004633 80.77809122504222 83.71663045284129 83.7731591004633
 66528 8192 13062.954 13066.053 13426.065 81.18497504667226 83.42188356346021 83.4416742185573 81.18497504667226 83.42188356346021 83.4416742185573
 73152 8192 14336.109 14667.034 14769.077 81.15079689814063 81.71538758279281 83.60165007115947 81.15079689814063 81.71538758279281 83.60165007115947
 80448 8192 15769.005 15792.847 16242.981 81.14643685170844 83.45930483591718 83.58549141179168 81.14643685170844 83.45930483591718 83.58549141179168
 88480 8192 17381.907 17683.983 17833.948 81.28633771949993 81.97566803813372 83.40030354552007 81.28633771949993 81.97566803813372 83.40030354552007
 97312 8192 19069.91 19076.109 19632.101 81.21187885086778 83.57887910999041 83.6060478523496 81.21187885086778 83.57887910999041 83.6060478523496
 107040 8192 20977.02 20989.895 21569.967 81.30486986836837 83.55179289843994 83.60307422121923 81.30486986836837 83.55179289843994 83.60307422121923
 117728 8192 23086.071 23088.932 23715.019 81.33476730505676 83.54026734541034 83.55062028527938 81.33476730505676 83.54026734541034 83.55062028527938
 129472 8192 25376.081 25378.942 26084.185 81.32396116650759 83.5838329273143 83.59325650008762 81.32396116650759 83.5838329273143 83.59325650008762
 142400 4096 14018.059 14034.986 14477.015 80.57882097932482 83.11663438780772 83.21699887266846 80.57882097932482 83.11663438780772 83.21699887266846
 156640 4096 15424.013 15437.126 16008.139 80.15890416743633 83.12394936725916 83.19461867673478 80.15890416743633 83.12394936725916 83.19461867673478
 172288 4096 16961.098 16981.125 17592.907 80.22456413826322 83.11482872895641 83.21296746236592 80.22456413826322 83.11482872895641 83.21296746236592
 189504 4096 18658.876 18662.93 19371.986 80.13720265955179 83.18183522094333 83.19990807592055 80.13720265955179 83.18183522094333 83.19990807592055
 208448 4096 20519.018 20524.979 21304.131 80.15375121379041 83.1964805420751 83.22065003305714 80.15375121379041 83.1964805420751 83.22065003305714
 229280 4096 22556.067 22559.881 23433.924 80.15139760630785 83.25672285239447 83.27080071184396 80.15139760630785 83.25672285239447 83.27080071184396
 252192 4096 24796.009 24824.142 25738.001 80.26873819765568 83.22369667398776 83.31812042817052 80.26873819765568 83.22369667398776 83.31812042817052
 277408 2048 13640.881 13657.093 14158.964 80.25044544219477 83.19948967177714 83.29837112426976 80.25044544219477 83.19948967177714 83.29837112426976
 305120 2048 15002.012 15012.98 15568.972 80.2732203513501 83.24606573778156 83.30692709751197 80.2732203513501 83.24606573778156 83.30692709751197
 335616 2048 16505.957 16543.15 17119.884 80.29745622108189 83.09681868326165 83.28406138462618 80.29745622108189 83.09681868326165 83.28406138462618
 369152 2048 18168.926 18409.014 18768.072 80.56483329774096 82.13620740361218 83.22157248039868 80.56483329774096 82.13620740361218 83.22157248039868
 406048 2048 19963.026 19984.007 20694.971 80.36602747595055 83.22518141631956 83.31265049697375 80.36602747595055 83.22518141631956 83.31265049697375
 446624 2048 21940.947 21954.06 22778.988 80.3096214809894 83.32727085559573 83.37707137253466 80.3096214809894 83.32727085559573 83.37707137253466
 491264 2048 24138.212 24146.795 25021.791 80.41859769350643 83.33268841682717 83.36231962831383 80.41859769350643 83.33268841682717 83.36231962831383
 540384 1024 13273.954 13285.875 13763.189 80.41061065135412 83.29947647407491 83.37428561225992 80.41061065135412 83.29947647407491 83.37428561225992
 594400 1024 14595.032 14616.966 15146.017 80.37302480249429 83.28207098518256 83.40723062477699 80.37302480249429 83.28207098518256 83.40723062477699
 653824 1024 16048.908 16067.028 16660.929 80.36956114511982 83.34033848699336 83.43443379449866 80.36956114511982 83.34033848699336 83.43443379449866
 719200 1024 17663.002 17666.101 18315.077 80.42126167419333 83.37559034673242 83.39021871819978 80.42126167419333 83.37559034673242 83.39021871819978
 791104 1024 19409.18 19428.015 20149.946 80.4062200464458 83.39405708714968 83.47498410545937 80.4062200464458 83.39405708714968 83.47498410545937
 870208 1024 21347.046 21359.921 22147.894 80.4675146088382 83.43598199637538 83.4863045687914 80.4675146088382 83.43598199637538 83.4863045687914
 957216 1024 23512.84 23515.94 24374.008 80.42905245620662 83.36381058975317 83.3748015127054 80.42905245620662 83.36381058975317 83.3748015127054
 1052928 512 12940.168 12948.99 13570.07 79.45414224097591 83.26504785315302 83.3218140599102 79.45414224097591 83.26504785315302 83.3218140599102
 1158208 512 14215.946 14225.96 14742.136 80.45001022918252 83.36906556745555 83.4277924240849 80.45001022918252 83.36906556745555 83.4277924240849
 1274016 512 15628.815 15643.12 16226.053 80.4010922434433 83.39719851282864 83.47353167850537 80.4010922434433 83.39719851282864 83.47353167850537
 1401408 512 17203.093 17331.839 17838.001 80.44857672112475 82.79801075927372 83.41766169606827 80.44857672112475 82.79801075927372 83.41766169606827
 1541536 512 18913.984 19035.101 19618.988 80.45944388161102 82.92747508931001 83.45850689098604 80.45944388161102 82.92747508931001 83.45850689098604
 1695680 512 20818.949 20962.0 21591.902 80.41794187468987 82.8344776261807 83.4036492428124 80.41794187468987 82.8344776261807 83.4036492428124
 1865248 512 23024.797 23036.003 23758.173 80.39397440198789 82.91429515788828 82.95464893783863 80.39397440198789 82.91429515788828 82.95464893783863
 2051744 512 25307.894 25550.127 26216.03 80.14126685085424 82.22995744796103 83.01701658778876 80.14126685085424 82.22995744796103 83.01701658778876
 2256896 256 13940.096 14119.864 14452.934 79.9512923811871 81.83724375815518 82.89259643549083 79.9512923811871 81.83724375815518 82.89259643549083
 2482560 256 15335.083 15338.898 15893.936 79.972054750944 82.86584342630091 82.88645845607748 79.972054750944 82.86584342630091 82.88645845607748
 2730816 256 16855.955 16874.075 17481.089 79.9823049925551 82.85952219603148 82.94859543704287 79.9823049925551 82.85952219603148 82.94859543704287
 3003872 256 18552.065 18557.072 19204.855 80.08300317810262 82.87850928206777 82.90087728778441 80.08300317810262 82.87850928206777 82.90087728778441
 3304256 256 20400.047 20409.107 21132.946 80.05410471403277 82.89334129121868 82.9301556020925 80.05410471403277 82.89334129121868 82.9301556020925
 3634656 256 22425.89 22455.931 23239.136 80.07801460432954 82.8709293771877 82.9819406052558 80.07801460432954 82.8709293771877 82.9819406052558
 3998112 256 24662.971 24687.052 25568.962 80.05930565347157 82.91931106233339 83.00027373020062 80.05930565347157 82.91931106233339 83.00027373020062
 4397920 128 13577.938 13581.991 14059.067 80.08124009936078 82.89414416487243 82.91888797842499 80.08124009936078 82.89414416487243 82.91888797842499
 4837696 128 14902.115 14930.964 15459.061 80.11160419122481 82.9450915560442 83.10566493413853 80.11160419122481 82.9450915560442 83.10566493413853
 5321440 128 16423.941 16430.14 17016.888 80.05509820597047 82.91400073279961 82.9452955292521 80.05509820597047 82.91400073279961 82.9452955292521
 5853568 128 18055.201 18083.096 18692.97 80.16454356905297 82.86818850046474 82.9962185411284 80.16454356905297 82.86818850046474 82.9962185411284
 6438912 128 19845.009 19865.99 20649.195 79.82691199342153 82.97404116281142 83.06176490018221 79.82691199342153 82.97404116281142 83.06176490018221
 7082784 128 21855.116 21861.076 22653.103 80.04169247806801 82.94160378931028 82.96422238161536 80.04169247806801 82.94160378931028 82.96422238161536
 7791040 128 24034.023 24045.944 24962.902 79.8988130466562 82.94564106112864 82.98678252908387 79.8988130466562 82.94564106112864 82.98678252908387
 8570144 64 13208.151 13216.019 13712.168 80.00036405621634 83.00369665025451 83.05314135188188 80.00036405621634 83.00369665025451 83.05314135188188
 9427136 64 14528.036 14539.003 15058.041 80.13482019341028 82.99560898364213 83.05826114417668 80.13482019341028 82.99560898364213 83.05826114417668
 10369824 64 15990.019 15995.979 16629.219 79.81959176795975 82.97944577196556 83.01037490949822 79.81959176795975 82.97944577196556 83.01037490949822
 11406784 64 17592.907 17602.921 18217.802 80.1451433054328 82.94466310449273 82.99187575992985 80.1451433054328 82.94466310449273 82.99187575992985
 12547456 64 19356.012 19359.827 20108.938 79.86868167776936 82.95912809551449 82.97547903979395 79.86868167776936 82.95912809551449 82.97547903979395
 13802176 64 21296.024 21322.966 22103.071 79.92909799728734 82.85332012441421 82.95813941607128 79.92909799728734 82.85332012441421 82.95813941607128
 15182368 64 23425.817 23431.063 24363.995 79.76290850494757 82.93875117829695 82.95732456204196 79.76290850494757 82.93875117829695 82.95732456204196
 16700576 64 25758.982 25768.042 26790.142 79.79329590712884 82.9583298568048 82.98750812435057 79.79329590712884 82.9583298568048 82.98750812435057
 18370624 32 14175.177 14176.13 14801.979 79.42991514850817 82.93659383766938 82.94216968154966 79.42991514850817 82.93659383766938 82.94216968154966
 20207680 32 15583.038 15583.992 16170.025 79.98079904019937 82.98846149305004 82.9935420808189 79.98079904019937 82.98846149305004 82.9935420808189
 22228448 32 17129.898 17141.819 17776.012 80.03036181568736 82.99123167733833 83.04898674819897 80.03036181568736 82.99123167733833 83.04898674819897
 24451264 32 18857.002 18861.055 19641.876 79.67064327256725 82.96889521821552 82.98672800692283 79.67064327256725 82.96889521821552 82.98672800692283
 26896384 32 20738.125 20745.039 21432.877 80.31439624274427 82.97736032214738 83.00502461046985 80.31439624274427 82.97736032214738 83.00502461046985
 29586016 32 22809.982 22822.142 23690.939 79.92528383953038 82.96789249668151 83.01212267506392 79.92528383953038 82.96789249668151 83.01212267506392
 32544608 32 25279.999 25301.933 26248.932 79.35008220524935 82.31999159906083 82.39141591738196 79.35008220524935 82.31999159906083 82.39141591738196
 35799040 16 13831.854 13839.96 14365.911 79.74219525653471 82.77258604793656 82.82109397626667 79.74219525653471 82.77258604793656 82.82109397626667
 39378944 16 15218.019 15249.014 15759.945 79.95752574009617 82.63656968247258 82.80487808564307 79.95752574009617 82.63656968247258 82.80487808564307
 43316832 16 16759.872 16776.8 17375.946 79.77341918534968 82.62234895808498 82.70580013976242 79.77341918534968 82.62234895808498 82.70580013976242
 47648512 16 18431.902 18438.101 19085.884 79.88901032826146 82.6957387856808 82.72355093901868 79.88901032826146 82.6957387856808 82.72355093901868
 52413344 16 20271.063 20279.169 20994.902 79.88734636627501 82.7068904056177 82.7399632668499 79.88734636627501 82.7068904056177 82.7399632668499
 57654656 16 22317.886 22330.046 23147.106 79.70538485459046 82.62181779652403 82.66683466346231 79.70538485459046 82.62181779652403 82.66683466346231
 63420096 16 24748.087 24753.094 25720.119 78.90488655981723 81.9874506193044 82.00403821111506 78.90488655981723 81.9874506193044 82.00403821111506
 69762080 8 13643.98 13840.914 14168.024 78.78256558571613 80.64447766961055 81.80848110302126 78.78256558571613 80.64447766961055 81.80848110302126
 76738272 8 15144.825 15174.15 15573.025 78.84225139303379 80.91473670683366 81.07141231410729 78.84225139303379 80.91473670683366 81.07141231410729
 84412096 8 16566.992 16590.118 17369.986 77.75444010144857 81.40951957062634 81.52315978664082 77.75444010144857 81.40951957062634 81.52315978664082
 92853280 8 18064.976 18193.007 18631.935 79.73688615809361 81.6606336709484 82.23938299170726 79.73688615809361 81.6606336709484 82.23938299170726
 102138592 8 19766.808 19876.957 20596.981 79.34257316642667 82.21668296610997 82.67482903663556 79.34257316642667 82.21668296610997 82.67482903663556
 112352448 8 21670.103 21699.905 22471.905 79.99496117485366 82.84087732181317 82.95480496793208 79.99496117485366 82.84087732181317 82.95480496793208
 123587680 8 24075.031 24105.072 24930.0 79.31820617729643 82.03264773488334 82.13500867350908 79.31820617729643 82.03264773488334 82.13500867350908
 135946432 4 13360.023 13360.977 13962.984 77.88961557214418 81.39909648822837 81.40490895861483 77.88961557214418 81.39909648822837 81.40490895861483
 149541056 4 14837.98 14925.957 15363.216 77.86966270603759 80.15087059409323 80.6260992399235 77.86966270603759 80.15087059409323 80.6260992399235
 164495136 4 16736.984 16772.032 17652.035 74.55010643248781 78.46163708726527 78.62593929706809 74.55010643248781 78.46163708726527 78.62593929706809
 180944640 4 18014.908 18049.955 18691.063 77.44648445088437 80.19727029790377 80.35328961990813 77.44648445088437 80.19727029790377 80.35328961990813
 199039104 4 19821.167 19873.142 20565.033 77.42816809484331 80.12385922668896 80.33395975120939 77.42816809484331 80.12385922668896 80.33395975120939
 218943008 4 21821.022 21847.01 22639.99 77.36505466654357 80.17317079087711 80.26865396130391 77.36505466654357 80.17317079087711 80.26865396130391
 240837280 4 24029.016 24031.878 24867.058 77.47994314405828 80.17260407197473 80.18215311022307 77.47994314405828 80.17260407197473 80.18215311022307
 264920992 4 26432.037 26435.137 27474.88 77.13838735601394 80.17238329424963 80.18178606514512 77.13838735601394 80.17238329424963 80.18178606514512
 291413088 2 14551.878 14569.998 15105.009 77.16992105069251 80.00360411854552 80.10322461471982 77.16992105069251 80.00360411854552 80.10322461471982
 320554368 2 16024.828 16032.934 16647.1 77.02347387833316 79.97397556804013 80.01442960885447 77.02347387833316 79.97397556804013 80.01442960885447
 352609792 2 17621.994 17632.961 18296.957 77.0859967589146 79.98878736248551 80.03856816657638 77.0859967589146 79.98878736248551 80.03856816657638
 387870752 2 19374.132 19417.048 20130.873 77.06983239127284 79.90313501825818 80.08012993820832 77.06983239127284 79.90313501825818 80.08012993820832
 426657824 2 21326.065 21353.96 22123.098 77.14250942612107 79.92106831707095 80.0256069743762 77.14250942612107 79.92106831707095 80.0256069743762
 469323584 2 23477.077 23795.128 24339.914 77.12822387129224 78.89406335616265 79.96286488305167 77.12822387129224 78.89406335616265 79.96286488305167
 516255936 2 25825.977 25831.938 26800.871 77.05062063094888 79.94072082396605 79.95917227061729 77.05062063094888 79.94072082396605 79.95917227061729
 567881504 1 14187.098 14199.018 14743.09 77.03697176100805 79.98884204527384 80.05604867182845 77.03697176100805 79.98884204527384 80.05604867182845
 624669632 1 15607.119 15609.98 16214.848 77.04908883512198 80.0346486030091 80.0493200570842 77.04908883512198 80.0346486030091 80.0493200570842
 687136576 1 17163.038 17163.992 17841.101 77.02849459795111 80.06722165799192 80.07167215967242 77.02849459795111 80.06722165799192 80.07167215967242
 755850208 1 18893.003 18896.103 19626.141 77.02484232636462 80.0006443656663 80.01377102411935 77.02484232636462 80.0006443656663 80.01377102411935
 831435200 1 20772.219 20777.941 21593.094 77.00936234520167 80.03056703260445 80.05261257836729 77.00936234520167 80.03056703260445 80.05261257836729
 914578720 1 22859.097 22861.004 23741.007 77.04632916371239 80.0121219522992 80.01879689298312 77.04632916371239 80.0121219522992 80.01879689298312
 1006036576 1 25162.935 25173.903 26116.133 77.0433031567116 79.92694466169986 79.96178315446906 77.0433031567116 79.92694466169986 79.96178315446906
 
META_DATA
 FLOPS          16
 MPI_PROCS      2
 OPENMP_THREADS 2
 ERT_VERSION  1.1.0
 HOSTNAME  ('c3cpu-c11-u13-2.rc.int.colorado.edu', [], ['10.225.64.253'])
 UNAME  uname_result(system='Linux', node='c3cpu-c11-u13-2.rc.int.colorado.edu', release='4.18.0-305.34.2.el8_4.x86_64', version='#1 SMP Mon Jan 17 09:42:23 EST 2022', machine='x86_64', processor='x86_64')
 TIMESTAMP_DATA  1728534327.648531
 CONFIG  {'nux': ['workstation,', 'MPI', 'and', 'OpenMP', '(8-core', 'Intel', 'Xeon', 'CPU', 'E5530,', '2.40', 'GHz)'], 'ERT_RESULTS': ['Results.alpine'], 'ERT_DRIVER': ['driver1'], 'ERT_KERNEL': ['kernel1'], 'ERT_MPI': ['True'], 'ERT_MPI_CFLAGS': ['-I/usr/include/mpi'], 'ERT_MPI_LDFLAGS': ['-lmpi'], 'ERT_OPENMP': ['True'], 'ERT_OPENMP_CFLAGS': ['-qopenmp'], 'ERT_OPENMP_LDFLAGS': ['-qopenmp'], 'ERT_FLOPS': ['1,2,4,8,16'], 'ERT_ALIGN': ['32'], 'ERT_CC': ['icpc'], 'ERT_CFLAGS': ['-O3', '-fno-alias', '-fno-fnalias', '-DERT_INTEL'], 'ERT_LD': ['icpc'], 'ERT_LDFLAGS': [], 'ERT_LDLIBS': [], 'ERT_PRECISION': ['FP64'], 'ERT_RUN': ['export', 'OMP_NUM_THREADS=ERT_OPENMP_THREADS;', 'mpirun', '-np', 'ERT_MPI_PROCS', 'ERT_CODE'], 'ERT_PROCS_THREADS': ['1-8'], 'ERT_MPI_PROCS': ['1,2,4,8'], 'ERT_OPENMP_THREADS': ['1,2,4,8'], 'ERT_NUM_EXPERIMENTS': ['3'], 'ERT_MEMORY_MAX': ['1073741824'], 'ERT_WORKING_SET_MIN': ['1'], 'ERT_TRIALS_MIN': ['1'], 'ERT_GNUPLOT': ['gnuplot'], 'ERT_GPU': [False], 'ERT_HIP': [False], 'ERT_OCL': [False], 'ERT_SYCL': [False], 'ERT_WSS_MULT': [1.1]}
 TIMESTAMP_DATA  1728534340.5029032
 TIMESTAMP_DATA  1728534355.7099051
 