fp64
 64 16777216 293740.034 293855.906 314505.1 6.828136166949281 7.307947889262434 7.310830664641376 6.828136166949281 7.307947889262434 7.310830664641376
 128 8388608 149598.837 149637.938 154977.083 13.856781960465728 14.351197809207983 14.354948815544601 13.856781960465728 14.351197809207983 14.354948815544601
 192 4194304 74835.062 74846.983 74846.983 21.5187395863371 21.5187395863371 21.52216745674641 21.5187395863371 21.5187395863371 21.52216745674641
 256 4194304 75082.779 75108.051 75177.908 28.565355237073106 28.59192349432686 28.60154720698338 28.565355237073106 28.59192349432686 28.60154720698338
 320 2097152 37542.105 37567.139 37569.046 35.72561517798456 35.72742869772436 35.75125262688386 35.72561517798456 35.72742869772436 35.75125262688386
 384 2097152 37882.09 37886.143 37889.957 42.507642222977445 42.51192146954627 42.51646981462745 42.507642222977445 42.51192146954627 42.51646981462745
 448 2097152 37918.806 37919.998 37920.952 49.55171462994916 49.55296126334184 49.55451898986482 49.55171462994916 49.55296126334184 49.55451898986482
 512 2097152 38157.94 38158.894 38162.947 56.27143123931179 56.277408040180624 56.27881505133663 56.27143123931179 56.277408040180624 56.27881505133663
 576 1048576 19134.998 19142.866 19146.919 63.0889780230438 63.10233546011344 63.128282114270405 63.0889780230438 63.10233546011344 63.128282114270405
 640 1048576 19248.009 19248.009 19251.108 69.71948212019797 69.73070721236675 69.73070721236675 69.71948212019797 69.73070721236675 69.73070721236675
 704 1048576 19379.854 19391.06 19392.967 76.130434708624 76.1379217020627 76.18194688153997 76.130434708624 76.1379217020627 76.18194688153997
 768 1048576 19438.982 19443.035 19451.857 82.79994737777479 82.8375166737086 82.85478817769366 82.79994737777479 82.8375166737086 82.85478817769366
 832 1048576 19737.005 19737.959 19742.012 88.3815927170949 88.39974102692179 88.40401388153876 88.3815927170949 88.39974102692179 88.40401388153876
 896 1048576 19845.963 19847.87 19850.969 94.65775660623922 94.67253624696252 94.68163333772213 94.65775660623922 94.67253624696252 94.68163333772213
 960 1048576 21357.059 21360.874 21394.968 94.09997341430937 94.25016598103616 94.26700183765938 94.09997341430937 94.25016598103616 94.26700183765938
 1024 1048576 19819.021 19821.882 19825.935 108.31689138494602 108.3390390478563 108.35467846772049 108.31689138494602 108.3390390478563 108.35467846772049
 1088 524288 10368.109 10370.016 10370.016 110.01436140503544 110.01436140503544 110.03459627980376 110.01436140503544 110.01436140503544 110.03459627980376
 1152 524288 10887.861 10892.868 10893.106 110.89211396639305 110.89453686577309 110.9455339299427 110.89211396639305 110.89453686577309 110.9455339299427
 1216 524288 12433.052 12439.013 12440.92 102.4898814557123 102.50559397276939 102.5547400589976 102.4898814557123 102.50559397276939 102.5547400589976
 1280 524288 12422.085 12424.946 12427.092 108.00413161824181 108.02278577307298 108.0476651061396 108.00413161824181 108.02278577307298 108.0476651061396
 1408 524288 13221.979 13223.886 13226.986 111.61991159588433 111.64607801367917 111.66218067658403 111.61991159588433 111.64607801367917 111.66218067658403
 1536 524288 13994.217 13995.171 14007.807 114.97964927700674 115.08346243143438 115.09130778806703 114.97964927700674 115.08346243143438 115.09130778806703
 1664 524288 14744.997 14748.096 14748.812 118.30311919360014 118.30886264911757 118.33372797566525 118.30311919360014 118.30886264911757 118.33372797566525
 1792 524288 16288.996 16294.003 16298.056 115.29278043958125 115.32145857589444 115.35690671174576 115.29278043958125 115.32145857589444 115.35690671174576
 1920 524288 17978.907 17981.052 17983.913 111.94815722251325 111.96596951057144 111.97932777559836 111.94815722251325 111.96596951057144 111.97932777559836
 2112 262144 8982.897 8985.996 8988.142 123.19523389817384 123.22465489635205 123.2671660378606 123.19523389817384 123.22465489635205 123.2671660378606
 2304 262144 10134.935 10138.988 10139.942 119.12884235432512 119.14005145286689 119.18769602370415 119.12884235432512 119.14005145286689 119.18769602370415
 2496 262144 11847.973 11849.165 11850.119 110.43119887656823 110.44008991350867 110.45120106198756 110.43119887656823 110.44008991350867 110.45120106198756
 2688 262144 12326.002 12326.956 12328.863 114.3078760790837 114.3255596921089 114.33440818847829 114.3078760790837 114.3255596921089 114.33440818847829
 2944 262144 13157.129 13160.944 13170.958 117.189947154945 117.27911554064816 117.31312142641454 117.189947154945 117.27911554064816 117.31312142641454
 3200 262144 13326.883 13329.029 13329.029 125.86975390330382 125.86975390330382 125.89002244560862 125.86975390330382 125.86975390330382 125.89002244560862
 3520 262144 15746.832 15747.07 15748.024 117.18890954192095 117.19600916233942 117.19778048054366 117.18890954192095 117.19600916233942 117.19778048054366
 3840 262144 16458.035 16466.856 16478.062 122.17856201779067 122.26170678847255 122.32723529874617 122.17856201779067 122.26170678847255 122.32723529874617
 4224 131072 8746.862 8748.055 8749.008 126.5624921133916 126.57627964158888 126.59354360455212 126.5624921133916 126.57627964158888 126.59354360455212
 4608 131072 9869.099 9873.867 9873.867 122.3390543947979 122.3390543947979 122.39815934565048 122.3390543947979 122.3390543947979 122.39815934565048
 5056 131072 10974.884 10977.983 10977.983 120.73256662904288 120.73256662904288 120.76665812595377 120.73256662904288 120.73256662904288 120.76665812595377
 5504 131072 11543.036 11543.989 11544.943 124.97598091216217 124.98630897863816 124.99662792353763 124.97598091216217 124.98630897863816 124.99662792353763
 6016 131072 12689.829 12690.067 12695.074 124.22600325133983 124.27501793331746 124.27734873338325 124.22600325133983 124.27501793331746 124.27734873338325
 6592 131072 14096.975 14096.975 14102.936 122.53145359235835 122.58326683561543 122.58326683561543 122.53145359235835 122.58326683561543 122.58326683561543
 7232 131072 14780.998 14787.912 14794.111 128.14730185544775 128.20102040098698 128.26098806048145 128.14730185544775 128.20102040098698 128.26098806048145
 7936 131072 16541.004 16541.958 16550.064 125.7019177690189 125.76351505668192 125.77076844912195 125.7019177690189 125.76351505668192 125.77076844912195
 8704 65536 9055.138 9056.807 9060.86 125.90975779341034 125.96610350645652 125.98932097997843 125.90975779341034 125.96610350645652 125.98932097997843
 9536 65536 9926.081 9927.034 9927.988 125.89686772385302 125.9089665654414 125.92105504680045 125.89686772385302 125.9089665654414 125.92105504680045
 10432 65536 10755.062 10758.877 10761.023 127.06441608757828 127.08976076220594 127.13484162155457 127.06441608757828 127.08976076220594 127.13484162155457
 11456 65536 11821.032 11821.032 11822.939 127.00402429548186 127.02451291900742 127.02451291900742 127.00402429548186 127.02451291900742 127.02451291900742
 12544 65536 12863.874 12865.067 12872.934 127.72279947990103 127.80090208624644 127.81275438487661 127.72279947990103 127.80090208624644 127.81275438487661
 13760 65536 14324.903 14326.096 14328.957 125.86755058306059 125.89268702373627 125.90317156074286 125.86755058306059 125.89268702373627 125.90317156074286
 15104 65536 15501.976 15507.936 15514.851 127.60106352294326 127.65796093045522 127.70704121848723 127.60106352294326 127.65796093045522 127.70704121848723
 16576 32768 8498.907 8503.199 8512.02 127.62243697735671 127.75482921192362 127.81934618180901 127.62243697735671 127.75482921192362 127.81934618180901
 18176 32768 9263.992 9266.138 9299.04 128.09734510229012 128.55219035157904 128.58196941448136 128.09734510229012 128.55219035157904 128.58196941448136
 19968 32768 10227.919 10232.21 10242.939 127.7585318042019 127.89249321505326 127.94614896735102 127.7585318042019 127.89249321505326 127.94614896735102
 21952 32768 11258.125 11258.841 11262.894 127.73326926454247 127.77925116803763 127.78737773830011 127.73326926454247 127.77925116803763 127.78737773830011
 24128 32768 12358.904 12360.096 12363.911 127.89259062120392 127.93206525256763 127.9444041316285 127.89259062120392 127.93206525256763 127.9444041316285
 26496 32768 13495.922 13502.121 13535.023 128.29249392483487 128.6051173737815 128.6641887823596 128.29249392483487 128.6051173737815 128.6641887823596
 29120 32768 14870.882 14877.796 14879.942 128.25374722562765 128.27224677633703 128.3318850892637 128.25374722562765 128.27224677633703 128.3318850892637
 32000 32768 16211.987 16216.04 16232.967 129.19092363090493 129.32577867346157 129.35811014405573 129.19092363090493 129.32577867346157 129.35811014405573
 35200 16384 8939.981 8941.174 8943.081 128.97496958822134 129.00247775068462 129.01969254744503 128.97496958822134 129.00247775068462 129.01969254744503
 38720 16384 9844.065 9845.018 9849.787 128.81262914619373 128.8750269425612 128.88750328243464 128.81262914619373 128.8750269425612 128.88750328243464
 42560 16384 10811.09 10816.097 10816.813 128.9294804301415 128.93801525633506 128.99773103359604 128.9294804301415 128.93801525633506 128.99773103359604
 46784 16384 11881.828 11888.981 11893.034 128.9005069690375 128.94444965468443 129.02207572774157 128.9005069690375 128.94444965468443 129.02207572774157
 51456 16384 13028.86 13030.052 13033.867 129.36377270076488 129.40164843547825 129.41348728898768 129.36377270076488 129.40164843547825 129.41348728898768
 56576 16384 14301.062 14302.969 14322.042 129.44260099223283 129.61521261774394 129.632496383835 129.44260099223283 129.61521261774394 129.632496383835
 62208 16384 15745.878 15753.984 15755.892 129.37583882905517 129.39150782430656 129.45811875336514 129.37583882905517 129.39150782430656 129.45811875336514
 68416 8192 8658.886 8659.84 8661.985 129.40772167118737 129.43977533072206 129.45403646612277 129.40772167118737 129.43977533072206 129.45403646612277
 75200 8192 9514.093 9516.001 9521.961 129.39317856899436 129.47421926500428 129.50018462085663 129.39317856899436 129.47421926500428 129.50018462085663
 82688 8192 10454.893 10457.993 10459.9 129.51942102696967 129.54303870733133 129.58144975754416 129.51942102696967 129.54303870733133 129.58144975754416
 90944 8192 11507.988 11508.942 11509.895 129.45613283179387 129.46685247001855 129.4775851347777 129.45613283179387 129.46685247001855 129.4775851347777
 100032 8192 12643.099 12645.006 12648.106 129.5786331961481 129.6104001848635 129.6299497457071 129.5786331961481 129.6104001848635 129.6299497457071
 110016 8192 13923.168 13924.122 13930.082 129.3963771354684 129.4517632063264 129.4606330972951 129.3963771354684 129.4517632063264 129.4606330972951
 120960 8192 15252.113 15259.981 15260.935 129.8615478016255 129.86966628595408 129.93666123506952 129.8615478016255 129.86966628595408 129.93666123506952
 133056 4096 8418.083 8419.037 8419.991 129.4531968027044 129.4678657428397 129.48253800776257 129.4531968027044 129.4678657428397 129.48253800776257
 146304 4096 9250.879 9252.071 9252.071 129.54098255406814 129.54098255406814 129.5576742491173 129.54098255406814 129.54098255406814 129.5576742491173
 160896 4096 10163.069 10166.883 10168.076 129.627279733157 129.64249042700698 129.69114270502345 129.627279733157 129.64249042700698 129.69114270502345
 176960 4096 11189.938 11190.891 11196.136 129.4782700031511 129.53895449432937 129.5499867827686 129.4782700031511 129.53895449432937 129.5499867827686
 194624 4096 12294.054 12294.054 12294.054 129.68544045763912 129.68544045763912 129.68544045763912 129.68544045763912 129.68544045763912 129.68544045763912
 214080 4096 13516.903 13520.956 13525.009 129.6667055822292 129.70557407331256 129.74446587358065 129.6667055822292 129.70557407331256 129.74446587358065
 235456 4096 14878.988 14880.896 14890.909 129.53242491778036 129.6195841970806 129.63620590325095 129.53242491778036 129.6195841970806 129.63620590325095
 258944 4096 16345.024 16348.839 16349.792 129.7428889615232 129.7504518822407 129.78073620448646 129.7428889615232 129.7504518822407 129.78073620448646
 284800 2048 9027.958 9028.912 9034.157 129.1255841579906 129.20059471174378 129.2142475629594 129.1255841579906 129.20059471174378 129.2142475629594
 313280 2048 9947.062 9949.207 9949.207 128.9745886280183 128.9745886280183 129.00240090993702 128.9745886280183 128.9745886280183 129.00240090993702
 344576 2048 10933.876 10937.929 10949.85 128.895217377407 129.03569734270536 129.08352865900434 128.895217377407 129.03569734270536 129.08352865900434
 379008 2048 12022.018 12025.833 12032.032 129.02365685197645 129.09016514697984 129.13112989849125 129.02365685197645 129.09016514697984 129.13112989849125
 416896 2048 13223.886 13225.079 13227.94 129.09084982242132 129.1187762281042 129.13042474806574 129.09084982242132 129.1187762281042 129.13042474806574
 458560 2048 14533.997 14543.056 14544.964 129.13485107285243 129.15179313068725 129.23229308496485 129.13485107285243 129.15179313068725 129.23229308496485
 504384 2048 15985.966 15988.827 15995.026 129.1624573789377 129.21253472815735 129.23565982812673 129.1624573789377 129.21253472815735 129.23565982812673
 554816 1024 8795.023 8796.93 8800.03 129.1203743623601 129.1658758225881 129.1938824946791 129.1203743623601 129.1658758225881 129.1938824946791
 610240 1024 9666.92 9666.92 9672.88 129.2036621978149 129.28332085090182 129.28332085090182 129.2036621978149 129.28332085090182 129.28332085090182
 671232 1024 10632.038 10637.999 10690.928 128.58407951115188 129.223845198707 129.29629634506574 128.58407951115188 129.223845198707 129.29629634506574
 738304 1024 11692.047 11693.001 11831.045 127.80329987756787 129.31210661830954 129.322657700572 127.80329987756787 129.31210661830954 129.322657700572
 812096 1024 12856.96 12861.013 13059.139 127.35698793006186 129.31894307236917 129.3597092936433 127.35698793006186 129.31894307236917 129.3597092936433
 893248 1024 14135.838 14138.937 14328.957 127.66957874184423 129.385391843814 129.41375700542127 127.66957874184423 129.385391843814 129.41375700542127
 982528 1024 15542.03 15542.984 15744.209 127.80682370260709 129.4614563072316 129.469402902967 127.80682370260709 129.4614563072316 129.469402902967
 1080768 512 8556.128 8558.989 8651.018 127.92788455647647 129.3034062784752 129.34664278047265 127.92788455647647 129.3034062784752 129.34664278047265
 1188800 512 9405.136 9407.043 9504.795 128.0754819015034 129.40636074481642 129.43259937974315 128.0754819015034 129.40636074481642 129.43259937974315
 1307648 512 10345.936 10349.035 10447.025 128.17348020130132 129.3870928062375 129.42584914501694 128.17348020130132 129.3870928062375 129.42584914501694
 1438400 512 11373.997 11394.978 11456.013 128.5719211387068 129.26059181509612 129.49903187067838 128.5719211387068 129.26059181509612 129.49903187067838
 1582208 512 12519.121 12521.982 12613.058 128.4526711920297 129.38694465460821 129.41651350761768 128.4526711920297 129.38694465460821 129.41651350761768
 1740416 512 13759.136 13763.905 13854.027 128.64028516762673 129.48258390333268 129.52746335235003 128.64028516762673 129.48258390333268 129.52746335235003
 1914432 512 15151.978 15156.031 15233.04 128.69252414488506 129.34642110457546 129.38101995660236 128.69252414488506 129.34642110457546 129.38101995660236
 2105856 256 8331.06 8371.83 8409.023 128.21920834322847 128.78883971604776 129.4190981699808 128.21920834322847 128.78883971604776 129.4190981699808
 2316416 256 9159.803 9180.069 9202.003 128.88552546657505 129.1934725109365 129.47931216424632 128.88552546657505 129.1934725109365 129.47931216424632
 2548032 256 10116.1 10120.153 10138.035 128.6829631185925 128.91034196815008 128.96198969958778 128.6829631185925 128.91034196815008 128.96198969958778
 2802816 256 11137.009 11149.883 11152.983 128.66887647905497 128.70465026404315 128.8534284205032 128.66887647905497 128.70465026404315 128.8534284205032
 3083072 256 12254.953 12262.106 12269.02 128.66006119478166 128.73260629128472 128.80774524390262 128.66006119478166 128.73260629128472 128.80774524390262
 3391360 256 13473.988 13477.087 13484.001 128.7730785543549 128.8391415741399 128.86877441185194 128.7730785543549 128.8391415741399 128.86877441185194
 3730496 256 14826.059 14829.159 14837.98 128.72466144313444 128.80123222092365 128.82816343844308 128.72466144313444 128.80123222092365 128.82816343844308
 4103488 256 16304.016 16313.791 16328.096 128.67304650830079 128.7858754596035 128.8630884562429 128.67304650830079 128.7858754596035 128.8630884562429
 4513792 128 8962.154 8981.943 8983.135 128.63335038380254 128.6504214065932 128.93448963273784 128.63335038380254 128.6504214065932 128.93448963273784
 4965120 128 9854.078 9859.085 9878.874 128.66554629606574 128.92380175239387 128.98930980655928 128.66554629606574 128.92380175239387 128.98930980655928
 5461632 128 10848.045 10859.013 10859.966 128.74605611104124 128.75735501928213 128.8875361413047 128.74605611104124 128.75735501928213 128.8875361413047
 6007744 128 11940.002 11953.115 11955.023 128.64738645839495 128.66792162545076 128.80923001520435 128.64738645839495 128.66792162545076 128.80923001520435
 6608512 128 13126.85 13132.095 13143.063 128.72030454392558 128.8278124701352 128.87928726236683 128.72030454392558 128.8278124701352 128.87928726236683
 7269312 128 14436.007 14440.06 14451.981 128.76738988239745 128.87369387661823 128.90987597886314 128.76738988239745 128.87369387661823 128.90987597886314
 7996224 128 15875.101 15896.082 15910.864 128.6563284055473 128.77596781395567 128.94616191733206 128.6563284055473 128.77596781395567 128.94616191733206
 8795840 64 8736.134 8738.995 8741.14 128.80099392070142 128.83260832624345 128.87479976841013 128.80099392070142 128.83260832624345 128.87479976841013
 9675392 64 9607.077 9608.03 9621.859 128.71215177857002 128.89740935446704 128.9101956817875 128.71215177857002 128.89740935446704 128.9101956817875
 10642880 64 10562.897 10565.996 10581.97 128.73677018551368 128.9313984218809 128.96922501469055 128.73677018551368 128.9313984218809 128.96922501469055
 11707136 64 11622.906 11626.005 11638.165 128.75856357080346 128.8932361546378 128.92760278711708 128.75856357080346 128.8932361546378 128.92760278711708
 12877824 64 12778.044 12780.905 12800.932 128.76886401708873 128.97063799472727 128.99951447968093 128.76886401708873 128.97063799472727 128.99951447968093
 14165568 64 14057.159 14058.828 14072.895 128.8429071630251 128.97182496293433 128.98713772818533 128.8429071630251 128.97182496293433 128.98713772818533
 15582080 64 15462.875 15470.028 15482.187 128.82587195206983 128.92712540662498 128.9867660444775 128.82587195206983 128.92712540662498 128.9867660444775
 17140288 32 8506.06 8506.06 8511.066 128.88848846901197 128.9643421278477 128.9643421278477 128.88848846901197 128.9643421278477 128.9643421278477
 18854272 32 9356.022 9356.976 9362.936 128.87767341355317 128.9597630687521 128.97291263316822 128.87767341355317 128.9597630687521 128.97291263316822
 20739648 32 10288.954 10292.053 10302.067 128.8418597937676 128.96722082562147 129.0060653395865 128.8418597937676 128.96722082562147 129.0060653395865
 22813568 32 11317.968 11321.068 11333.942 128.82264193693598 128.96913542079244 129.00446016458076 128.82264193693598 128.96913542079244 129.00446016458076
 25094912 32 12447.119 12450.933 12454.987 128.95030464503898 128.99229061789987 129.03181595676878 128.95030464503898 128.99229061789987 129.03181595676878
 27604352 32 13695.002 13696.194 13704.062 128.91641383408802 128.99047195155092 129.00169916002932 128.91641383408802 128.99047195155092 129.00169916002932
 30364736 32 15163.898 15167.952 15168.905 128.11360503609194 128.12165439342107 128.15590714208182 128.11360503609194 128.12165439342107 128.15590714208182
 33401152 32 16567.945 16568.899 16573.191 128.9838346761345 129.01724658952898 129.02467554062983 128.9838346761345 129.01724658952898 129.02467554062983
 36741248 16 9119.034 9121.18 9125.948 128.83263590807223 128.89998180060036 128.93031608391854 128.83263590807223 128.89998180060036 128.93031608391854
 40415360 16 10141.85 10143.995 10143.995 127.49331205309149 127.49331205309149 127.52027687256268 127.49331205309149 127.49331205309149 127.52027687256268
 44456896 16 11029.959 11030.912 11039.019 128.87201951550225 128.96673203448637 128.97787489509253 128.87201951550225 128.96673203448637 128.97787489509253
 48902528 16 12135.983 12135.983 12135.983 128.94554120585042 128.94554120585042 128.94554120585042 128.94554120585042 128.94554120585042 128.94554120585042
 53792768 16 13456.106 13464.928 13465.881 127.83185712097115 127.84090460788205 127.9247187856576 127.83185712097115 127.84090460788205 127.9247187856576
 59172032 16 14685.869 14685.869 14687.061 128.92334443221827 128.93380868370812 128.93380868370812 128.92334443221827 128.93380868370812 128.93380868370812
 65089216 16 16155.005 16155.958 16156.197 128.91987588415765 128.92178303508837 128.92938826078978 128.91987588415765 128.92178303508837 128.92938826078978
 71598080 8 8925.915 8928.061 8933.067 128.23919041466945 128.31109464865887 128.34194365507622 128.23919041466945 128.31109464865887 128.34194365507622
 78757888 8 9810.209 9815.931 9821.892 128.29770557444533 128.3756179622697 128.4504956010621 128.29770557444533 128.3756179622697 128.4504956010621
 86633664 8 10797.024 10797.977 10797.977 128.37021453185164 128.37021453185164 128.38154513688218 128.37021453185164 128.37021453185164 128.38154513688218
 95297024 8 11873.96 11876.106 11878.014 128.36761970477556 128.3882430823706 128.41144689724405 128.36761970477556 128.3882430823706 128.41144689724405
 104826688 8 13065.1 13073.921 13319.969 125.9182365964966 128.28798705453397 128.37460164866707 125.9182365964966 128.28798705453397 128.37460164866707
 115309312 8 14372.11 14374.018 14384.985 128.25519053374055 128.35304589155237 128.37008567287614 128.25519053374055 128.35304589155237 128.37008567287614
 126840192 8 15815.973 15820.98 15824.08 128.2503040935081 128.27543375947636 128.31604302814628 128.2503040935081 128.27543375947636 128.31604302814628
 139524160 4 8837.938 8884.907 8971.93 124.4094949470181 125.62802064219694 126.29566760934509 124.4094949470181 125.62802064219694 126.29566760934509
 153476544 4 9645.224 9649.992 9691.954 126.68367513919279 127.23454610117811 127.2974429624444 126.68367513919279 127.23454610117811 127.2974429624444
 168824192 4 10618.925 10646.82 10670.185 126.57639356768418 126.85417204385912 127.18740701153838 126.57639356768418 126.85417204385912 127.18740701153838
 185706560 4 11775.97 11801.004 11890.173 124.94792800743942 125.89204105006658 126.1596692247008 124.94792800743942 125.89204105006658 126.1596692247008
 204277184 4 12983.084 12994.051 13010.979 125.60295977727733 125.76658903370473 125.87282590176571 125.60295977727733 125.76658903370473 125.87282590176571
 224704896 4 14343.023 14357.09 14380.932 125.00157625388951 125.20915923770067 125.33195882067538 125.00157625388951 125.20915923770067 125.33195882067538
 247175360 4 15798.092 15861.034 15861.034 124.67048995670775 124.67048995670775 125.16719613988829 124.67048995670775 124.67048995670775 125.16719613988829
 271892864 2 8832.932 8846.045 8846.998 122.93112940683383 122.94437299380684 123.12689104818197 122.93112940683383 122.94437299380684 123.12689104818197
 299082112 2 9654.999 9670.973 9696.007 123.38362049449842 123.70300775320126 123.90767187029229 123.38362049449842 123.70300775320126 123.90767187029229
 328990272 2 10550.022 10559.082 10586.023 124.31118730801926 124.6283614427845 124.73538803994909 124.31118730801926 124.6283614427845 124.73538803994909
 361889280 2 11641.026 11649.132 11675.119 123.98649812477284 124.26308844298443 124.34961660595894 123.98649812477284 124.26308844298443 124.34961660595894
 398078208 2 12785.912 12811.899 12850.046 123.91495189978308 124.2839045171992 124.53650799411102 123.91495189978308 124.2839045171992 124.53650799411102
 437886016 2 14056.921 14121.056 14136.076 123.90595975856384 124.03775355044269 124.60367843000611 123.90595975856384 124.03775355044269 124.60367843000611
 481674560 2 15432.119 15473.843 15491.962 124.36760689188367 124.51323436589087 124.84988224883438 124.36760689188367 124.51323436589087 124.84988224883438
 529841984 2 17054.081 17059.088 17067.909 124.1726761022689 124.23688394127518 124.273359320857 124.1726761022689 124.23688394127518 124.273359320857
 582826176 1 9443.045 9446.144 9447.098 123.38734625172725 123.39980758286131 123.44030468985373 123.38734625172725 123.39980758286131 123.44030468985373
 641108736 1 10390.997 10399.103 10400.057 123.28946581735079 123.3007762304114 123.39696296707622 123.28946581735079 123.3007762304114 123.39696296707622
 705219584 1 11426.21 11443.138 11457.92 123.09731329944701 123.25632776603759 123.4389327694835 123.09731329944701 123.25632776603759 123.4389327694835
 775741504 1 12587.07 12604.952 12614.012 122.99679182166624 123.08519762709132 123.26006036353178 122.99679182166624 123.08519762709132 123.26006036353178
 853315648 1 13865.948 13865.948 13885.021 122.91168274070309 123.08075120431724 123.08075120431724 122.91168274070309 123.08075120431724 123.08075120431724
 938647168 1 15266.895 15281.916 15292.883 122.75607784353022 122.84417320445945 122.9650387980005 122.75607784353022 122.84417320445945 122.9650387980005
 1032511872 1 16798.019 16844.988 16845.942 122.58285965842694 122.58980202301122 122.93257579956303 122.58285965842694 122.58980202301122 122.93257579956303
 
META_DATA
 FLOPS          16
 MPI_PROCS      8
 OPENMP_THREADS 1
 ERT_VERSION  1.1.0
 HOSTNAME  ('c3cpu-a7-u1-3.rc.int.colorado.edu', [], ['10.225.64.156'])
 UNAME  uname_result(system='Linux', node='c3cpu-a7-u1-3.rc.int.colorado.edu', release='4.18.0-305.34.2.el8_4.x86_64', version='#1 SMP Mon Jan 17 09:42:23 EST 2022', machine='x86_64', processor='x86_64')
 TIMESTAMP_DATA  1728534462.9993272
 CONFIG  {'nux': ['workstation,', 'MPI', 'and', 'OpenMP', '(8-core', 'Intel', 'Xeon', 'CPU', 'E5530,', '2.40', 'GHz)'], 'ERT_RESULTS': ['Results.alpine'], 'ERT_DRIVER': ['driver1'], 'ERT_KERNEL': ['kernel1'], 'ERT_MPI': ['True'], 'ERT_MPI_CFLAGS': ['-I/usr/include/mpi'], 'ERT_MPI_LDFLAGS': ['-lmpi'], 'ERT_OPENMP': ['True'], 'ERT_OPENMP_CFLAGS': ['-qopenmp'], 'ERT_OPENMP_LDFLAGS': ['-qopenmp'], 'ERT_FLOPS': ['1,2,4,8,16'], 'ERT_ALIGN': ['32'], 'ERT_CC': ['icpc'], 'ERT_CFLAGS': ['-O3', '-fno-alias', '-fno-fnalias', '-DERT_INTEL'], 'ERT_LD': ['icpc'], 'ERT_LDFLAGS': [], 'ERT_LDLIBS': [], 'ERT_PRECISION': ['FP64'], 'ERT_RUN': ['export', 'OMP_NUM_THREADS=ERT_OPENMP_THREADS;', 'mpirun', '-np', 'ERT_MPI_PROCS', 'ERT_CODE'], 'ERT_PROCS_THREADS': ['1-8'], 'ERT_MPI_PROCS': ['1,2,4,8'], 'ERT_OPENMP_THREADS': ['1,2,4,8'], 'ERT_NUM_EXPERIMENTS': ['3'], 'ERT_MEMORY_MAX': ['1073741824'], 'ERT_WORKING_SET_MIN': ['1'], 'ERT_TRIALS_MIN': ['1'], 'ERT_GNUPLOT': ['gnuplot'], 'ERT_GPU': [False], 'ERT_HIP': [False], 'ERT_OCL': [False], 'ERT_SYCL': [False], 'ERT_WSS_MULT': [1.1]}
 TIMESTAMP_DATA  1728534471.4598095
 TIMESTAMP_DATA  1728534479.9193466
 