fp64
 32 33554432 195835.114 195837.975 195896.149 10.962357652063902 10.965614038850228 10.965774238015355 2.7405894130159756 2.741403509712557 2.7414435595038387
 64 16777216 103335.142 103350.878 103472.948 20.754058809651386 20.77857188595921 20.781736071935722 5.188514702412847 5.194642971489802 5.1954340179839305
 96 8388608 51678.896 51682.949 51748.037 31.124132032293325 31.163328857260062 31.16577289112368 7.781033008073331 7.7908322143150155 7.79144322278092
 128 8388608 51757.812 51765.919 51790.953 41.46445515300713 41.484507364777976 41.49100522255462 10.366113788251782 10.371126841194494 10.372751305638655
 160 4194304 25954.962 25984.049 25994.062 51.63399548712317 51.65389274011915 51.71177981304693 12.908498871780793 12.913473185029787 12.927944953261733
 192 4194304 26089.907 26098.013 26139.975 61.614930236161285 61.71399853314503 61.73317275527276 15.403732559040321 15.428499633286258 15.43329318881819
 224 4194304 26080.847 26102.066 26137.114 71.8919537941335 71.98848520266556 72.04705399330014 17.972988448533375 17.99712130066639 18.011763498325035
 256 4194304 26224.136 26241.064 26340.961 81.52639715764357 81.83675966797689 81.88958629561715 20.381599289410893 20.459189916994223 20.472396573904287
 288 2097152 12945.89 12946.129 12960.196 93.20534596853318 93.3066209984467 93.30834357467891 23.301336492133295 23.326655249611676 23.32708589366973
 320 2097152 15743.971 16655.922 17660.856 75.99729480836037 80.58258678204665 85.2502383293262 18.99932370209009 20.14564669551166 21.31255958233155
 352 2097152 16249.18 16566.992 20250.082 72.90810022398921 89.11666088810811 90.85966233373006 18.227025055997302 22.27916522202703 22.714915583432514
 384 2097152 13330.936 13334.036 13340.95 120.72698990701561 120.78958958862867 120.81767821854369 30.181747476753902 30.197397397157168 30.204419554635923
 416 2097152 13069.153 13081.074 13092.995 133.26442605377912 133.38587213863326 133.5075397770613 33.31610651344478 33.346468034658315 33.37688494426533
 448 2097152 13517.141 13517.857 13522.863 138.95342961028297 139.00488753505826 139.0122505935242 34.73835740257074 34.751221883764565 34.75306264838105
 480 2097152 13603.926 13603.926 13611.078 147.91377435350822 147.99153714890835 147.99153714890835 36.978443588377054 36.99788428722709 36.99788428722709
 512 2097152 13980.865 13983.011 13989.21 153.51000149400863 153.57805611395142 153.60162965596191 38.37750037350216 38.394514028487855 38.40040741399048
 544 1048576 7004.023 7007.837 7292.032 156.45168424932857 162.79640750776593 162.88505734490022 39.11292106233214 40.699101876941484 40.721264336225055
 576 1048576 7046.938 7047.892 7444.143 162.26979411867825 171.3930281565041 171.4162309928085 40.56744852966956 42.848257039126025 42.85405774820212
 608 1048576 7087.946 7088.9 7589.102 168.01308191667476 179.8683034039132 179.8925127251252 42.00327047916869 44.9670758509783 44.9731281812813
 640 1048576 7105.827 7110.119 7492.065 179.1465076717834 188.77001636681467 188.88403559501236 44.78662691794585 47.19250409170367 47.22100889875309
 704 1048576 7228.136 7229.09 7822.99 188.72515598255907 204.22971743331453 204.25667253632193 47.18128899563977 51.05742935832863 51.06416813408048
 768 1048576 7823.944 7827.044 8180.141 196.89302861649938 205.77535222748205 205.8568844562282 49.223257154124845 51.44383805687051 51.46422111405705
 832 1048576 9059.906 9526.014 10268.211 169.9254586801927 183.16480156338216 192.58814208447635 42.48136467004817 45.79120039084554 48.147035521119086
 896 1048576 9183.884 9186.983 9806.871 191.60527267055923 204.53376173657878 204.60277939050624 47.90131816763981 51.133440434144696 51.15069484762656
 960 1048576 9865.999 9870.052 10605.812 189.82666485130983 203.97723537829387 204.06103021092946 47.45666621282746 50.99430884457347 51.015257552732365
 1056 524288 4933.834 4934.072 5206.823 212.66254988886695 224.4183416861367 224.42916725613387 53.16563747221674 56.104585421534175 56.107291814033466
 1152 524288 5103.827 5105.019 5456.924 221.3627222955643 236.6219502806943 236.6772133930088 55.34068057389108 59.15548757017358 59.1693033482522
 1248 524288 5784.988 5787.134 5800.009 225.62427885887763 226.12623934403453 226.21012316706617 56.40606971471941 56.53155983600863 56.55253079176654
 1344 524288 6124.973 6127.119 6490.946 217.1156783618289 230.0079603480853 230.0885479821707 54.27891959045723 57.501990087021326 57.522136995542674
 1472 524288 6803.036 6803.989 7427.931 207.7972819079768 226.8527876808737 226.88456624365946 51.9493204769942 56.71319692021842 56.721141560914866
 1600 524288 8457.184 9271.145 9476.9 177.03274277453596 180.96163958173452 198.37827815972787 44.25818569363399 45.24040989543363 49.59456953993197
 1760 524288 7827.997 7832.05 8186.102 225.4423118597838 235.63355187977606 235.7555527933902 56.36057796494595 58.908387969944016 58.93888819834755
 1920 524288 8506.06 8512.02 9148.121 220.07425568594908 236.52034652174217 236.6860708718255 55.01856392148727 59.13008663043554 59.17151771795638
 2112 262144 4422.903 4428.148 4693.985 235.89684585698507 250.0585472752943 250.35508488429426 58.97421146424627 62.514636818823575 62.588771221073564
 2304 262144 4849.911 4850.864 5329.132 226.67097606139237 249.01946374913828 249.06839568808581 56.66774401534809 62.25486593728457 62.267098922021454
 2528 262144 5528.927 5532.026 6035.089 219.61566167458346 239.5867380232848 239.72102796799456 54.903915418645866 59.8966845058212 59.93025699199864
 2752 262144 5697.966 5700.111 5970.955 241.6431837118183 253.12499633779063 253.22028527372748 60.410795927954574 63.28124908444766 63.30507131843187
 3008 262144 6374.836 6378.174 6783.962 232.46862290797029 247.2585890569934 247.3880589241825 58.11715572699257 61.81464726424835 61.847014731045626
 3296 262144 6803.989 6805.897 7181.883 240.61283760818714 253.90528948645564 253.97649055576073 60.153209402046784 63.47632237161391 63.49412263894018
 3616 262144 7317.066 7317.066 7561.922 250.70681871619414 259.0963930077985 259.0963930077985 62.676704679048534 64.77409825194962 64.77409825194962
 3968 262144 8167.028 8168.936 9048.939 229.90261996461683 254.66900267060484 254.72849903294076 57.47565499115421 63.66725066765121 63.68212475823519
 4352 131072 4379.988 4384.041 4880.19 233.77177691852162 260.2281064433476 260.46890722075034 58.442944229630406 65.0570266108369 65.11722680518758
 4768 131072 4806.995 4809.141 5243.063 238.39167906241065 259.9014235598416 260.01745206724786 59.59791976560266 64.9753558899604 65.00436301681196
 5216 131072 5191.088 5195.856 5730.867 238.5927127605648 263.1603154513905 263.40202747477986 59.6481781901412 65.79007886284762 65.85050686869496
 5728 131072 5700.111 5703.926 6368.876 235.76543678978834 263.2504054225107 263.42659502595654 58.941359197447085 65.81260135562768 65.85664875648914
 6272 131072 6166.935 6167.173 6435.871 255.46925474422966 266.5998129126587 266.6101017766524 63.867313686057415 66.64995322816468 66.6525254441631
 6880 131072 6843.805 6845.951 7258.892 248.4608835618439 263.44779856005397 263.53040742686267 62.115220890460975 65.86194964001349 65.88260185671567
 7552 131072 7487.059 7488.012 8100.986 244.37907780608435 264.3841233160417 264.41777579153575 61.09476945152109 66.09603082901043 66.10444394788394
 8288 65536 4061.937 4064.083 4558.086 238.32914429433754 267.29885585505997 267.4400750183964 59.582286073584385 66.82471396376499 66.8600187545991
 9088 65536 4486.799 4491.806 4837.99 246.21430304733994 265.1900674249957 265.48600371890967 61.553575761834985 66.29751685624892 66.37150092972742
 9984 65536 4890.919 4892.826 5507.946 237.58817679040428 267.45746691176015 267.56175025593353 59.39704419760107 66.86436672794004 66.89043756398338
 10976 65536 5378.962 5380.154 5854.845 245.7189339769029 267.39871609623066 267.4579727464146 61.42973349422572 66.84967902405766 66.86449318660365
 12064 65536 5913.973 5913.973 6392.956 247.3429518363649 267.37568940541325 267.37568940541325 61.835737959091226 66.84392235135331 66.84392235135331
 13248 65536 6483.078 6484.032 7131.1 243.50266522696356 267.8027893754997 267.84219717856234 60.87566630674089 66.95069734387492 66.96054929464059
 14560 65536 7079.84 7086.992 7713.079 247.42496738332383 269.28326150220005 269.5552893850708 61.85624184583096 67.32081537555001 67.3888223462677
 16000 65536 7739.067 7741.928 8358.955 250.88686325025077 270.88239518631536 270.98253575011046 62.72171581256269 67.72059879657884 67.74563393752761
 17600 32768 4256.964 4267.931 4751.921 242.72996120937196 270.25591557126864 270.9521621512421 60.68249030234299 67.56397889281716 67.73804053781052
 19360 32768 4716.158 4723.072 4951.954 256.217436591697 268.63383831540153 269.0276619231162 64.05435914792425 67.15845957885038 67.25691548077906
 21280 32768 5156.994 5159.855 5647.898 246.92479927930708 270.2800912041133 270.4300373434602 61.73119981982677 67.57002280102833 67.60750933586505
 23392 32768 5669.117 5671.024 6291.866 243.65078849422412 270.32474417318633 270.41567707986974 60.91269712355603 67.58118604329658 67.60391926996743
 25728 32768 6190.062 6191.969 6462.097 260.9230731138824 272.3059834440386 272.38987396249024 65.2307682784706 68.07649586100965 68.09746849062256
 28288 32768 6802.082 6807.089 7187.128 257.9448102218299 272.3458394623605 272.5463127318959 64.48620255545748 68.08645986559013 68.13657818297398
 31104 32768 7494.926 7499.933 7850.17 259.6672102642363 271.7933272203898 271.9748992851964 64.91680256605908 67.94833180509745 67.9937248212991
 34208 16384 4127.026 4127.979 4394.77 255.05947842549213 271.54395504434495 271.60665912935855 63.76486960637303 67.88598876108624 67.90166478233964
 37600 16384 4528.999 4530.907 4994.154 246.7038060900805 271.92718808838936 272.0417469732274 61.67595152252012 67.98179702209734 68.01043674330685
 41344 16384 4970.074 4972.219 5240.917 258.49678443676936 272.46591350863673 272.5835051952949 64.62419610919234 68.11647837715918 68.14587629882372
 45472 16384 5472.898 5480.051 5703.926 261.2282305205222 271.9001147982017 272.2554843887096 65.30705763013054 67.97502869955042 68.0638710971774
 50016 16384 6014.109 6015.062 6586.075 248.84689105423186 272.4700573327424 272.5132331322894 62.211722763557965 68.1175143331856 68.12830828307234
 55008 16384 6603.956 6608.009 7196.903 250.45525054318503 272.7753766679192 272.9427852032933 62.61381263579626 68.1938441669798 68.23569630082332
 60480 16384 7247.925 7252.932 7751.942 255.65318213165162 273.2424128614469 273.4311737497283 63.913295532912905 68.31060321536172 68.35779343743208
 66528 8192 4048.109 4049.063 4400.015 247.72523548215173 269.1967875036767 269.2602279237046 61.93130887053793 67.29919687591918 67.31505698092614
 73152 8192 4441.023 4441.977 4888.058 245.19397437591778 269.81732863542516 269.87528954477375 61.298493593979444 67.45433215885629 67.46882238619344
 80448 8192 4868.031 4872.084 5363.941 245.72604955945638 270.53310903506593 270.7583480877587 61.431512389864096 67.63327725876648 67.68958702193967
 88480 8192 5360.842 5360.842 5807.877 249.60175981688317 270.4157891614788 270.4157891614788 62.40043995422079 67.6039472903697 67.6039472903697
 97312 8192 5872.965 5876.064 5877.972 271.24317842956725 271.3312530292386 271.47442697172556 67.81079460739181 67.83281325730965 67.86860674293139
 107040 8192 6451.13 6452.084 6962.061 251.90002787967532 271.8103732065485 271.8505688150758 62.97500696991883 67.95259330163712 67.96264220376895
 117728 8192 7102.966 7107.019 7514.0 256.7015640138408 271.40149083603126 271.5563543454945 64.1753910034602 67.85037270900781 67.88908858637363
 129472 8192 7802.963 7803.917 8364.916 253.5912193260518 271.82109292038854 271.8543261066341 63.39780483151295 67.95527323009713 67.96358152665853
 142400 4096 4425.049 4457.951 4567.862 255.3800443183266 261.67645180487625 263.62212034262217 63.84501107958165 65.41911295121906 65.90553008565554
 156640 4096 4966.974 5052.09 5410.194 237.18093658009303 253.99287819496482 258.3453990296708 59.29523414502326 63.498219548741204 64.5863497574177
 172288 4096 5447.865 5564.928 5723.0 246.61598741918573 253.62112429846349 259.07090135309886 61.65399685479643 63.40528107461587 64.76772533827472
 189504 4096 5995.035 6110.907 6292.105 246.72454893870975 254.0403197103147 258.9504094638313 61.681137234677436 63.51007992757867 64.73760236595783
 208448 4096 6595.85 6733.894 7248.163 235.5915583024278 253.58373862136827 258.8909717473866 58.89788957560695 63.39593465534207 64.72274293684664
 229280 4096 7427.931 7471.8 7735.014 242.82590309468088 251.38009047351375 252.8647290880866 60.70647577367022 62.84502261837844 63.21618227202165
 252192 4096 8166.075 8211.851 8520.842 242.4592386527059 251.58236115097554 252.99263893608617 60.61480966317647 62.895590287743886 63.24815973402154
 277408 2048 4373.074 4392.862 4498.005 252.61491883623958 258.6612481794329 259.83168087253955 63.153729709059895 64.66531204485823 64.95792021813489
 305120 2048 4743.814 4841.089 4947.901 252.58620170452073 258.1591703850105 263.4528925459556 63.14655042613018 64.53979259625262 65.8632231364889
 335616 2048 5261.898 5310.059 5312.92 258.7434284724784 258.88283651838896 261.2523344238144 64.6858571181196 64.72070912959724 65.3130836059536
 369152 2048 5807.161 5858.898 5860.09 258.0244658358489 258.07696123059316 260.37621343716836 64.50611645896223 64.51924030764829 65.09405335929209
 406048 2048 6381.989 6422.997 6423.95 258.90186069318725 258.94027476581414 260.60411699236715 64.72546517329681 64.73506869145353 65.15102924809179
 446624 2048 7011.89 7059.813 7069.111 258.78387027732344 259.1246969289413 260.8956934578266 64.69596756933086 64.78117423223533 65.22392336445665
 491264 2048 7673.025 7771.015 7781.982 258.57388824595074 258.938805805934 262.2456389755019 64.64347206148769 64.7347014514835 65.56140974387547
 540384 1024 4270.077 4289.15 4299.879 257.3808314140933 258.02465103808447 259.1771605055365 64.34520785352332 64.50616275952112 64.79429012638413
 594400 1024 4696.131 4741.907 4812.002 252.97811596919536 256.7176454536118 259.2200260171618 63.24452899229884 64.17941136340295 64.80500650429045
 653824 1024 5186.081 5203.009 5286.932 253.27194524158816 257.35714698936715 258.1971920608259 63.31798631039704 64.33928674734179 64.54929801520647
 719200 1024 5589.962 5676.031 5819.798 253.08809687209074 259.4985122526639 263.49402732970276 63.272024218022686 64.87462806316597 65.87350683242569
 791104 1024 6145.954 6291.866 6393.909 253.39444023992212 257.50405237492345 263.61749404567627 63.34861005998053 64.37601309373086 65.90437351141907
 870208 1024 6824.97 6984.949 7034.063 253.36508700590258 255.1465993524076 261.12729931413617 63.341271751475645 63.7866498381019 65.28182482853404
 957216 1024 7509.947 7559.061 7739.067 253.30939349665795 259.3415197998799 261.0375769629266 63.32734837416449 64.83537994996998 65.25939424073165
 1052928 512 4074.812 4163.98 4256.964 253.27869157455876 258.93454627543844 264.6007403531746 63.31967289363969 64.73363656885961 66.15018508829365
 1158208 512 4503.012 4579.067 4678.965 253.4759272616914 259.00581756065156 263.3803756241378 63.36898181542285 64.75145439016289 65.84509390603445
 1274016 512 4961.014 5033.016 5140.066 253.8084888404157 259.2068819173235 262.96889789063283 63.45212221010392 64.80172047933088 65.74222447265821
 1401408 512 5500.078 5533.934 5646.944 254.12715125207546 259.3167522417145 260.91298923397085 63.531787813018866 64.82918806042862 65.22824730849271
 1541536 512 6049.156 6091.833 6217.957 253.86680287432029 259.12280655100034 260.95092670779195 63.46670071858007 64.78070163775008 65.23773167694799
 1695680 512 6660.938 6705.046 6828.07 254.29972451952017 258.96560888620303 260.6804507112962 63.57493112988004 64.74140222155076 65.17011267782405
 1865248 512 7319.927 7368.803 7386.923 258.56692319657316 259.2027432406593 260.9334699649327 64.64173079914329 64.80068581016482 65.23336749123318
 2051744 512 8105.993 8196.115 8319.139 252.54847358602854 256.3392358452754 259.1892018658294 63.137118396507134 64.08480896131886 64.79730046645734
 2256896 256 4495.859 4515.886 4564.047 253.18116837972966 255.88129372619235 257.0211281092223 63.295292094932414 63.97032343154809 64.25528202730557
 2482560 256 4944.086 5002.022 5017.996 253.30245779390816 254.11138135737906 257.08912021352376 63.32561444847704 63.527845339344765 64.27228005338094
 2730816 256 5415.916 5491.972 5496.025 254.39800437588985 254.5857466134205 258.16090796090634 63.599501093972464 63.646436653355124 64.54022699022659
 3003872 256 5926.132 6052.017 6052.017 254.1272544343481 254.1272544343481 259.52551580018803 63.53181360858702 63.53181360858702 64.88137895004701
 3304256 256 6520.033 6645.203 6645.918 254.55912516525183 254.58651481376867 259.47400450273796 63.63978129131296 63.64662870344217 64.86850112568449
 3634656 256 7145.882 7297.993 7321.119 254.18844742176708 254.99392394593966 260.42185863130686 63.54711185544177 63.748480986484914 65.10546465782672
 3998112 256 7871.151 7877.111 8036.137 254.72852740066526 259.87108014600784 260.06785335461103 63.682131850166314 64.96777003650196 65.01696333865276
 4397920 128 4341.841 4419.804 4420.042 254.71873796674325 254.73245419932644 259.306483125476 63.67968449168581 63.68311354983161 64.826620781369
 4837696 128 4753.113 4763.126 4870.892 254.25531422170724 260.0078553454181 260.55559293456724 63.56382855542681 65.00196383635452 65.13889823364181
 5321440 128 5222.082 5285.025 5364.18 253.96027724647567 257.7638970487368 260.8707867858069 63.49006931161892 64.4409742621842 65.21769669645172
 5853568 128 5743.027 5745.888 5757.093 260.2899428583141 260.79753173051756 260.92745306612693 65.07248571457852 65.19938293262939 65.23186326653173
 6438912 128 6317.139 6322.861 6334.066 260.23749547289214 260.69867295833325 260.9348111542266 65.05937386822303 65.17466823958331 65.23370278855666
 7082784 128 6947.041 6970.882 6971.121 260.1005927167237 260.10951038907274 261.0021596245077 65.02514817918093 65.02737759726818 65.25053990612693
 7791040 128 7627.964 7662.058 7663.965 260.2446957938874 260.3094677696253 261.47294874490757 65.06117394847185 65.07736694240633 65.36823718622689
 8570144 64 4194.975 4211.903 4218.102 260.0644631163495 260.44722112546276 261.49820487607195 65.01611577908737 65.11180528136569 65.37455121901799
 9427136 64 4621.029 4626.036 4629.85 260.62905018521116 260.8439294462905 261.1265603396992 65.15726254630279 65.21098236157262 65.2816400849248
 10369824 64 5081.892 5096.197 5156.04 257.43350943747527 260.4564682252275 261.18962622582296 64.35837735936882 65.11411705630688 65.29740655645574
 11406784 64 5584.002 5600.929 5601.168 260.6721226715571 260.6832459400931 261.47346508830043 65.16803066788927 65.17081148502328 65.36836627207511
 12547456 64 6158.829 6192.923 6331.921 253.64725302163436 259.34027728101904 260.7759312687526 63.41181325540859 64.83506932025476 65.19398281718814
 13802176 64 6774.902 6779.909 6963.015 253.72321156855182 260.5755516777585 260.7681303729559 63.430802892137955 65.14388791943962 65.19203259323898
 15182368 64 7452.011 7460.117 7660.151 253.6951430852995 260.4976710150792 260.78102997969273 63.42378577132487 65.1244177537698 65.19525749492318
 16700576 64 8291.96 8354.902 8407.116 254.26956497329172 255.85862383544415 257.8007766559415 63.56739124332293 63.96465595886104 64.45019416398537
 18370624 32 4633.904 4652.977 4674.196 251.53415389512975 252.6812266641335 253.7212544757077 62.88353847378244 63.170306666033376 63.430313618926924
 20207680 32 5019.188 5091.906 5141.02 251.56321508183197 253.98966909444124 257.669471635651 62.89080377045799 63.49741727361031 64.41736790891275
 22228448 32 5503.178 5616.188 5652.905 251.66187508900293 253.30716706776911 258.50893283844357 62.91546877225073 63.32679176694228 64.62723320961089
 24451264 32 6129.026 6211.996 6296.873 248.5171443032121 251.9127340069118 255.322933203416 62.12928607580302 62.97818350172795 63.830733300854
 26896384 32 6669.044 6716.967 6844.997 251.47835360629082 256.27170358288197 258.11324321746866 62.869588401572706 64.06792589572049 64.52831080436717
 29586016 32 7300.138 7302.046 7471.085 253.44444936712674 259.31157157870547 259.3793465274218 63.361112341781684 64.82789289467637 64.84483663185544
 32544608 32 7972.956 8175.135 8489.132 245.3554629613487 254.7792681099456 261.23998577190196 61.33886574033718 63.6948170274864 65.30999644297549
 35799040 16 4938.126 5053.997 5256.176 217.94728334819834 226.66599920815148 231.98461926649904 54.486820837049585 56.66649980203787 57.99615481662476
 39378944 16 5213.976 5263.09 5301.952 237.6721267940562 239.42706812917888 241.68239516254008 59.41803169851405 59.85676703229472 60.42059879063502
 43316832 16 5731.821 7330.894 7334.948 188.9772939085594 189.08179875469486 241.83215491202535 47.24432347713985 47.270449688673715 60.458038728006336
 47648512 16 5865.097 5983.114 8605.003 177.19370742810895 254.84260938367547 259.970531433666 44.29842685702724 63.71065234591887 64.9926328584165
 52413344 16 6856.918 7979.155 8665.085 193.56151820784217 210.2010811921814 244.6036262939122 48.39037955196054 52.55027029804535 61.15090657347805
 57654656 16 7112.98 7225.99 9698.868 190.22312624524838 255.32127666935602 259.37778427607 47.555781561312095 63.830319167339006 64.8444460690175
 63420096 16 7775.068 7786.989 7965.088 254.79229758666818 260.6197430097821 261.0193341074316 63.698074396667046 65.15493575244552 65.2548335268579
 69762080 8 5410.91 5642.891 6128.073 182.14425317714068 197.80521721932962 206.2856857718942 45.53606329428517 49.451304304832405 51.57142144297355
 76738272 8 5912.066 6066.084 6786.108 180.93026989844546 202.40609131030826 207.6790671822676 45.232567474611365 50.601522827577064 51.9197667955669
 84412096 8 5789.995 6149.054 7294.178 185.16048497856784 219.64249069856925 233.26333373344883 46.29012124464196 54.91062267464231 58.31583343336221
 92853280 8 6108.999 6145.0 6941.08 214.03765408264996 241.76606672091128 243.19082062380434 53.50941352066249 60.44151668022782 60.797705155951085
 102138592 8 6329.06 6435.871 6662.846 245.27318686339143 253.92327969283411 258.20856051293555 61.31829671584786 63.48081992320853 64.55214012823389
 112352448 8 7025.957 7029.057 7070.065 254.2606281554696 255.7440020759541 255.85684170853875 63.5651570388674 63.93600051898853 63.96421042713469
 123587680 8 7776.976 7847.071 7883.072 250.84166172781374 251.9924797418043 254.263724100473 62.710415431953436 62.99811993545107 63.56593102511825
 135946432 4 5397.797 5625.01 5811.93 187.12741825865075 193.34569289654596 201.48431962150488 46.78185456466269 48.33642322413649 50.37107990537622
 149541056 4 6728.172 7534.981 7563.114 158.17934887666644 158.76993558444275 177.80883841851846 39.54483721916661 39.69248389611069 44.452209604629616
 164495136 4 8197.069 8420.944 8421.183 156.2679599766446 156.27239511389698 160.54044293149173 39.06698999416115 39.068098778474244 40.13511073287293
 180944640 4 9410.143 9415.15 9606.838 150.6798719828522 153.74764289469633 153.8294497756304 37.66996799571305 38.43691072367408 38.4573624439076
 199039104 4 10594.13 10782.957 10783.195 147.66614458887187 147.6694038564746 150.30142465686188 36.91653614721797 36.91735096411865 37.57535616421547
 218943008 4 12089.014 12091.875 12138.128 144.3010045700622 144.85297474543856 144.8872558175547 36.07525114251555 36.21324368635964 36.22181395438867
 240837280 4 13525.009 13622.999 13643.026 141.22220686231927 141.42981585772705 142.4544885700261 35.30555171557982 35.35745396443176 35.61362214250652
 264920992 4 15111.923 15208.96 15210.152 139.33903724302033 139.3499579195422 140.24475482041564 34.83475931075508 34.83748947988555 35.06118870510391
 291413088 2 8558.035 8647.919 8648.157 134.78621537513715 134.7899248362525 136.2056070114226 33.69655384378429 33.69748120906313 34.05140175285565
 320554368 2 9507.895 9585.142 9593.01 133.66164238336037 133.7713590471586 134.8581859601941 33.41541059584009 33.44283976178965 33.71454649004853
 352609792 2 10591.984 10632.992 10652.065 132.4099287790677 132.6474399679789 133.16099873262647 33.10248219476693 33.161859991994724 33.29024968315662
 387870752 2 11773.825 11792.898 11816.978 131.29270512308648 131.5607926058548 131.77391442458165 32.82317628077162 32.8901981514637 32.94347860614541
 426657824 2 13072.968 13086.081 13121.843 130.06033496971423 130.41576740966224 130.54658253580976 32.51508374242856 32.60394185241556 32.63664563395244
 469323584 2 14462.948 14477.968 14568.09 128.8634499100431 129.6655950614064 129.80025483048132 32.215862477510775 32.4163987653516 32.45006370762033
 516255936 2 16025.066 16035.795 16141.891 127.9294813724117 128.77588819263406 128.86210540412125 31.982370343102925 32.193972048158514 32.21552635103031
 567881504 1 8977.175 9018.183 9035.11 125.70549866022661 125.94144607622178 126.51675031399078 31.426374665056652 31.485361519055445 31.629187578497696
 624669632 1 9912.968 9933.949 9956.837 125.47551637131352 125.7646142536065 126.03079763800307 31.36887909282838 31.441153563401624 31.507699409500766
 687136576 1 10935.783 11006.832 11021.137 124.69431711083892 124.85637574917105 125.6675586924137 31.17357927770973 31.214093937292763 31.416889673103427
 755850208 1 12095.928 12145.042 12275.934 123.14341344617853 124.4705795171396 124.97597670885607 30.785853361544632 31.1176448792849 31.243994177214017
 831435200 1 13318.777 13391.018 13576.031 122.48575448892242 124.17804232658041 124.85158359510037 30.621438622230606 31.044510581645103 31.21289589877509
 914578720 1 14694.929 14809.132 14878.035 122.94348279191439 123.51550651314338 124.47541869715735 30.735870697978598 30.878876628285845 31.118854674289338
 1006036576 1 16256.094 16320.229 16392.946 122.74018056303 123.28706613124119 123.77346932172023 30.6850451407575 30.821766532810297 30.943367330430057
 
META_DATA
 FLOPS          4
 MPI_PROCS      1
 OPENMP_THREADS 4
 ERT_VERSION  1.1.0
 HOSTNAME  ('c3cpu-a7-u1-3.rc.int.colorado.edu', [], ['10.225.64.156'])
 UNAME  uname_result(system='Linux', node='c3cpu-a7-u1-3.rc.int.colorado.edu', release='4.18.0-305.34.2.el8_4.x86_64', version='#1 SMP Mon Jan 17 09:42:23 EST 2022', machine='x86_64', processor='x86_64')
 TIMESTAMP_DATA  1728533487.4981706
 CONFIG  {'nux': ['workstation,', 'MPI', 'and', 'OpenMP', '(8-core', 'Intel', 'Xeon', 'CPU', 'E5530,', '2.40', 'GHz)'], 'ERT_RESULTS': ['Results.alpine'], 'ERT_DRIVER': ['driver1'], 'ERT_KERNEL': ['kernel1'], 'ERT_MPI': ['True'], 'ERT_MPI_CFLAGS': ['-I/usr/include/mpi'], 'ERT_MPI_LDFLAGS': ['-lmpi'], 'ERT_OPENMP': ['True'], 'ERT_OPENMP_CFLAGS': ['-qopenmp'], 'ERT_OPENMP_LDFLAGS': ['-qopenmp'], 'ERT_FLOPS': ['1,2,4,8,16'], 'ERT_ALIGN': ['32'], 'ERT_CC': ['icpc'], 'ERT_CFLAGS': ['-O3', '-fno-alias', '-fno-fnalias', '-DERT_INTEL'], 'ERT_LD': ['icpc'], 'ERT_LDFLAGS': [], 'ERT_LDLIBS': [], 'ERT_PRECISION': ['FP64'], 'ERT_RUN': ['export', 'OMP_NUM_THREADS=ERT_OPENMP_THREADS;', 'mpirun', '-np', 'ERT_MPI_PROCS', 'ERT_CODE'], 'ERT_PROCS_THREADS': ['1-8'], 'ERT_MPI_PROCS': ['1,2,4,8'], 'ERT_OPENMP_THREADS': ['1,2,4,8'], 'ERT_NUM_EXPERIMENTS': ['3'], 'ERT_MEMORY_MAX': ['1073741824'], 'ERT_WORKING_SET_MIN': ['1'], 'ERT_TRIALS_MIN': ['1'], 'ERT_GNUPLOT': ['gnuplot'], 'ERT_GPU': [False], 'ERT_HIP': [False], 'ERT_OCL': [False], 'ERT_SYCL': [False], 'ERT_WSS_MULT': [1.1]}
 TIMESTAMP_DATA  1728533494.6930873
 TIMESTAMP_DATA  1728533502.0122027
 