fp64
 8 134217728 405771.971 405771.971 405771.971 5.292341022736634 5.292341022736634 5.292341022736634 0.33077131392103964 0.33077131392103964 0.33077131392103964
 16 67108864 219406.128 219406.128 219406.128 9.787710432591018 9.787710432591018 9.787710432591018 0.6117319020369386 0.6117319020369386 0.6117319020369386
 24 33554432 109652.996 109652.996 109652.996 14.688269310945229 14.688269310945229 14.688269310945229 0.9180168319340768 0.9180168319340768 0.9180168319340768
 32 33554432 110471.01 110471.01 110471.01 19.439341126690163 19.439341126690163 19.439341126690163 1.2149588204181352 1.2149588204181352 1.2149588204181352
 40 16777216 55514.097 55514.097 55514.097 24.177233397131545 24.177233397131545 24.177233397131545 1.5110770873207215 1.5110770873207215 1.5110770873207215
 48 16777216 55034.161 55034.161 55034.161 29.265690740701945 29.265690740701945 29.265690740701945 1.8291056712938716 1.8291056712938716 1.8291056712938716
 56 16777216 54889.917 54889.917 54889.917 34.23303030317936 34.23303030317936 34.23303030317936 2.13956439394871 2.13956439394871 2.13956439394871
 64 16777216 54831.982 54831.982 54831.982 39.164800717945965 39.164800717945965 39.164800717945965 2.447800044871623 2.447800044871623 2.447800044871623
 72 8388608 27416.945 27416.945 27416.945 44.058867682011986 44.058867682011986 44.058867682011986 2.753679230125749 2.753679230125749 2.753679230125749
 80 8388608 27472.019 27472.019 27472.019 48.856157241300686 48.856157241300686 48.856157241300686 3.053509827581293 3.053509827581293 3.053509827581293
 88 8388608 27458.906 27458.906 27458.906 53.76743734801379 53.76743734801379 53.76743734801379 3.360464834250862 3.360464834250862 3.360464834250862
 96 8388608 27547.121 27547.121 27547.121 58.46755223531345 58.46755223531345 58.46755223531345 3.6542220147070905 3.6542220147070905 3.6542220147070905
 104 8388608 27462.959 27462.959 27462.959 63.53395728406397 63.53395728406397 63.53395728406397 3.9708723302539983 3.9708723302539983 3.9708723302539983
 112 8388608 27751.923 27751.923 27751.923 67.70875632654358 67.70875632654358 67.70875632654358 4.231797270408974 4.231797270408974 4.231797270408974
 120 8388608 27860.165 27860.165 27860.165 72.26324467209723 72.26324467209723 72.26324467209723 4.516452792006077 4.516452792006077 4.516452792006077
 128 8388608 27956.963 27956.963 27956.963 76.81391029490578 76.81391029490578 76.81391029490578 4.800869393431611 4.800869393431611 4.800869393431611
 136 4194304 14746.904 14746.904 14746.904 77.36204751858423 77.36204751858423 77.36204751858423 4.835127969911515 4.835127969911515 4.835127969911515
 144 4194304 14579.058 14579.058 14579.058 82.85580261769998 82.85580261769998 82.85580261769998 5.178487663606249 5.178487663606249 5.178487663606249
 152 4194304 15437.841 15437.841 15437.841 82.59370050514188 82.59370050514188 82.59370050514188 5.162106281571368 5.162106281571368 5.162106281571368
 160 4194304 15913.963 15913.963 15913.963 84.33960038740821 84.33960038740821 84.33960038740821 5.271225024213013 5.271225024213013 5.271225024213013
 176 4194304 16882.896 16882.896 16882.896 87.44915611634401 87.44915611634401 87.44915611634401 5.465572257271501 5.465572257271501 5.465572257271501
 192 4194304 17917.871 17917.871 17917.871 89.88862214712898 89.88862214712898 89.88862214712898 5.6180388841955615 5.6180388841955615 5.6180388841955615
 208 4194304 19012.928 19012.928 19012.928 91.77073957256874 91.77073957256874 91.77073957256874 5.7356712232855465 5.7356712232855465 5.7356712232855465
 224 4194304 20031.929 20031.929 20031.929 93.80265834608339 93.80265834608339 93.80265834608339 5.862666146630212 5.862666146630212 5.862666146630212
 240 4194304 21111.012 21111.012 21111.012 95.36567550622395 95.36567550622395 95.36567550622395 5.960354719138997 5.960354719138997 5.960354719138997
 264 2097152 11595.011 11595.011 11595.011 95.4976460134449 95.4976460134449 95.4976460134449 5.968602875840307 5.968602875840307 5.968602875840307
 288 2097152 12140.989 12140.989 12140.989 99.49432883927331 99.49432883927331 99.49432883927331 6.218395552454582 6.218395552454582 6.218395552454582
 312 2097152 13187.17 13187.17 13187.17 99.23454751853505 99.23454751853505 99.23454751853505 6.202159219908441 6.202159219908441 6.202159219908441
 336 2097152 14238.119 14238.119 14238.119 98.97979810394898 98.97979810394898 98.97979810394898 6.186237381496811 6.186237381496811 6.186237381496811
 368 2097152 15321.016 15321.016 15321.016 100.74422427337717 100.74422427337717 100.74422427337717 6.296514017086073 6.296514017086073 6.296514017086073
 400 2097152 16614.914 16614.914 16614.914 100.9768452608301 100.9768452608301 100.9768452608301 6.3110528288018815 6.3110528288018815 6.3110528288018815
 440 2097152 17718.077 17718.077 17718.077 104.15880685020163 104.15880685020163 104.15880685020163 6.509925428137602 6.509925428137602 6.509925428137602
 480 2097152 19261.837 19261.837 19261.837 104.52097170171255 104.52097170171255 104.52097170171255 6.532560731357035 6.532560731357035 6.532560731357035
 528 1048576 12120.008 12120.008 12120.008 91.36101692342116 91.36101692342116 91.36101692342116 5.710063557713823 5.710063557713823 5.710063557713823
 576 1048576 13591.051 13591.051 13591.051 88.87903900883015 88.87903900883015 88.87903900883015 5.554939938051884 5.554939938051884 5.554939938051884
 632 1048576 14497.042 14497.042 14497.042 91.42555177807998 91.42555177807998 91.42555177807998 5.714096986129999 5.714096986129999 5.714096986129999
 688 1048576 14113.903 14113.903 14113.903 102.2283188427751 102.2283188427751 102.2283188427751 6.3892699276734435 6.3892699276734435 6.3892699276734435
 752 1048576 15185.118 15185.118 15185.118 103.85551854124543 103.85551854124543 103.85551854124543 6.490969908827839 6.490969908827839 6.490969908827839
 824 1048576 16743.898 16743.898 16743.898 103.20495550080393 103.20495550080393 103.20495550080393 6.450309718800246 6.450309718800246 6.450309718800246
 904 1048576 18599.987 18599.987 18599.987 101.92616844302096 101.92616844302096 101.92616844302096 6.37038552768881 6.37038552768881 6.37038552768881
 992 1048576 20174.98 20174.98 20174.98 103.1165723088697 103.1165723088697 103.1165723088697 6.444785769304357 6.444785769304357 6.444785769304357
 1088 524288 11160.135 11160.135 11160.135 102.2255275585824 102.2255275585824 102.2255275585824 6.3890954724114 6.3890954724114 6.3890954724114
 1192 524288 12251.139 12251.139 12251.139 102.02337856096483 102.02337856096483 102.02337856096483 6.376461160060302 6.376461160060302 6.376461160060302
 1304 524288 13377.905 13377.905 13377.905 102.20906068625841 102.20906068625841 102.20906068625841 6.388066292891151 6.388066292891151 6.388066292891151
 1432 524288 14714.003 14714.003 14714.003 102.04978427692315 102.04978427692315 102.04978427692315 6.378111517307697 6.378111517307697 6.378111517307697
 1568 524288 16156.912 16156.912 16156.912 101.76246352025686 101.76246352025686 101.76246352025686 6.360153970016054 6.360153970016054 6.360153970016054
 1720 524288 17591.953 17591.953 17591.953 102.5213471181966 102.5213471181966 102.5213471181966 6.407584194887288 6.407584194887288 6.407584194887288
 1888 524288 19320.965 19320.965 19320.965 102.46442079885762 102.46442079885762 102.46442079885762 6.404026299928601 6.404026299928601 6.404026299928601
 2072 262144 10657.072 10657.072 10657.072 101.934634203466 101.934634203466 101.934634203466 6.370914637716625 6.370914637716625 6.370914637716625
 2272 262144 11631.012 11631.012 11631.012 102.41433299183251 102.41433299183251 102.41433299183251 6.400895811989532 6.400895811989532 6.400895811989532
 2496 262144 12840.033 12840.033 12840.033 101.91740535246288 101.91740535246288 101.91740535246288 6.36983783452893 6.36983783452893 6.36983783452893
 2744 262144 14232.874 14232.874 14232.874 101.07911248283375 101.07911248283375 101.07911248283375 6.317444530177109 6.317444530177109 6.317444530177109
 3016 262144 15463.829 15463.829 15463.829 102.25492069266933 102.25492069266933 102.25492069266933 6.390932543291833 6.390932543291833 6.390932543291833
 3312 262144 16994.953 16994.953 16994.953 102.1739722375225 102.1739722375225 102.1739722375225 6.385873264845157 6.385873264845157 6.385873264845157
 3640 262144 18689.871 18689.871 18689.871 102.10922911131917 102.10922911131917 102.10922911131917 6.381826819457448 6.381826819457448 6.381826819457448
 4000 262144 20596.027 20596.027 20596.027 101.82313317029542 101.82313317029542 101.82313317029542 6.363945823143464 6.363945823143464 6.363945823143464
 4400 131072 11353.016 11353.016 11353.016 101.59710864496273 101.59710864496273 101.59710864496273 6.349819290310171 6.349819290310171 6.349819290310171
 4840 131072 12421.131 12421.131 12421.131 102.14665315098924 102.14665315098924 102.14665315098924 6.384165821936827 6.384165821936827 6.384165821936827
 5320 131072 13675.928 13675.928 13675.928 101.9752429231859 101.9752429231859 101.9752429231859 6.373452682699119 6.373452682699119 6.373452682699119
 5848 131072 15015.125 15015.125 15015.125 102.09825838945729 102.09825838945729 102.09825838945729 6.38114114934108 6.38114114934108 6.38114114934108
 6432 131072 16567.945 16567.945 16567.945 101.76942330506289 101.76942330506289 101.76942330506289 6.36058895656643 6.36058895656643 6.36058895656643
 7072 131072 18208.981 18208.981 18208.981 101.81142854726468 101.81142854726468 101.81142854726468 6.363214284204043 6.363214284204043 6.363214284204043
 7776 131072 19990.206 19990.206 19990.206 101.97152265464398 101.97152265464398 101.97152265464398 6.3732201659152485 6.3732201659152485 6.3732201659152485
 8552 65536 10977.983 10977.983 10977.983 102.10689377092314 102.10689377092314 102.10689377092314 6.381680860682696 6.381680860682696 6.381680860682696
 9400 65536 12094.975 12094.975 12094.975 101.86683312698041 101.86683312698041 101.86683312698041 6.366677070436276 6.366677070436276 6.366677070436276
 10336 65536 13288.975 13288.975 13288.975 101.94617658623032 101.94617658623032 101.94617658623032 6.371636036639395 6.371636036639395 6.371636036639395
 11368 65536 14631.033 14631.033 14631.033 101.84014320793344 101.84014320793344 101.84014320793344 6.36500895049584 6.36500895049584 6.36500895049584
 12504 65536 16088.009 16088.009 16088.009 101.87241242841174 101.87241242841174 101.87241242841174 6.3670257767757334 6.3670257767757334 6.3670257767757334
 13752 65536 17669.916 17669.916 17669.916 102.00966116647074 102.00966116647074 102.00966116647074 6.375603822904421 6.375603822904421 6.375603822904421
 15120 65536 19476.891 19476.891 19476.891 101.75179601302898 101.75179601302898 101.75179601302898 6.359487250814311 6.359487250814311 6.359487250814311
 16632 32768 10781.05 10781.05 10781.05 101.10283803525631 101.10283803525631 101.10283803525631 6.3189273772035195 6.3189273772035195 6.3189273772035195
 18288 32768 11860.847 11860.847 11860.847 101.0486323615843 101.0486323615843 101.0486323615843 6.3155395225990185 6.3155395225990185 6.3155395225990185
 20112 32768 13051.987 13051.987 13051.987 100.98539264557957 100.98539264557957 100.98539264557957 6.311587040348723 6.311587040348723 6.311587040348723
 22120 32768 14357.09 14357.09 14357.09 100.97145870089274 100.97145870089274 100.97145870089274 6.310716168805796 6.310716168805796 6.310716168805796
 24328 32768 15748.024 15748.024 15748.024 101.2418959991425 101.2418959991425 101.2418959991425 6.327618499946406 6.327618499946406 6.327618499946406
 26760 32768 17317.057 17317.057 17317.057 101.27259845596166 101.27259845596166 101.27259845596166 6.3295374034976035 6.3295374034976035 6.3295374034976035
 29432 32768 19007.921 19007.921 19007.921 101.47640828263124 101.47640828263124 101.47640828263124 6.3422755176644525 6.3422755176644525 6.3422755176644525
 32368 32768 20938.873 20938.873 20938.873 101.30770877687638 101.30770877687638 101.30770877687638 6.331731798554774 6.331731798554774 6.331731798554774
 35600 16384 11568.069 11568.069 11568.069 100.84144553425467 100.84144553425467 100.84144553425467 6.302590345890917 6.302590345890917 6.302590345890917
 39160 16384 12786.865 12786.865 12786.865 100.3525789941475 100.3525789941475 100.3525789941475 6.272036187134219 6.272036187134219 6.272036187134219
 43072 16384 14081.001 14081.001 14081.001 100.23316495751969 100.23316495751969 100.23316495751969 6.264572809844981 6.264572809844981 6.264572809844981
 47376 16384 15539.885 15539.885 15539.885 99.89885819618357 99.89885819618357 99.89885819618357 6.243678637261473 6.243678637261473 6.243678637261473
 52112 16384 17247.915 17247.915 17247.915 99.00361962590839 99.00361962590839 99.00361962590839 6.187726226619274 6.187726226619274 6.187726226619274
 57320 16384 19054.174 19054.174 19054.174 98.57481935454142 98.57481935454142 98.57481935454142 6.160926209658839 6.160926209658839 6.160926209658839
 63048 16384 20932.913 20932.913 20932.913 98.69418862057086 98.69418862057086 98.69418862057086 6.1683867887856785 6.1683867887856785 6.1683867887856785
 69352 8192 11531.115 11531.115 11531.115 98.53888093215616 98.53888093215616 98.53888093215616 6.15868005825976 6.15868005825976 6.15868005825976
 76280 8192 12705.088 12705.088 12705.088 98.36779721635929 98.36779721635929 98.36779721635929 6.147987326022456 6.147987326022456 6.147987326022456
 83904 8192 13973.951 13973.951 13973.951 98.37469274080038 98.37469274080038 98.37469274080038 6.148418296300024 6.148418296300024 6.148418296300024
 92288 8192 15331.984 15331.984 15331.984 98.62041285720099 98.62041285720099 98.62041285720099 6.163775803575062 6.163775803575062 6.163775803575062
 101512 8192 16907.93 16907.93 16907.93 98.36642380232233 98.36642380232233 98.36642380232233 6.147901487645146 6.147901487645146 6.147901487645146
 111656 8192 18563.986 18563.986 18563.986 98.54413292490094 98.54413292490094 98.54413292490094 6.1590083078063085 6.1590083078063085 6.1590083078063085
 122816 8192 20456.076 20456.076 20456.076 98.36770962329237 98.36770962329237 98.36770962329237 6.147981851455773 6.147981851455773 6.147981851455773
 135096 4096 11219.025 11219.025 11219.025 98.64550903487603 98.64550903487603 98.64550903487603 6.165344314679752 6.165344314679752 6.165344314679752
 148600 4096 12542.009 12542.009 12542.009 97.06030349683213 97.06030349683213 97.06030349683213 6.066268968552008 6.066268968552008 6.066268968552008
 163456 4096 13618.946 13618.946 13618.946 98.32123220108222 98.32123220108222 98.32123220108222 6.145077012567639 6.145077012567639 6.145077012567639
 179800 4096 14944.077 14944.077 14944.077 98.56223305059255 98.56223305059255 98.56223305059255 6.160139565662035 6.160139565662035 6.160139565662035
 197776 4096 16462.088 16462.088 16462.088 98.41892425796777 98.41892425796777 98.41892425796777 6.151182766122986 6.151182766122986 6.151182766122986
 217552 4096 18062.83 18062.83 18062.83 98.665933522045 98.665933522045 98.665933522045 6.166620845127812 6.166620845127812 6.166620845127812
 239304 4096 19859.076 19859.076 19859.076 98.71448037159433 98.71448037159433 98.71448037159433 6.169655023224646 6.169655023224646 6.169655023224646
 263232 2048 10932.922 10932.922 10932.922 98.61940586423282 98.61940586423282 98.61940586423282 6.163712866514551 6.163712866514551 6.163712866514551
 289552 2048 12009.859 12009.859 12009.859 98.75261583004429 98.75261583004429 98.75261583004429 6.172038489377768 6.172038489377768 6.172038489377768
 318504 2048 13463.974 13463.974 13463.974 96.89504629168178 96.89504629168178 96.89504629168178 6.055940393230111 6.055940393230111 6.055940393230111
 350352 2048 14763.832 14763.832 14763.832 97.19981858368477 97.19981858368477 97.19981858368477 6.074988661480298 6.074988661480298 6.074988661480298
 385384 2048 16335.964 16335.964 16335.964 96.62930599014541 96.62930599014541 96.62930599014541 6.039331624384088 6.039331624384088 6.039331624384088
 423920 2048 17908.096 17908.096 17908.096 96.96040941482555 96.96040941482555 96.96040941482555 6.060025588426597 6.060025588426597 6.060025588426597
 466312 2048 19742.966 19742.966 19742.966 96.74402275726959 96.74402275726959 96.74402275726959 6.046501422329349 6.046501422329349 6.046501422329349
 512936 2048 21689.892 21689.892 21689.892 96.86474492358008 96.86474492358008 96.86474492358008 6.054046557723755 6.054046557723755 6.054046557723755
 564224 1024 12030.125 12030.125 12030.125 96.05309604014921 96.05309604014921 96.05309604014921 6.003318502509326 6.003318502509326 6.003318502509326
 620640 1024 13206.005 13206.005 13206.005 96.24945015544066 96.24945015544066 96.24945015544066 6.015590634715041 6.015590634715041 6.015590634715041
 682704 1024 14450.073 14450.073 14450.073 96.75921997072264 96.75921997072264 96.75921997072264 6.047451248170165 6.047451248170165 6.047451248170165
 750968 1024 15944.958 15944.958 15944.958 96.45572374665394 96.45572374665394 96.45572374665394 6.0284827341658715 6.0284827341658715 6.0284827341658715
 826064 1024 17406.94 17406.94 17406.94 97.18991804418239 97.18991804418239 97.18991804418239 6.0743698777613995 6.0743698777613995 6.0743698777613995
 908664 1024 19157.171 19157.171 19157.171 97.14084986765532 97.14084986765532 97.14084986765532 6.0713031167284575 6.0713031167284575 6.0713031167284575
 999528 1024 21032.095 21032.095 21032.095 97.32902708931277 97.32902708931277 97.32902708931277 6.083064193082048 6.083064193082048 6.083064193082048
 1099480 512 11621.952 11621.952 11621.952 96.87421871988457 96.87421871988457 96.87421871988457 6.054638669992785 6.054638669992785 6.054638669992785
 1209424 512 12825.012 12825.012 12825.012 96.565225514019 96.565225514019 96.565225514019 6.035326594626188 6.035326594626188 6.035326594626188
 1330360 512 14077.902 14077.902 14077.902 96.76787350842477 96.76787350842477 96.76787350842477 6.047992094276548 6.047992094276548 6.047992094276548
 1463392 512 15408.039 15408.039 15408.039 97.25529692649403 97.25529692649403 97.25529692649403 6.078456057905877 6.078456057905877 6.078456057905877
 1609728 512 16938.925 16938.925 16938.925 97.31204737018435 97.31204737018435 97.31204737018435 6.082002960636522 6.082002960636522 6.082002960636522
 1770696 512 18687.963 18687.963 18687.963 97.02463045330302 97.02463045330302 97.02463045330302 6.064039403331439 6.064039403331439 6.064039403331439
 1947760 512 20494.938 20494.938 20494.938 97.31701749963821 97.31701749963821 97.31701749963821 6.082313593727388 6.082313593727388 6.082313593727388
 2142536 256 11277.914 11277.914 11277.914 97.26784864647841 97.26784864647841 97.26784864647841 6.079240540404901 6.079240540404901 6.079240540404901
 2356784 256 12398.005 12398.005 12398.005 97.32803043715501 97.32803043715501 97.32803043715501 6.083001902322188 6.083001902322188 6.083001902322188
 2592456 256 13651.133 13651.133 13651.133 97.23276976350608 97.23276976350608 97.23276976350608 6.07704811021913 6.07704811021913 6.07704811021913
 2851696 256 14981.985 14981.985 14981.985 97.45493350847701 97.45493350847701 97.45493350847701 6.090933344279813 6.090933344279813 6.090933344279813
 3136864 256 16498.089 16498.089 16498.089 97.3491152823821 97.3491152823821 97.3491152823821 6.084319705148881 6.084319705148881 6.084319705148881
 3450544 256 18141.031 18141.031 18141.031 97.38578408250336 97.38578408250336 97.38578408250336 6.08661150515646 6.08661150515646 6.08661150515646
 3795592 256 19955.158 19955.158 19955.158 97.38550323680724 97.38550323680724 97.38550323680724 6.086593952300452 6.086593952300452 6.086593952300452
 4175144 256 21980.047 21980.047 21980.047 97.25519367633747 97.25519367633747 97.25519367633747 6.078449604771092 6.078449604771092 6.078449604771092
 4592656 128 12060.165 12060.165 12060.165 97.48788146762502 97.48788146762502 97.48788146762502 6.0929925917265635 6.0929925917265635 6.0929925917265635
 5051920 128 13258.219 13258.219 13258.219 97.54639895449003 97.54639895449003 97.54639895449003 6.096649934655627 6.096649934655627 6.096649934655627
 5557112 128 14671.087 14671.087 14671.087 96.96763927580827 96.96763927580827 96.96763927580827 6.060477454738017 6.060477454738017 6.060477454738017
 6112816 128 16160.011 16160.011 16160.011 96.83662319289262 96.83662319289262 96.83662319289262 6.0522889495557886 6.0522889495557886 6.0522889495557886
 6724096 128 17651.081 17651.081 17651.081 97.52199176922932 97.52199176922932 97.52199176922932 6.095124485576832 6.095124485576832 6.095124485576832
 7396504 128 19439.936 19439.936 19439.936 97.40284247849375 97.40284247849375 97.40284247849375 6.0876776549058595 6.0876776549058595 6.0876776549058595
 8136152 128 21125.078 21125.078 21125.078 98.59631817690803 98.59631817690803 98.59631817690803 6.162269886056752 6.162269886056752 6.162269886056752
 8949760 64 11615.992 11615.992 11615.992 98.62001282370028 98.62001282370028 98.62001282370028 6.163750801481267 6.163750801481267 6.163750801481267
 9844736 64 12805.939 12805.939 12805.939 98.40170314726628 98.40170314726628 98.40170314726628 6.150106446704142 6.150106446704142 6.150106446704142
 10829208 64 14091.015 14091.015 14091.015 98.37038879030361 98.37038879030361 98.37038879030361 6.1481492993939755 6.1481492993939755 6.1481492993939755
 11912128 64 15414.0 15414.0 15414.0 98.919967821461 98.919967821461 98.919967821461 6.1824979888413125 6.1824979888413125 6.1824979888413125
 13103336 64 17044.067 17044.067 17044.067 98.40532825880115 98.40532825880115 98.40532825880115 6.150333016175072 6.150333016175072 6.150333016175072
 14413664 64 18723.011 18723.011 18723.011 98.53911809377243 98.53911809377243 98.53911809377243 6.158694880860777 6.158694880860777 6.158694880860777
 15855024 64 20771.027 20771.027 20771.027 97.70547561273692 97.70547561273692 97.70547561273692 6.106592225796057 6.106592225796057 6.106592225796057
 17440520 32 11394.024 11394.024 11394.024 97.96304448718031 97.96304448718031 97.96304448718031 6.1226902804487695 6.1226902804487695 6.1226902804487695
 19184568 32 12485.981 12485.981 12485.981 98.33527313552695 98.33527313552695 98.33527313552695 6.145954570970434 6.145954570970434 6.145954570970434
 21103024 32 13664.961 13664.961 13664.961 98.8362525147346 98.8362525147346 98.8362525147346 6.177265782170912 6.177265782170912 6.177265782170912
 23213320 32 15058.041 15058.041 15058.041 98.66173694174428 98.66173694174428 98.66173694174428 6.1663585588590175 6.1663585588590175 6.1663585588590175
 25534648 32 16508.102 16508.102 16508.102 98.99487366869916 98.99487366869916 98.99487366869916 6.187179604293697 6.187179604293697 6.187179604293697
 28088112 32 18263.102 18263.102 18263.102 98.43011159878534 98.43011159878534 98.43011159878534 6.151881974924084 6.151881974924084 6.151881974924084
 30896920 32 21058.083 21058.083 21058.083 93.90232149811548 93.90232149811548 93.90232149811548 5.868895093632218 5.868895093632218 5.868895093632218
 33986608 16 15220.881 15220.881 15220.881 71.45259568089391 71.45259568089391 71.45259568089391 4.465787230055869 4.465787230055869 4.465787230055869
 37385264 16 22368.193 22368.193 22368.193 53.483464131411964 53.483464131411964 53.483464131411964 3.3427165082132477 3.3427165082132477 3.3427165082132477
 41123784 16 25680.065 25680.065 25680.065 51.24446094665259 51.24446094665259 51.24446094665259 3.2027788091657867 3.2027788091657867 3.2027788091657867
 45236160 16 28501.987 28501.987 28501.987 50.78793699541018 50.78793699541018 50.78793699541018 3.174246062213136 3.174246062213136 3.174246062213136
 49759776 16 32331.944 32331.944 32331.944 49.24890479830102 49.24890479830102 49.24890479830102 3.0780565498938137 3.0780565498938137 3.0780565498938137
 54735752 16 36001.921 36001.921 36001.921 48.651405684713325 48.651405684713325 48.651405684713325 3.040712855294583 3.040712855294583 3.040712855294583
 60209320 16 39881.945 39881.945 39881.945 48.31003703555581 48.31003703555581 48.31003703555581 3.019377314722238 3.019377314722238 3.019377314722238
 66230248 16 43529.034 43529.034 43529.034 48.68860485164913 48.68860485164913 48.68860485164913 3.0430378032280707 3.0430378032280707 3.0430378032280707
 72853272 8 24333.954 24333.954 24333.954 47.90229947833385 47.90229947833385 47.90229947833385 2.9938937173958657 2.9938937173958657 2.9938937173958657
 80138592 8 26793.957 26793.957 26793.957 47.85472604886243 47.85472604886243 47.85472604886243 2.990920378053902 2.990920378053902 2.990920378053902
 88152448 8 29419.899 29419.899 29419.899 47.94167267535486 47.94167267535486 47.94167267535486 2.9963545422096787 2.9963545422096787 2.9963545422096787
 96967688 8 32702.923 32702.923 32702.923 47.44172280869205 47.44172280869205 47.44172280869205 2.965107675543253 2.965107675543253 2.965107675543253
 106664456 8 35991.907 35991.907 35991.907 47.41708451291564 47.41708451291564 47.41708451291564 2.9635677820572277 2.9635677820572277 2.9635677820572277
 117330896 8 39575.1 39575.1 39575.1 47.43624996525593 47.43624996525593 47.43624996525593 2.9647656228284958 2.9647656228284958 2.9647656228284958
 129063984 8 43674.946 43674.946 43674.946 47.28165534537809 47.28165534537809 47.28165534537809 2.9551034590861307 2.9551034590861307 2.9551034590861307
 141970376 4 24131.06 24131.06 24131.06 47.0664367002527 47.0664367002527 47.0664367002527 2.941652293765794 2.941652293765794 2.941652293765794
 156167408 4 26798.01 26798.01 26798.01 46.62059846981176 46.62059846981176 46.62059846981176 2.913787404363235 2.913787404363235 2.913787404363235
 171784144 4 29429.197 29429.197 29429.197 46.69760958819229 46.69760958819229 46.69760958819229 2.9186005992620183 2.9186005992620183 2.9186005992620183
 188962552 4 32339.096 32339.096 32339.096 46.74528984978429 46.74528984978429 46.74528984978429 2.9215806156115183 2.9215806156115183 2.9215806156115183
 207858800 4 35607.815 35607.815 35607.815 46.699591086956616 46.699591086956616 46.699591086956616 2.9187244429347885 2.9187244429347885 2.9187244429347885
 228644680 4 39215.088 39215.088 39215.088 46.6442263243168 46.6442263243168 46.6442263243168 2.9152641452698 2.9152641452698 2.9152641452698
 251509144 4 43232.203 43232.203 43232.203 46.54107383794437 46.54107383794437 46.54107383794437 2.908817114871523 2.908817114871523 2.908817114871523
 276660056 2 23824.93 23824.93 23824.93 46.44883422532616 46.44883422532616 46.44883422532616 2.903052139082885 2.903052139082885 2.903052139082885
 304326056 2 26242.971 26242.971 26242.971 46.38591507036303 46.38591507036303 46.38591507036303 2.8991196918976896 2.8991196918976896 2.8991196918976896
 334758656 2 28974.056 28974.056 28974.056 46.21495257688464 46.21495257688464 46.21495257688464 2.88843453605529 2.88843453605529 2.88843453605529
 368234520 2 31913.042 31913.042 31913.042 46.15473761479711 46.15473761479711 46.15473761479711 2.884671100924819 2.884671100924819 2.884671100924819
 405057968 2 35163.164 35163.164 35163.164 46.07753363718919 46.07753363718919 46.07753363718919 2.8798458523243244 2.8798458523243244 2.8798458523243244
 445563760 2 38813.114 38813.114 38813.114 45.918888136623096 45.918888136623096 45.918888136623096 2.8699305085389435 2.8699305085389435 2.8699305085389435
 490120136 2 42752.981 42752.981 42752.981 45.85599642747718 45.85599642747718 45.85599642747718 2.8659997767173238 2.8659997767173238 2.8659997767173238
 539132144 1 23559.093 23559.093 23559.093 45.76849745446482 45.76849745446482 45.76849745446482 2.8605310909040513 2.8605310909040513 2.8605310909040513
 593045352 1 25893.927 25893.927 25893.927 45.80574835172741 45.80574835172741 45.80574835172741 2.862859271982963 2.862859271982963 2.862859271982963
 652349880 1 28515.1 28515.1 28515.1 45.75469698510614 45.75469698510614 45.75469698510614 2.859668561569134 2.859668561569134 2.859668561569134
 717584864 1 31424.046 31424.046 31424.046 45.67106756399224 45.67106756399224 45.67106756399224 2.854441722749515 2.854441722749515 2.854441722749515
 789343344 1 34538.031 34538.031 34538.031 45.70864760646025 45.70864760646025 45.70864760646025 2.8567904754037654 2.8567904754037654 2.8567904754037654
 868277672 1 37889.004 37889.004 37889.004 45.832699745815425 45.832699745815425 45.832699745815425 2.864543734113464 2.864543734113464 2.864543734113464
 955105432 1 41728.973 41728.973 41728.973 45.77660859278756 45.77660859278756 45.77660859278756 2.8610380370492225 2.8610380370492225 2.8610380370492225
 1050615968 1 45943.022 45943.022 45943.022 45.73560563778325 45.73560563778325 45.73560563778325 2.8584753523614532 2.8584753523614532 2.8584753523614532
 
META_DATA
 FLOPS          1
 MPI_PROCS      1
 OPENMP_THREADS 1
 ERT_VERSION  1.1.0
 HOSTNAME  ('c3cpu-c11-u13-2.rc.int.colorado.edu', [], ['10.225.64.253'])
 UNAME  uname_result(system='Linux', node='c3cpu-c11-u13-2.rc.int.colorado.edu', release='4.18.0-305.34.2.el8_4.x86_64', version='#1 SMP Mon Jan 17 09:42:23 EST 2022', machine='x86_64', processor='x86_64')
 TIMESTAMP_DATA  1728137822.8777099
 CONFIG  {'ERT_RESULTS': ['Results.alpine'], 'ERT_DRIVER': ['driver1'], 'ERT_KERNEL': ['kernel1'], 'ERT_MPI': ['True'], 'ERT_MPI_CFLAGS': ['-I/usr/include/mpi'], 'ERT_MPI_LDFLAGS': ['-lmpi'], 'ERT_OPENMP': ['True'], 'ERT_OPENMP_CFLAGS': ['-qopenmp'], 'ERT_OPENMP_LDFLAGS': ['-qopenmp'], 'ERT_FLOPS': ['1,2,4,8,16'], 'ERT_ALIGN': ['32'], 'ERT_CC': ['icpc'], 'ERT_CFLAGS': ['-O3', '-fno-alias', '-fno-fnalias', '-DERT_INTEL'], 'ERT_LD': ['icpc'], 'ERT_LDFLAGS': [], 'ERT_LDLIBS': [], 'ERT_PRECISION': ['FP64'], 'ERT_RUN': ['export', 'OMP_NUM_THREADS=ERT_OPENMP_THREADS;', 'mpirun', '-np', 'ERT_MPI_PROCS', 'ERT_CODE'], 'ERT_PROCS_THREADS': ['1'], 'ERT_MPI_PROCS': ['1'], 'ERT_OPENMP_THREADS': ['1'], 'ERT_NUM_EXPERIMENTS': ['1'], 'ERT_MEMORY_MAX': ['1073741824'], 'ERT_WORKING_SET_MIN': ['1'], 'ERT_TRIALS_MIN': ['1'], 'ERT_GNUPLOT': ['gnuplot'], 'ERT_GPU': [False], 'ERT_HIP': [False], 'ERT_OCL': [False], 'ERT_SYCL': [False], 'ERT_WSS_MULT': [1.1]}
 