fp64
 32 33554432 456317.902 456339.836 587395.191 3.655943529847523 4.705886882073561 4.706113081664721 3.655943529847523 4.705886882073561 4.706113081664721
 64 16777216 232676.029 232687.235 299160.004 7.178378189886639 9.229056540209436 9.229501024362076 7.178378189886639 9.229056540209436 9.229501024362076
 96 8388608 116065.979 116092.92 149626.017 10.764255898090237 13.873479416315826 13.876699700262726 10.764255898090237 13.873479416315826 13.876699700262726
 128 8388608 116627.932 116658.926 150188.923 14.29854882173967 18.408224056511543 18.41311606211109 14.29854882173967 18.408224056511543 18.41311606211109
 160 4194304 58274.031 58275.938 75130.939 17.864508255380652 23.03141444072509 23.032168136781202 17.864508255380652 23.03141444072509 23.032168136781202
 192 4194304 58750.153 58780.193 75746.059 21.263320590712187 27.40060305688346 27.414613473432144 21.263320590712187 27.40060305688346 27.414613473432144
 224 4194304 58817.863 58878.899 75855.97 24.771263118776282 31.913779366017017 31.94689667660996 24.771263118776282 31.913779366017017 31.94689667660996
 256 4194304 59152.126 59168.816 76285.124 28.15075253728368 36.294179826075954 36.30442036859335 28.15075253728368 36.294179826075954 36.30442036859335
 288 2097152 29689.074 29708.862 38261.89 31.570828100755083 40.65990652890036 40.687006674576644 31.570828100755083 40.65990652890036 40.687006674576644
 320 2097152 29913.902 30040.026 38498.878 34.86276353300478 44.67963110284924 44.868010866653236 34.86276353300478 44.67963110284924 44.868010866653236
 352 2097152 30061.007 30067.921 38737.059 38.11324468385686 49.1019983722852 49.11329178027868 38.11324468385686 49.1019983722852 49.11329178027868
 384 2097152 30175.924 30176.878 38894.892 41.40936388253758 53.37241102277048 53.3740983706083 41.40936388253758 53.37241102277048 53.3740983706083
 416 2097152 30623.913 30636.072 39475.203 44.20067108964582 56.95346531369949 56.97607826929237 44.20067108964582 56.95346531369949 56.97607826929237
 448 2097152 30811.071 30812.025 39692.879 47.339680046892035 60.9842485847652 60.98613683373746 47.339680046892035 60.9842485847652 60.98613683373746
 480 2097152 33137.083 33159.971 42716.026 47.13139560313967 60.713741878724804 60.75567725740977 47.13139560313967 60.713741878724804 60.75567725740977
 512 2097152 30766.964 30766.964 39644.003 54.16919295460654 69.7983606052258 69.7983606052258 54.16919295460654 69.7983606052258 69.7983606052258
 544 1048576 16090.87 16108.036 20739.079 55.00970838676105 70.8249402968804 70.9004974870843 55.00970838676105 70.8249402968804 70.9004974870843
 576 1048576 16870.975 16870.975 21754.026 55.52809176563454 71.59986616066944 71.59986616066944 55.52809176563454 71.59986616066944 71.59986616066944
 608 1048576 19274.95 19276.142 24852.991 51.304425129353646 66.14749030174193 66.15158098983396 51.304425129353646 66.14749030174193 66.15158098983396
 640 1048576 19267.082 19295.216 24834.871 54.04406086909008 69.56010650515651 69.66167891951673 54.04406086909008 69.56010650515651 69.66167891951673
 704 1048576 20500.898 20501.137 26449.203 55.82001877334451 72.01527446989891 72.01611402583437 55.82001877334451 72.01527446989891 72.01611402583437
 768 1048576 21706.104 21715.879 27987.003 57.548596253768224 74.16751290610894 74.20091307035108 57.548596253768224 74.16751290610894 74.20091307035108
 832 1048576 22871.971 22889.853 29502.153 59.14247899127905 76.2272463698216 76.28684314089065 59.14247899127905 76.2272463698216 76.28684314089065
 896 1048576 25247.097 25249.004 32531.023 57.76173076389267 74.42068574269305 74.4263069928396 57.76173076389267 74.42068574269305 74.4263069928396
 960 1048576 27899.027 27906.179 35967.112 55.97518977892914 72.14409109896414 72.16258545504114 55.97518977892914 72.14409109896414 72.16258545504114
 1056 524288 13938.904 13939.142 17960.072 61.65321920758446 79.43790629294112 79.43926265651875 61.65321920758446 79.43790629294112 79.43926265651875
 1152 524288 15720.129 15724.897 20263.91 59.61137569205548 76.81828071751438 76.84158011680438 59.61137569205548 76.81828071751438 76.84158011680438
 1248 524288 18366.098 18388.987 23687.124 55.24616867797036 71.16340057230992 71.25208893037595 55.24616867797036 71.16340057230992 71.25208893037595
 1344 524288 19125.938 19129.992 24646.997 57.178817524909824 73.66893535554014 73.68455047799486 57.178817524909824 73.66893535554014 73.68455047799486
 1472 524288 20415.068 20416.021 26301.861 58.68420763078324 75.6025805420165 75.60610976167213 58.68420763078324 75.6025805420165 75.60610976167213
 1600 524288 20668.983 20670.891 26651.859 62.94951507885435 81.16348734072469 81.17097972357904 62.94951507885435 81.16348734072469 81.17097972357904
 1760 524288 24439.812 24451.017 31474.113 58.635290532254245 75.4771779022525 75.5117821691918 58.635290532254245 75.4771779022525 75.5117821691918
 1920 524288 25511.98 25514.126 32896.042 61.200855713888004 78.90789282768297 78.91453035005514 61.200855713888004 78.90789282768297 78.91453035005514
 2112 262144 13582.945 17493.01 17496.109 63.288143438063855 63.29935534250537 81.52107337547196 63.288143438063855 63.29935534250537 81.52107337547196
 2304 262144 15312.91 19740.105 19742.012 61.18725649645031 61.193167513546655 78.88504222907338 61.18725649645031 61.193167513546655 78.88504222907338
 2528 262144 17037.868 21945.953 21947.145 60.39054574068746 60.393825868487006 77.79142695553224 60.39054574068746 60.393825868487006 77.79142695553224
 2752 262144 17930.031 23068.905 23074.15 62.53060572112082 62.54482282535734 80.47061246017924 62.53060572112082 62.54482282535734 80.47061246017924
 3008 262144 19690.99 25372.028 25381.088 62.13517340155 62.157361011898615 80.09035117076388 62.13517340155 62.157361011898615 80.09035117076388
 3296 262144 21871.805 28197.05 28208.971 61.25899622499522 61.284894980148636 79.00825962923498 61.25899622499522 61.284894980148636 79.00825962923498
 3616 262144 23113.012 29553.89 29555.082 64.14549646656369 64.14808365328558 82.02416058971458 64.14549646656369 64.14808365328558 82.02416058971458
 3968 262144 25665.045 33082.008 33086.061 62.87768084571929 62.88538422456097 81.05868444804987 62.87768084571929 62.88538422456097 81.05868444804987
 4352 131072 14046.907 18108.845 18110.991 62.99217353705271 62.999638463966086 81.21721657301498 62.99217353705271 62.999638463966086 81.21721657301498
 4768 131072 15408.039 19836.903 19840.956 62.99608708370705 63.0089582028001 81.12016019689462 62.99608708370705 63.0089582028001 81.12016019689462
 5216 131072 16696.93 21517.992 21520.138 63.53784088187539 63.544177542216765 81.89188695167316 63.53784088187539 63.544177542216765 81.89188695167316
 5728 131072 18352.032 23630.142 23643.017 63.50969641480189 63.544299987702146 81.81986779447638 63.50969641480189 63.544299987702146 81.81986779447638
 6272 131072 19973.993 25722.027 25729.895 63.90104460200868 63.920591017185394 82.31539722678386 63.90104460200868 63.920591017185394 82.31539722678386
 6880 131072 22238.016 28659.105 28664.112 62.920167211180306 62.93115992282383 81.10214148600308 62.920167211180306 62.93115992282383 81.10214148600308
 7552 131072 24059.057 31002.045 31003.952 63.85352060924362 63.85744837155097 82.28549805588806 63.85352060924362 63.85744837155097 82.28549805588806
 8288 65536 13185.024 16989.946 16995.907 63.916843978965055 63.93926949502959 82.39080459770115 63.916843978965055 63.93926949502959 82.39080459770115
 9088 65536 14379.978 18520.117 18523.216 64.3075336377873 64.31829431747111 82.83617235019413 64.3075336377873 64.31829431747111 82.83617235019413
 9984 65536 15877.008 20452.023 20570.04 63.61790487524574 63.98500764447605 82.42250983308693 63.61790487524574 63.98500764447605 82.42250983308693
 10976 65536 17467.976 22511.959 22514.105 63.899776251376636 63.9058676323993 82.35907079331916 63.899776251376636 63.9058676323993 82.35907079331916
 12064 65536 19155.025 24693.966 24700.165 64.01789656061003 64.03396716428621 82.55027638961577 64.01789656061003 64.03396716428621 82.55027638961577
 13248 65536 20944.118 26989.937 26990.891 64.33436584216504 64.33663983728454 82.90833044389838 64.33436584216504 64.33663983728454 82.90833044389838
 14560 65536 23092.031 29745.817 29752.97 64.14177542611712 64.15719964928178 82.64358903727438 64.14177542611712 64.15719964928178 82.64358903727438
 16000 65536 25141.001 32397.985 32402.992 64.72093688138429 64.73093928526728 83.41561260826488 64.72093688138429 64.73093928526728 83.41561260826488
 17600 32768 13875.961 17879.963 17889.977 64.47373297349685 64.5098426657818 83.1245922354495 64.47373297349685 64.5098426657818 83.1245922354495
 19360 32768 15269.995 19680.977 19682.169 64.46326926671547 64.46717355545917 83.08954652571923 64.46326926671547 64.46717355545917 83.08954652571923
 21280 32768 16770.124 21618.843 21621.943 64.49957249447934 64.50882130926247 83.16015313899885 64.49957249447934 64.50882130926247 83.16015313899885
 23392 32768 18453.121 23748.159 23751.974 64.54276650858577 64.55313491879517 83.07635938657748 64.54276650858577 64.55313491879517 83.07635938657748
 25728 32768 20206.928 26059.151 26061.773 64.69668076688413 64.70319036871155 83.44218418554271 64.69668076688413 64.70319036871155 83.44218418554271
 28288 32768 22294.044 28604.031 28609.991 64.7984254171908 64.8119269623222 83.15594819854127 64.7984254171908 64.8119269623222 83.15594819854127
 31104 32768 24443.865 31490.088 31495.094 64.72219908281588 64.73248801337107 83.39236630541036 64.72219908281588 64.73248801337107 83.39236630541036
 34208 16384 13437.033 17318.964 17323.017 64.70742042220475 64.72256331267853 83.4207777862866 64.70742042220475 64.72256331267853 83.4207777862866
 37600 16384 14758.825 19019.127 19023.895 64.7646972399711 64.78093342559835 83.48068359100401 64.7646972399711 64.78093342559835 83.48068359100401
 41344 16384 16225.815 20906.21 20910.978 64.78703157738485 64.80180730988545 83.4941229146271 64.78703157738485 64.80180730988545 83.4941229146271
 45472 16384 17853.975 23010.015 23014.069 64.7441569763261 64.7555638707754 83.45628892165472 64.7441569763261 64.7555638707754 83.45628892165472
 50016 16384 19629.002 25289.059 25300.98 64.77710697372196 64.80764222978797 83.4950390243987 64.77710697372196 64.80764222978797 83.4950390243987
 55008 16384 21615.028 27853.012 27856.112 64.70759968225285 64.71480154462289 83.39115470958447 64.70759968225285 64.71480154462289 83.39115470958447
 60480 16384 23661.137 30484.915 30501.127 64.97493158203629 65.00948551111262 83.75796311056396 64.97493158203629 65.00948551111262 83.75796311056396
 66528 8192 13062.954 16838.074 16839.981 64.72660224497878 64.73393287141985 83.4416742185573 64.72660224497878 64.73393287141985 83.4416742185573
 73152 8192 14353.037 18489.838 18493.176 64.80889859048548 64.82059864450949 83.50305012103013 64.80889859048548 64.82059864450949 83.50305012103013
 80448 8192 15782.118 20326.138 20327.091 64.84253118166293 64.84557135251173 83.51604214339291 64.84253118166293 64.84557135251173 83.51604214339291
 88480 8192 17359.972 22358.179 22367.954 64.80951811685593 64.8378528501807 83.50568307368238 64.80951811685593 64.8378528501807 83.50568307368238
 97312 8192 19061.089 24584.055 24585.962 64.8483800633874 64.85341039141021 83.64473866104923 64.8483800633874 64.85341039141021 83.64473866104923
 107040 8192 20969.868 27029.991 27039.051 64.8596491052885 64.88138897271553 83.6315879527711 64.8596491052885 64.88138897271553 83.6315879527711
 117728 8192 23072.004 29749.155 29754.877 64.82485382144245 64.83732233739076 83.60156109542976 64.82485382144245 64.83732233739076 83.60156109542976
 129472 8192 25374.889 32680.035 32682.896 64.9045680652045 64.91025018792054 83.59718334137344 64.9045680652045 64.91025018792054 83.59718334137344
 142400 4096 14010.191 18054.962 18058.062 64.59944594275952 64.61053753533238 83.26373280706879 64.59944594275952 64.61053753533238 83.26373280706879
 156640 4096 15421.152 19885.063 19887.924 64.5213085086206 64.53059163051181 83.21005330859848 64.5213085086206 64.53059163051181 83.21005330859848
 172288 4096 16981.125 21867.99 21869.183 64.53754106863525 64.54106189000451 83.11482872895641 64.53754106863525 64.54106189000451 83.11482872895641
 189504 4096 18648.148 24029.97 24033.07 64.59502543786542 64.60335855600319 83.24777173583136 64.59502543786542 64.60335855600319 83.24777173583136
 208448 4096 20511.15 26437.044 26437.044 64.59141256488432 64.59141256488432 83.25257316142682 64.59141256488432 64.59141256488432 83.25257316142682
 229280 4096 22542.0 29065.132 29068.947 64.61402815863953 64.62250919761864 83.32276461715908 64.61402815863953 64.62250919761864 83.32276461715908
 252192 4096 24808.884 31970.978 31973.124 64.61542087660874 64.61975808184536 83.27488104664441 64.61542087660874 64.61975808184536 83.27488104664441
 277408 2048 13657.093 17575.026 17579.079 64.63724112053879 64.65214720023742 83.19948967177714 64.63724112053879 64.65214720023742 83.19948967177714
 305120 2048 15007.019 19325.972 19328.833 64.65840539881533 64.6679773726258 83.27913225138182 64.65840539881533 64.6679773726258 83.27913225138182
 335616 2048 16498.089 21249.056 21250.01 64.69094066308675 64.69384503481002 83.32377986323144 64.69094066308675 64.69384503481002 83.32377986323144
 369152 2048 18138.17 23365.021 23380.041 64.67253808494176 64.71411226208613 83.36268719501471 64.67253808494176 64.71411226208613 83.36268719501471
 406048 2048 19952.059 25696.039 25702.0 64.7098516846938 64.72486315887052 83.35844476001198 64.7098516846938 64.72486315887052 83.35844476001198
 446624 2048 21945.953 28271.914 28274.059 64.70142486439602 64.7063337841223 83.35805257579837 64.70142486439602 64.7063337841223 83.35805257579837
 491264 2048 31080.008 31083.822 31096.935 64.70789947626672 64.73519710671358 64.7431411214566 64.70789947626672 64.73519710671358 64.7431411214566
 540384 1024 17096.996 17099.857 17108.202 64.68864653339959 64.720215613499 64.73104585156364 64.68864653339959 64.720215613499 64.73104585156364
 594400 1024 18803.835 18805.981 18807.888 64.72450282562296 64.7310661432658 64.73845361863685 64.72450282562296 64.7310661432658 64.73845361863685
 653824 1024 20680.189 20680.904 20684.004 64.73754075854946 64.74724470458351 64.74948328567017 64.73754075854946 64.74724470458351 64.74948328567017
 719200 1024 22740.126 22745.132 22758.961 64.71831468932172 64.7576633101096 64.7719190298242 64.71831468932172 64.7576633101096 64.7719190298242
 791104 1024 25027.037 25030.136 25040.865 64.70147864301013 64.72921249808631 64.73722766302699 64.70147864301013 64.72921249808631 64.73722766302699
 870208 1024 27510.881 27518.034 27525.187 64.74746144322289 64.76429180950936 64.78113092779545 64.74746144322289 64.76429180950936 64.78113092779545
 957216 1024 30269.146 30277.967 30279.875 64.74195709196289 64.74603687889613 64.76490509510906 64.74195709196289 64.74603687889613 64.76490509510906
 1052928 512 16649.008 16652.107 16671.896 64.67160495722861 64.748459279057 64.76051137701417 64.67160495722861 64.748459279057 64.76051137701417
 1158208 512 18311.024 18314.838 18327.951 64.7101791138573 64.75651010399328 64.76999822620515 64.7101791138573 64.75651010399328 64.76999822620515
 1274016 512 20152.092 20328.045 20349.979 64.10780001296315 64.17697245357338 64.7373177931105 64.10780001296315 64.17697245357338 64.7373177931105
 1401408 512 22164.106 22359.848 22422.791 63.999249335196495 64.17940730187432 64.74620686257322 63.999249335196495 64.17940730187432 64.74620686257322
 1541536 512 24387.121 24578.81 24630.785 64.08780166770974 64.22332342371335 64.72813514969644 64.08780166770974 64.22332342371335 64.72813514969644
 1695680 512 26831.15 27026.892 27112.961 64.04229770403904 64.24624481423909 64.71494214746666 64.04229770403904 64.24624481423909 64.71494214746666
 1865248 512 29505.014 29721.022 29817.104 64.05766140132187 64.26474675063326 64.73523286584442 64.05766140132187 64.26474675063326 64.73523286584442
 2051744 512 32630.205 32710.075 32774.21 64.10485122295854 64.23054230233346 64.38776146211768 64.10485122295854 64.23054230233346 64.38776146211768
 2256896 256 17945.051 17990.112 17991.066 64.22803140180798 64.2314373584778 64.39272599448171 64.22803140180798 64.2314373584778 64.39272599448171
 2482560 256 19757.032 19788.027 19802.094 64.18870246752692 64.23433321573697 64.33510458453476 64.18870246752692 64.23433321573697 64.33510458453476
 2730816 256 21699.905 21777.153 21790.981 64.16314125554972 64.20388340018552 64.43243839085932 64.16314125554972 64.20388340018552 64.43243839085932
 3003872 256 23881.912 23948.193 23951.054 64.21356087293695 64.22123222407636 64.3994695232107 64.21356087293695 64.22123222407636 64.3994695232107
 3304256 256 26288.033 26316.166 26321.173 64.27445585346824 64.28668492211213 64.35548342472029 64.27445585346824 64.28668492211213 64.35548342472029
 3634656 256 28931.856 28952.122 28986.931 64.19941014107357 64.276596789693 64.32162084589389 64.19941014107357 64.276596789693 64.32162084589389
 3998112 256 31846.046 31851.768 31859.875 64.25114172607394 64.2674951041964 64.2790424908637 64.25114172607394 64.2674951041964 64.2790424908637
 4397920 128 17508.984 17523.05 17529.011 64.22881017075065 64.2506595598369 64.30227590590064 64.22881017075065 64.2506595598369 64.30227590590064
 4837696 128 19266.129 19275.188 19311.905 64.12884570424306 64.25100372561866 64.28121476815608 64.12884570424306 64.25100372561866 64.28121476815608
 5321440 128 21180.868 21182.06 21203.995 64.24679122967159 64.31332174491055 64.31694111874924 64.24679122967159 64.31332174491055 64.31694111874924
 5853568 128 23293.018 23306.131 23308.039 64.29169815615977 64.29696151626368 64.333158030445 64.29169815615977 64.29696151626368 64.333158030445
 6438912 128 25629.997 25634.05 25651.932 64.25876507079467 64.30359119998596 64.31375984944516 64.25876507079467 64.30359119998596 64.31375984944516
 7082784 128 28158.903 28176.069 28213.978 64.26575876680701 64.3522240096729 64.39145388582787 64.26575876680701 64.3522240096729 64.39145388582787
 7791040 128 31008.005 31011.82 32732.01 60.93442596406393 64.31438851379893 64.3223012896186 60.93442596406393 64.31438851379893 64.3223012896186
 8570144 64 17055.035 17064.095 18429.041 59.52444470659108 64.28576681036995 64.31991678703679 59.52444470659108 64.28576681036995 64.31991678703679
 9427136 64 18758.059 18759.966 20184.04 59.78354224426824 64.32172680909976 64.32826594691913 59.78354224426824 64.32172680909976 64.32826594691913
 10369824 64 20630.836 20632.029 22255.898 59.63980747934772 64.33383124849233 64.33755142060167 59.63980747934772 64.33383124849233 64.33755142060167
 11406784 64 22698.879 22699.118 24713.039 59.08089053717756 64.32269095213303 64.32336821567267 59.08089053717756 64.32269095213303 64.32336821567267
 12547456 64 24960.041 24968.147 27096.987 59.27132666078336 64.32493240287315 64.34582250886527 59.27132666078336 64.32493240287315 64.34582250886527
 13802176 64 27456.999 27475.834 29496.193 59.89513724703388 64.29935950260874 64.34346768924019 59.89513724703388 64.29935950260874 64.34346768924019
 15182368 64 30197.859 30212.879 32624.006 59.567887033860885 64.32167897670394 64.3536716957318 59.567887033860885 64.32167897670394 64.3536716957318
 16700576 64 33214.092 33231.974 35999.06 59.38137629149206 64.32581248408536 64.36044459682958 59.38137629149206 64.32581248408536 64.36044459682958
 18370624 32 18265.963 18278.837 19732.952 59.581553535426416 64.32137536977872 64.36670960080232 59.581553535426416 64.32137536977872 64.36670960080232
 20207680 32 20092.964 20105.124 21847.963 59.19506180049829 64.32646324389742 64.36539278127407 59.19506180049829 64.32646324389742 64.36539278127407
 22228448 32 22116.184 22118.092 23982.048 59.32023286751824 64.31932157620106 64.32487051111531 59.32023286751824 64.31932157620106 64.32487051111531
 24451264 32 24430.99 24431.944 26227.951 59.66462633699445 64.05060915332811 64.05311025054654 59.66462633699445 64.05060915332811 64.05311025054654
 26896384 32 26743.889 26756.048 28969.049 59.42095565512005 64.33568126354086 64.36493121849257 59.42095565512005 64.33568126354086 64.36493121849257
 29586016 32 29428.005 29433.966 31424.046 60.256563524633336 64.33061124008908 64.34364218709355 60.256563524633336 64.33061124008908 64.34364218709355
 32544608 32 32370.09 32377.958 32383.204 64.31898807789372 64.32940928516864 64.34504544164074 64.31898807789372 64.32940928516864 64.34504544164074
 35799040 16 17826.08 17832.994 18257.141 62.74636757200921 64.23875205700176 64.26366761508979 62.74636757200921 64.23875205700176 64.26366761508979
 39378944 16 19603.968 19616.127 20759.106 60.702335062020495 64.23929698252871 64.27914022304056 60.702335062020495 64.23929698252871 64.27914022304056
 43316832 16 21677.971 21679.878 23231.983 59.665101511136605 63.93664318590723 63.942267659643974 59.665101511136605 63.93664318590723 63.942267659643974
 47648512 16 23730.04 23736.0 25293.827 60.28160088230222 64.23796697000337 64.25410087804319 60.28160088230222 64.23796697000337 64.25410087804319
 52413344 16 26108.98 26222.944 28268.099 59.33285460759141 63.96028638126978 64.23946887239563 59.33285460759141 63.96028638126978 64.23946887239563
 57654656 16 28716.803 28730.869 30946.016 59.618304081533466 64.21486910124437 64.2463226843183 59.618304081533466 64.21486910124437 64.2463226843183
 63420096 16 31615.019 31633.139 33745.05 60.140467179630775 64.1556018832023 64.19237236580499 60.140467179630775 64.1556018832023 64.19237236580499
 69762080 8 17466.068 17477.989 18352.985 60.81807836708851 63.862797945461566 63.906385799024726 60.81807836708851 63.862797945461566 63.906385799024726
 76738272 8 19310.951 19340.038 19348.86 63.45657325547862 63.48551910808034 63.581143776917045 63.45657325547862 63.48551910808034 63.581143776917045
 84412096 8 21405.935 21572.113 22327.9 60.48905342643061 62.60830990455131 63.09434911392565 60.48905342643061 62.60830990455131 63.09434911392565
 92853280 8 23386.002 23629.189 24998.903 59.42870693166016 62.87361280152273 63.52742465343157 59.42870693166016 62.87361280152273 63.52742465343157
 102138592 8 25652.885 25743.008 27256.012 59.95805519897775 63.48199371262286 63.70501688211677 59.95805519897775 63.48199371262286 63.70501688211677
 112352448 8 27933.121 27937.889 30037.88 59.8457403784821 64.34413022401226 64.35511334376133 59.8457403784821 64.34413022401226 64.35511334376133
 123587680 8 30742.884 30751.944 30791.998 64.21807639764071 64.30171959210124 64.32066945963821 64.21807639764071 64.30171959210124 64.32066945963821
 135946432 4 17224.073 17294.884 17296.791 62.877065231348396 62.88399829683739 63.142524767515795 62.877065231348396 62.88399829683739 63.142524767515795
 149541056 4 19091.845 19109.964 20588.875 58.105576336735254 62.60233917761436 62.66175154889431 58.105576336735254 62.60233917761436 62.66175154889431
 164495136 4 20951.986 21005.869 22871.971 57.53597221682381 62.64730528406132 62.80841768412788 57.53597221682381 62.64730528406132 62.80841768412788
 180944640 4 23048.878 23116.827 24356.127 59.43297635128934 62.619195964913345 62.8037998205379 59.43297635128934 62.619195964913345 62.8037998205379
 199039104 4 25376.081 25381.088 26370.049 60.38338540819549 62.736192869273374 62.748571459872 60.38338540819549 62.736192869273374 62.748571459872
 218943008 4 27930.975 27933.121 27933.121 62.70491807915056 62.70491807915056 62.70973583986953 62.70491807915056 62.70491807915056 62.70973583986953
 240837280 4 30735.016 30735.97 30741.93 62.67330125336958 62.68545420886342 62.687399934979695 62.67330125336958 62.68545420886342 62.687399934979695
 264920992 4 33820.868 33825.874 33827.066 62.653022759940235 62.65523060837984 62.66450453016167 62.653022759940235 62.65523060837984 62.66450453016167
 291413088 2 18616.915 18624.067 18625.975 62.58208507205663 62.58849648683073 62.61254090701923 62.58208507205663 62.58849648683073 62.61254090701923
 320554368 2 20493.984 20495.176 20503.998 62.534997906261985 62.56191564297862 62.56555445734709 62.534997906261985 62.56191564297862 62.56555445734709
 352609792 2 22537.947 22550.106 22555.828 62.531030472479216 62.54689747356398 62.580640907532526 62.531030472479216 62.54689747356398 62.580640907532526
 387870752 2 24803.877 24807.93 24814.844 62.52237604233981 62.53980110392121 62.55002022466084 62.52237604233981 62.53980110392121 62.55002022466084
 426657824 2 27282.0 27297.974 27304.173 62.5044126405147 62.51860654567259 62.55521208122572 62.5044126405147 62.51860654567259 62.55521208122572
 469323584 2 30025.005 30025.959 30028.105 62.517909005579945 62.52237725362911 62.524363809431506 62.517909005579945 62.52237725362911 62.524363809431506
 516255936 2 33028.126 33042.908 33051.014 62.47989075312484 62.49521815694913 62.523188387981804 62.47989075312484 62.49521815694913 62.523188387981804
 567881504 1 18179.178 18181.801 18193.007 62.42854784808251 62.46702447133813 62.47603758541778 62.42854784808251 62.46702447133813 62.47603758541778
 624669632 1 20003.08 20004.034 20011.902 62.42981121934338 62.45436615434667 62.457344768905585 62.42981121934338 62.45436615434667 62.457344768905585
 687136576 1 22003.174 22009.134 22012.949 62.43021559719236 62.441037071245056 62.45795047569046 62.43021559719236 62.441037071245056 62.45795047569046
 755850208 1 24196.863 24205.923 24215.937 62.425848564108826 62.451674162559314 62.47505786183936 62.425848564108826 62.451674162559314 62.47505786183936
 831435200 1 26623.964 26632.786 26645.899 62.40624120056899 62.43696772842316 62.457656568345726 62.40624120056899 62.43696772842316 62.457656568345726
 914578720 1 29284.954 29289.007 29301.167 62.426095179075965 62.452012797839124 62.46065607615432 62.426095179075965 62.452012797839124 62.46065607615432
 1006036576 1 32227.993 32228.947 32232.046 62.42461778566586 62.430620274376324 62.432468320320176 62.42461778566586 62.430620274376324 62.432468320320176
 
META_DATA
 FLOPS          16
 MPI_PROCS      4
 OPENMP_THREADS 1
 ERT_VERSION  1.1.0
 HOSTNAME  ('c3cpu-c11-u13-2.rc.int.colorado.edu', [], ['10.225.64.253'])
 UNAME  uname_result(system='Linux', node='c3cpu-c11-u13-2.rc.int.colorado.edu', release='4.18.0-305.34.2.el8_4.x86_64', version='#1 SMP Mon Jan 17 09:42:23 EST 2022', machine='x86_64', processor='x86_64')
 TIMESTAMP_DATA  1728534391.7683866
 CONFIG  {'nux': ['workstation,', 'MPI', 'and', 'OpenMP', '(8-core', 'Intel', 'Xeon', 'CPU', 'E5530,', '2.40', 'GHz)'], 'ERT_RESULTS': ['Results.alpine'], 'ERT_DRIVER': ['driver1'], 'ERT_KERNEL': ['kernel1'], 'ERT_MPI': ['True'], 'ERT_MPI_CFLAGS': ['-I/usr/include/mpi'], 'ERT_MPI_LDFLAGS': ['-lmpi'], 'ERT_OPENMP': ['True'], 'ERT_OPENMP_CFLAGS': ['-qopenmp'], 'ERT_OPENMP_LDFLAGS': ['-qopenmp'], 'ERT_FLOPS': ['1,2,4,8,16'], 'ERT_ALIGN': ['32'], 'ERT_CC': ['icpc'], 'ERT_CFLAGS': ['-O3', '-fno-alias', '-fno-fnalias', '-DERT_INTEL'], 'ERT_LD': ['icpc'], 'ERT_LDFLAGS': [], 'ERT_LDLIBS': [], 'ERT_PRECISION': ['FP64'], 'ERT_RUN': ['export', 'OMP_NUM_THREADS=ERT_OPENMP_THREADS;', 'mpirun', '-np', 'ERT_MPI_PROCS', 'ERT_CODE'], 'ERT_PROCS_THREADS': ['1-8'], 'ERT_MPI_PROCS': ['1,2,4,8'], 'ERT_OPENMP_THREADS': ['1,2,4,8'], 'ERT_NUM_EXPERIMENTS': ['3'], 'ERT_MEMORY_MAX': ['1073741824'], 'ERT_WORKING_SET_MIN': ['1'], 'ERT_TRIALS_MIN': ['1'], 'ERT_GNUPLOT': ['gnuplot'], 'ERT_GPU': [False], 'ERT_HIP': [False], 'ERT_OCL': [False], 'ERT_SYCL': [False], 'ERT_WSS_MULT': [1.1]}
 HOSTNAME  ('c3cpu-a7-u1-3.rc.int.colorado.edu', [], ['10.225.64.156'])
 UNAME  uname_result(system='Linux', node='c3cpu-a7-u1-3.rc.int.colorado.edu', release='4.18.0-305.34.2.el8_4.x86_64', version='#1 SMP Mon Jan 17 09:42:23 EST 2022', machine='x86_64', processor='x86_64')
 TIMESTAMP_DATA  1728534393.727155
 TIMESTAMP_DATA  1728534403.9571202
 TIMESTAMP_DATA  1728534408.3888888
 TIMESTAMP_DATA  1728534416.1293483
 TIMESTAMP_DATA  1728534423.1842766
 