fp64
 32 33554432 130604.982 130612.85 130667.925 16.434665569228258 16.441595509170806 16.442585995685832 2.0543331961535323 2.055199438646351 2.055323249460729
 64 16777216 70723.057 70731.878 70739.031 30.357832410794543 30.36090244910506 30.36468924130358 3.794729051349318 3.7951128061381323 3.7955861551629475
 96 8388608 35362.959 35378.933 35382.986 45.51941252216532 45.52462721247134 45.54519139645526 5.689926565270665 5.690578401558917 5.693148924556907
 128 8388608 35604.954 35614.967 35640.955 60.25325774800367 60.297224141749176 60.314181223208436 7.531657218500459 7.537153017718647 7.5392726529010545
 160 4194304 17822.027 17840.862 17927.885 74.86534412731899 75.23051744921293 75.3100239383545 9.358168015914874 9.403814681151616 9.413752992294313
 192 4194304 17755.032 17776.966 17792.94 90.5197643559749 90.60110347288732 90.71302918519099 11.314970544496862 11.325137934110915 11.339128648148874
 224 4194304 17704.01 17713.07 17729.998 105.98129745981922 106.08258150619852 106.13686910479603 13.247662182477402 13.260322688274815 13.267108638099504
 256 4194304 17683.983 17686.844 17728.806 121.12962643959216 121.41700622225198 121.4366496507037 15.14120330494902 15.177125777781498 15.179581206337962
 288 2097152 8842.945 8849.144 8852.005 136.46168884902346 136.50580801939714 136.60150006587173 17.057711106127933 17.063226002424642 17.075187508233967
 320 2097152 8862.972 8866.072 8869.171 151.33063507288335 151.38353038414306 151.43647977224796 18.91632938411042 18.922941298017882 18.929559971530995
 352 2097152 8850.098 8851.767 8869.886 166.45027996977637 166.7909930299792 166.8224473898481 20.806284996222047 20.8488741287474 20.85280592373101
 384 2097152 8878.946 8900.881 8925.915 180.4423116285557 180.94981114790772 181.39683876892593 22.555288953569463 22.618726393488465 22.67460484611574
 416 2097152 8859.158 8872.032 8878.946 196.5132419996698 196.66638533314583 196.95217807380794 24.564155249958723 24.583298166643228 24.619022259225993
 448 2097152 8934.021 8949.995 8970.976 209.45861319883142 209.94963594951727 210.32502520421653 26.182326649853927 26.24370449368966 26.290628150527066
 480 2097152 9063.959 9165.049 9195.089 218.9501287045726 219.66777482586286 222.11772140628614 27.368766088071574 27.458471853232858 27.764715175785767
 512 2097152 9023.905 9028.912 9082.079 236.45287031746807 237.8452296356416 237.9772003362181 29.55660878968351 29.7306537044552 29.74715004202726
 544 1048576 4760.981 4760.981 4767.895 239.27764516626308 239.62512935884433 239.62512935884433 29.909705645782886 29.95314116985554 29.95314116985554
 576 1048576 4708.052 4719.973 4725.933 255.60234391812156 255.92509787661922 256.5731117668199 31.950292989765195 31.990637234577402 32.07163897085249
 608 1048576 4960.06 4992.962 4996.061 255.2147413732539 255.37314644093027 257.0671354781999 31.901842671656738 31.921643305116284 32.133391934774984
 640 1048576 5115.986 5146.027 5152.941 260.4682025274499 260.818157386271 262.34967804837623 32.558525315931234 32.60226967328388 32.79370975604703
 704 1048576 5445.957 5498.886 5549.908 266.0215282847932 268.4898373961562 271.09927750072205 33.25269103559915 33.561229674519524 33.88740968759026
 768 1048576 5782.843 5784.035 5784.035 278.45833159723276 278.45833159723276 278.51572937394286 34.807291449654095 34.807291449654095 34.81446617174286
 832 1048576 6124.02 6126.881 6127.834 284.7385330607846 284.7828224507706 284.9158663753547 35.59231663259808 35.597852806346324 35.61448329691934
 896 1048576 6462.097 6464.958 6464.958 290.65126053409784 290.65126053409784 290.7799421766649 36.33140756676223 36.33140756676223 36.347492772083115
 960 1048576 6801.844 6802.082 6806.135 295.8016436641353 295.9778961794344 295.98825259738385 36.975205458016916 36.9972370224293 36.99853157467298
 1056 524288 3742.933 3743.172 3744.841 295.6857863925331 295.817626334029 295.8365153744403 36.960723299066636 36.977203291753625 36.97956442180504
 1152 524288 3924.131 3932.953 3933.191 307.1194742386017 307.13805936658787 307.82854904691 38.38993427982521 38.39225742082348 38.47856863086375
 1248 524288 4253.864 4253.864 4254.103 307.6142839042684 307.6315669706413 307.6315669706413 38.45178548803355 38.45394587133016 38.45394587133016
 1344 524288 4591.942 4594.088 4595.995 306.633524187907 306.7608073680783 306.90416908575935 38.32919052348838 38.34510092100979 38.36302113571992
 1472 524288 4932.88 4934.072 4935.98 312.7046446703593 312.82556719885724 312.9011595660142 39.08808058379491 39.103195899857155 39.112644945751775
 1600 524288 5442.142 5442.858 5443.096 308.2292871556923 308.2427651061262 308.2833193253686 38.52866089446154 38.53034563826578 38.535414915671076
 1760 524288 5783.081 5788.088 5795.002 318.4630065701444 318.8434177227437 319.1194728208026 39.80787582126805 39.855427215342964 39.88993410260033
 1920 524288 6295.919 6297.112 6300.926 319.51905481829175 319.7125793538371 319.7731609952415 39.93988185228647 39.96407241922964 39.971645124405185
 2112 262144 3957.033 4090.071 4148.006 266.9466379749692 270.72788125193915 279.8299271196374 33.36832974687115 33.840985156492394 34.97874088995467
 2304 262144 4503.965 4554.033 4673.958 258.44467408564645 265.25050477236323 268.1991427553278 32.30558426070581 33.156313096545404 33.52489284441597
 2528 262144 4492.998 4581.928 4647.017 285.21523893715045 289.26689026977294 294.99235566096405 35.651904867143806 36.15836128372162 36.874044457620506
 2752 262144 4633.904 4635.811 4637.003 311.1579992508092 311.2380068989008 311.36609131306994 38.89474990635115 38.9047508623626 38.92076141413374
 3008 262144 4974.842 4977.942 4977.942 316.80929669329214 316.80929669329214 317.0067117709467 39.60116208666152 39.60116208666152 39.62583897136834
 3296 262144 5526.066 5528.927 5541.801 311.821598790718 312.5476693759929 312.70948410677687 38.97769984883975 39.06845867199911 39.08868551334711
 3616 262144 6121.874 6122.112 6124.02 309.5720471193758 309.66852746241824 309.68056644092974 38.69650588992197 38.70856593280228 38.71007080511622
 3968 262144 6633.997 6633.997 6636.858 313.4577813778749 313.59296424161784 313.59296424161784 39.18222267223436 39.19912053020223 39.19912053020223
 4352 131072 3659.01 3661.156 3809.929 299.44145625810876 311.60941735342607 311.79217547915965 37.430182032263595 38.95117716917826 38.97402193489496
 4768 131072 4031.897 4040.003 4461.05 280.181255982336 309.3815999641584 310.0036017785177 35.022656997792 38.6726999955198 38.75045022231471
 5216 131072 4422.903 4423.857 4482.985 305.0072895626463 309.0839292499735 309.1505972434846 38.12591119533079 38.63549115624669 38.64382465543557
 5728 131072 4844.904 4850.149 4850.864 309.54502785483163 309.5906604106389 309.925817312376 38.693128481853954 38.698832551329865 38.740727164047
 6272 131072 5313.873 5320.072 7717.848 213.03440648222147 309.04979631854604 309.41032425878456 26.629300810277684 38.631224539818255 38.67629053234807
 6880 131072 5805.969 5808.115 5809.069 310.4715609334301 310.5225568019917 310.6373320284693 38.808945116678764 38.81531960024896 38.82966650355866
 7552 131072 6356.001 6357.908 8688.927 227.8430337831127 311.377812953569 311.471236080674 28.480379222889088 38.922226619196124 38.93390451008425
 8288 65536 3518.105 3521.204 3525.019 308.1755689827487 308.5094575605389 308.7812148869917 38.52194612284359 38.563682195067365 38.59765186087396
 9088 65536 3838.062 3839.016 5026.102 236.9992363863686 310.2832434144583 310.3603683317258 29.624904548296076 38.78540542680729 38.795046041465724
 9984 65536 4233.122 4234.076 5388.021 242.87634513673945 309.0692864275464 309.13894000692625 30.35954314209243 38.6336608034433 38.64236750086578
 10976 65536 4643.917 4647.97 4650.116 309.3785772225897 309.5214194583872 309.79155570609896 38.67232215282371 38.6901774322984 38.72394446326237
 12064 65536 5102.873 5105.019 5106.211 309.6723985749903 309.7447057493811 309.87496808170613 38.70904982187379 38.71808821867264 38.734371010213266
 13248 65536 5604.029 5606.89 6783.962 255.9627922444141 309.69786387819266 309.85597255117693 31.99534903055176 38.71223298477408 38.73199656889712
 14560 65536 6179.094 6181.002 6182.909 308.65864595451757 308.7538751807555 308.8492131694387 38.582330744314696 38.594234397594434 38.60615164617984
 16000 65536 6804.943 6808.043 7970.095 263.12760387423236 308.04035755943374 308.18068571625065 32.890950484279045 38.50504469492922 38.52258571453133
 17600 32768 3737.926 3739.119 4327.774 266.5189078727309 308.47737127382146 308.5758252036022 33.31486348409136 38.55967140922768 38.57197815045028
 19360 32768 4102.945 4103.899 4106.998 308.93050349671466 309.1637879002383 309.2356734004478 38.61631293708933 38.645473487529785 38.654459175055976
 21280 32768 4510.164 4513.025 4515.171 308.87115460300396 309.0180267115737 309.21405075292165 38.608894325375495 38.627253338946716 38.651756344115206
 23392 32768 4961.014 4964.828 4968.882 308.5237508155758 308.775674001194 309.0130590238205 38.565468851946974 38.59695925014925 38.626632377977565
 25728 32768 5467.892 5471.945 6051.064 278.64689714073427 308.1372725785804 308.36567510843304 34.83086214259178 38.51715907232255 38.54570938855413
 28288 32768 6016.97 6019.115 6605.148 280.67234345089616 307.99916067395293 308.10895982529416 35.08404293136202 38.499895084244116 38.51361997816177
 31104 32768 6601.81 6610.87 7188.082 283.58493183578037 308.3454589184177 308.7686170913734 35.448116479472546 38.54318236480221 38.59607713642168
 34208 16384 3632.069 3633.022 3925.085 285.5805018235274 308.53866120271226 308.6196170832658 35.69756272794093 38.56733265033903 38.57745213540822
 37600 16384 3993.988 3995.18 3996.134 308.31718856274586 308.3908109271672 308.4828497231339 38.53964857034323 38.5488513658959 38.560356215391735
 41344 16384 4388.809 4393.101 4681.826 289.36577138919733 308.3835750646298 308.685156269047 36.17072142364967 38.54794688307872 38.58564453363088
 45472 16384 4828.93 4832.029 5120.039 291.01858325688534 308.3645598981297 308.562455036623 36.37732290711067 38.54556998726621 38.57030687957788
 50016 16384 5313.873 5315.065 5320.072 308.06430589661187 308.35451457319897 308.4236841941838 38.508038237076484 38.54431432164987 38.552960524272976
 55008 16384 5848.885 5848.885 5849.838 308.1285574062051 308.1787629608036 308.1787629608036 38.51606967577564 38.52234537010045 38.52234537010045
 60480 16384 6438.971 6727.934 6736.04 294.2097493482818 294.5642213493771 307.78343931041155 36.77621866853522 36.820527668672135 38.472929913801444
 66528 8192 3566.027 3566.027 3567.934 305.4974537085047 305.6608242169787 305.6608242169787 38.187181713563085 38.20760302712234 38.20760302712234
 73152 8192 4065.99 4065.99 4066.944 294.6985176092909 294.76766248810253 294.76766248810253 36.83731470116136 36.845957811012816 36.845957811012816
 80448 8192 4306.078 4307.985 4310.846 305.75437675110646 305.9574329994186 306.0929300398181 38.21929709388831 38.24467912492732 38.26161625497726
 88480 8192 4869.938 4883.051 4885.912 296.7012750127305 296.87511353045466 297.67449195451775 37.08765937659131 37.10938919130683 37.20931149431472
 97312 8192 5205.87 5209.923 5209.923 306.02367981254235 306.02367981254235 306.26193277972754 38.252959976567794 38.252959976567794 38.28274159746594
 107040 8192 5726.099 5728.006 5733.967 305.85166604551443 306.16995862085344 306.2719243939024 38.231458255689304 38.27124482760668 38.2839905492378
 117728 8192 6285.906 6287.098 6291.151 306.5981967369723 306.79584635073286 306.8540242249884 38.324774592121535 38.34948079384161 38.35675302812355
 129472 8192 7055.998 7058.859 7065.058 300.2479594647348 300.5116333957088 300.63348203896885 37.53099493309185 37.5639541744636 37.579185254871106
 142400 4096 3812.075 3818.035 3829.956 304.5833424718195 305.53433899898766 306.01202757028653 38.07291780897744 38.19179237487346 38.25150344628582
 156640 4096 4194.021 4195.929 4219.055 304.14272390381257 305.81901648002145 305.9581437479688 38.01784048797657 38.22737706000268 38.2447679684961
 172288 4096 4629.85 4637.003 4638.91 304.24890674749025 304.3740312438875 304.8442813482078 38.03111334343628 38.046753905485936 38.105535168525975
 189504 4096 5076.885 5093.098 5114.079 303.55744758733687 304.8079514668675 305.78135372378927 37.94468094841711 38.10099393335844 38.22266921547366
 208448 4096 5594.969 5596.876 5620.956 303.7928096217085 305.09984784368993 305.20383866291303 37.97410120271356 38.13748098046124 38.15047983286413
 229280 4096 6163.12 6166.935 6175.995 304.12294051403865 304.5697352088193 304.75826529420164 38.01536756425483 38.07121690110241 38.094783161775204
 252192 4096 6784.916 6788.969 6813.049 303.2352862866537 304.3108407182298 304.49262216363473 37.904410785831715 38.03885508977873 38.06157777045434
 277408 2048 3726.006 3730.059 3734.112 304.2927389430204 304.6233767347915 304.95473383564064 38.03659236787755 38.07792209184894 38.11934172945508
 305120 2048 4100.084 4110.098 4116.058 303.63311692886737 304.07341138824427 304.8160769389115 37.95413961610842 38.00917642353053 38.10200961736394
 335616 2048 4508.972 4510.164 4531.145 303.3853774266769 304.7967071707371 304.87728377998354 37.92317217833461 38.099588396342135 38.10966047249794
 369152 2048 4956.961 4965.067 4971.981 304.11350968557605 304.53699658030797 305.03499866147826 38.014188710697006 38.067124572538496 38.12937483268478
 406048 2048 5454.063 5458.117 5460.978 304.55581546016117 304.71545553164214 304.9419502488328 38.069476932520146 38.08943194145527 38.1177437811041
 446624 2048 6000.996 6002.188 6011.009 304.3369098266198 304.78417270502024 304.84471311095695 38.04211372832747 38.09802158812753 38.10558913886962
 491264 2048 6592.989 6601.81 6604.91 304.6547710718239 304.79782726252347 305.205627371743 38.08184638397799 38.099728407815434 38.150703421467874
 540384 1024 3624.916 3633.022 3633.976 304.5442325430878 304.6242032115412 305.3054007320445 38.06802906788597 38.07802540144265 38.163175091505565
 594400 1024 3988.981 3992.796 3998.041 304.48192002033 304.88189228801076 305.1734766347596 38.06024000254125 38.110236536001345 38.14668457934495
 653824 1024 4389.048 4400.015 4401.207 304.24189364417526 304.32431525801616 305.0847363710764 38.03023670552191 38.04053940725202 38.13559204638455
 719200 1024 4830.122 4832.983 4840.136 304.3140936535668 304.76449017097724 304.9450096705632 38.03926170669585 38.095561271372155 38.1181262088204
 791104 1024 5302.906 5307.913 5316.019 304.77336367684165 305.23879950556847 305.52700575872933 38.09667045960521 38.15484993819606 38.190875719841166
 870208 1024 5840.063 5846.977 5847.931 304.75496102809694 304.8046852245186 305.165540851186 38.09437012851212 38.100585653064826 38.14569260639825
 957216 1024 6422.043 6425.142 6429.195 304.91816907093346 305.1105124213597 305.2577455491967 38.11477113386668 38.138814052669964 38.15721819364959
 1052928 512 3535.032 3538.847 3540.039 304.57242759189944 304.6750175975395 305.0038223133482 38.07155344898743 38.08437719969244 38.12547778916853
 1158208 512 3891.945 3911.018 3911.972 303.17318017613616 303.2471320766103 304.73323543883583 37.89664752201702 37.905891509576286 38.09165442985448
 1274016 512 4266.977 4297.018 4364.967 298.87794890545564 303.6041236038574 305.74160207566155 37.359743613181955 37.95051545048217 38.21770025945769
 1401408 512 4723.072 4723.072 4781.961 300.09483389764154 303.8365267351419 303.8365267351419 37.51185423720519 37.979565841892736 37.979565841892736
 1541536 512 5171.061 5249.023 5252.123 300.55138921917865 300.72889069070567 305.2628588214295 37.56892365239733 37.59111133633821 38.15785735267869
 1695680 512 5711.794 5803.823 5808.115 298.95694558389425 299.1780279998201 303.9984145086465 37.36961819798678 37.39725349997751 37.99980181358081
 1865248 512 6289.005 6369.114 6389.141 298.9469088254587 299.88691551132547 303.70685855711673 37.36836360318234 37.485864438915684 37.96335731963959
 2051744 512 6925.106 7042.885 7055.044 297.7991145058769 298.3132418036074 303.3868154509115 37.22488931323461 37.289155225450926 37.92335193136394
 2256896 256 3840.923 3870.01 3880.978 297.74215468369056 298.5859860827233 300.8471536659288 37.21776933546132 37.323248260340414 37.6058942082411
 2482560 256 4237.89 4259.109 4260.063 298.3689959514683 298.4358277752459 299.93008785032174 37.29612449393354 37.30447847190574 37.49126098129022
 2730816 256 4658.937 4673.004 4688.025 298.24452557313583 299.2032088994574 300.1066105852043 37.28056569664198 37.40040111243218 37.51332632315054
 3003872 256 5124.092 5156.04 5165.815 297.72310158222854 298.2875353953809 300.14731663678174 37.21538769777857 37.285941924422616 37.51841457959772
 3304256 256 5621.91 5643.845 5672.932 298.21952246210606 299.7564731136309 300.9260326116925 37.27744030776326 37.46955913920386 37.61575407646156
 3634656 256 6186.008 6215.096 6219.149 299.2280570862669 299.4231902451708 300.831145384875 37.403507135783364 37.42789878064635 37.60389317310938
 3998112 256 6788.015 6798.983 6844.044 299.0970461323744 301.0793443666501 301.56582506078723 37.3871307665468 37.63491804583126 37.695728132598404
 4397920 128 3743.887 3751.04 3771.067 298.55410153147636 300.1480975942672 300.72155489735667 37.319262691434545 37.5185121992834 37.59019436216958
 4837696 128 4117.966 4126.072 4132.032 299.7194058516488 300.1523424700296 300.74317660709187 37.4649257314561 37.5190428087537 37.59289707588648
 5321440 128 4527.092 4533.052 4533.052 300.5234971935023 300.5234971935023 300.9191419127334 37.56543714918779 37.56543714918779 37.61489273909167
 5853568 128 4979.849 4985.094 4995.823 299.9532625555389 300.59882682252334 300.9154309698949 37.494157819442364 37.57485335281542 37.61442887123686
 6438912 128 5470.991 5472.898 5492.926 300.088053616597 301.18622199792503 301.29120519481756 37.511006702074624 37.64827774974063 37.661400649352196
 7082784 128 6016.97 6028.891 6034.136 300.4892007737313 300.75061964132374 301.34647571784467 37.56115009671641 37.59382745516547 37.668309464730584
 7791040 128 6610.87 6623.03 6634.951 300.6060240686028 301.1470943057785 301.7010227095677 37.57575300857535 37.643386788222315 37.712627838695965
 8570144 64 3640.175 3651.857 3772.02 290.819887487341 300.38920801115705 301.35321296366243 36.35248593591763 37.54865100139463 37.669151620457804
 9427136 64 4015.207 4017.115 4018.068 300.31184340334704 300.383087862807 300.5258279336532 37.53898042541838 37.54788598285087 37.56572849170665
 10369824 64 4405.022 4414.082 4415.989 300.57535741144284 300.70521390404616 301.3236873731845 37.571919676430355 37.58815173800577 37.66546092164806
 11406784 64 4855.871 4855.871 4861.116 300.35661605277465 300.6810419799043 300.6810419799043 37.54457700659683 37.58513024748804 37.58513024748804
 12547456 64 5325.079 5338.907 5340.099 300.7574144224667 300.8245635295764 301.60573542664815 37.59467680280834 37.60307044119705 37.70071692833102
 13802176 64 5856.037 5870.104 5877.972 300.5591942254914 300.96204905398605 301.6850009656701 37.569899278186426 37.620256131748256 37.71062512070876
 15182368 64 6453.991 6456.852 6464.005 300.6407179449892 300.9737723584186 301.1071915036758 37.58008974312365 37.62172154480233 37.63839893795947
 16700576 64 7081.032 7104.158 7104.874 300.87426293555666 300.90458686307375 301.88731360061644 37.60928286694458 37.61307335788422 37.735914200077055
 18370624 32 3985.882 4116.058 4159.927 282.62994422738666 285.64221786962185 294.9710844425399 35.32874302842333 35.70527723370273 36.87138555531749
 20207680 32 4312.038 4331.112 4336.119 298.26015383802894 298.6049587265349 299.9258169802771 37.28251922975362 37.32561984081686 37.490727122534636
 22228448 32 4745.007 4752.874 4760.027 298.868193814867 299.3179857071743 299.81424094843277 37.35852422685838 37.414748213396784 37.476780118554096
 24451264 32 5211.115 5393.982 5416.87 288.89024399699457 290.1160767685172 300.29674954400355 36.11128049962432 36.26450959606465 37.53709369300044
 26896384 32 5797.148 5902.052 5970.001 288.3363965935684 291.65594881237917 296.93369498242924 36.04204957419605 36.456993601547396 37.116711872803656
 29586016 32 6631.851 6828.07 7172.108 264.0095525611159 277.311893990542 285.51682237734235 33.00119407013949 34.66398674881775 35.689602797167794
 32544608 32 6942.987 7168.055 8162.022 255.18859321869022 290.57462756633424 299.9940676829728 31.898574152336277 36.32182844579178 37.4992584603716
 35799040 16 4644.156 5296.946 5624.056 203.69094475588437 216.26976752264414 246.66899216994432 25.461368094485547 27.033720940330518 30.83362402124304
 39378944 16 4397.869 4954.1 5929.947 212.5021029698916 254.36026886821014 286.53109221761724 26.56276287123645 31.795033608526268 35.816386527202155
 43316832 16 4983.187 7007.122 7135.868 194.2494765878517 197.81853719686913 278.16307595922046 24.28118457348146 24.72731714960864 34.77038449490256
 47648512 16 5087.852 5359.888 7920.027 192.51858409068555 284.47467260509916 299.6848933498852 24.064823011335694 35.559334075637395 37.46061166873565
 52413344 16 5562.782 6975.889 8467.913 198.06852148811637 240.43200916757706 301.5086710210826 24.758565186014547 30.054001145947133 37.688583877635324
 57654656 16 6700.993 6941.08 6989.956 263.9428620151543 265.80143032496386 275.3247156055826 32.992857751894284 33.22517879062048 34.41558945069782
 63420096 16 6747.007 6804.943 7333.994 276.7173073771263 298.23072316696846 300.79160611512634 34.58966342214079 37.27884039587106 37.59895076439079
 69762080 8 5079.985 5163.908 6654.978 167.7230608425753 216.15282069316495 219.72373540473055 20.965382605321913 27.01910258664562 27.46546692559132
 76738272 8 4652.023 4827.976 5695.82 215.5637558771169 254.3120247490874 263.93084299024315 26.945469484639613 31.789003093635927 32.991355373780394
 84412096 8 5005.121 5247.116 5486.012 246.1885858069578 257.39730854053926 269.8423346808199 30.773573225869725 32.17466356756741 33.730291835102484
 92853280 8 4936.934 5368.948 5431.175 273.5416332561554 276.71202626659823 300.92613755824965 34.19270415701943 34.58900328332478 37.615767194781206
 102138592 8 5611.897 5624.056 5756.855 283.87330790857163 290.57631574081057 291.20589205397033 35.484163488571454 36.32203946760132 36.40073650674629
 112352448 8 5944.014 6011.963 6482.124 277.3225516821338 299.01035119477615 302.4284882236145 34.665318960266724 37.37629389934702 37.803561027951815
 123587680 8 6852.15 7224.083 7271.051 271.95557836136754 273.7237210591296 288.5813766482053 33.99444729517094 34.2154651323912 36.072672081025665
 135946432 4 5074.024 5490.065 6138.802 177.16346870285116 198.09810193504086 214.34101533615132 22.145433587856395 24.762262741880107 26.792626917018914
 149541056 4 6623.03 6783.009 7575.035 157.9304185393203 176.37134905762323 180.63159128072803 19.741302317415037 22.046418632202904 22.578948910091004
 164495136 4 7691.145 7797.956 8244.038 159.6257911474935 168.75718303616998 171.10080332642275 19.953223893436686 21.094647879521247 21.387600415802844
 180944640 4 8914.948 9093.046 9474.993 152.77658991410334 159.19386309054192 162.37415181782325 19.097073739262918 19.89923288631774 20.296768977227906
 199039104 4 10275.126 10340.929 10900.021 146.0834646098388 153.9816037804727 154.9677183520669 18.26043307622985 19.24770047255909 19.370964794008362
 218943008 4 11595.964 11620.998 12218.952 143.34650500304772 150.72234450087677 151.0477321247289 17.918313125380966 18.840293062609597 18.880966515591112
 240837280 4 13010.025 13042.927 13674.974 140.89227811328928 147.7197748634183 148.09335416342398 17.61153476416116 18.46497185792729 18.511669270427998
 264920992 4 14483.929 14589.071 15377.998 137.81819558046504 145.27093164465373 146.32548502550657 17.22727444755813 18.158866455581716 18.29068562818832
 291413088 2 8251.905 8286.953 8707.047 133.87459054717402 140.66115157163316 141.2585762923834 16.734323818396753 17.582643946454144 17.657322036547924
 320554368 2 9128.094 9198.904 9779.93 131.1070193753943 139.38806970917403 140.46935450051237 16.388377421924286 17.423508713646754 17.558669312564046
 352609792 2 10142.088 10230.064 10865.211 129.81240474759304 137.87197890453078 139.06792841868457 16.22655059344913 17.233997363066347 17.38349105233557
 387870752 2 11250.019 11317.968 11938.095 129.96068535222747 137.08140966647014 137.90936779751215 16.245085669028434 17.135176208308767 17.23867097468902
 426657824 2 12494.087 12588.978 13485.909 126.54922230307206 135.56551580279196 136.5951186349191 15.818652787884007 16.945689475348996 17.074389829364886
 469323584 2 13870.001 13950.825 14658.928 128.0649127958061 134.56511252918736 135.34925743696775 16.008114099475762 16.82063906614842 16.91865717962097
 516255936 2 15362.024 15463.114 16296.864 126.7129518906214 133.5451412956019 134.42393684582186 15.839118986327675 16.693142661950237 16.802992105727732
 567881504 1 8625.031 8692.98 8969.069 126.63109270315572 130.65289555480402 131.68219430167846 15.828886587894464 16.331611944350502 16.460274287709808
 624669632 1 9520.054 9614.944 10179.996 122.72492680743689 129.93723769998036 131.23237158108557 15.34061585092961 16.242154712497545 16.404046447635697
 687136576 1 10518.074 10649.204 11321.068 121.39076913944868 129.04937796289752 130.65825093073124 15.173846142431085 16.13117224536219 16.332281366341405
 755850208 1 11631.012 11741.161 12326.002 122.64320709991772 128.75220908732962 129.97152921860967 15.330400887489715 16.094026135916202 16.24644115232621
 831435200 1 12810.23 12984.037 13700.008 121.3773305825807 128.07036825295555 129.80800500849713 15.172166322822587 16.008796031619443 16.22600062606214
 914578720 1 14144.897 14337.063 15043.974 121.58738375910514 127.5824372118613 129.31571293873685 15.198422969888142 15.947804651482663 16.164464117342106
 1006036576 1 15618.086 15803.099 16396.999 122.70984172164677 127.32142929687399 128.82968834977603 15.338730215205846 15.915178662109248 16.103711043722004
 
META_DATA
 FLOPS          2
 MPI_PROCS      1
 OPENMP_THREADS 4
 ERT_VERSION  1.1.0
 HOSTNAME  ('c3cpu-a7-u1-3.rc.int.colorado.edu', [], ['10.225.64.156'])
 UNAME  uname_result(system='Linux', node='c3cpu-a7-u1-3.rc.int.colorado.edu', release='4.18.0-305.34.2.el8_4.x86_64', version='#1 SMP Mon Jan 17 09:42:23 EST 2022', machine='x86_64', processor='x86_64')
 TIMESTAMP_DATA  1728533214.8987556
 CONFIG  {'nux': ['workstation,', 'MPI', 'and', 'OpenMP', '(8-core', 'Intel', 'Xeon', 'CPU', 'E5530,', '2.40', 'GHz)'], 'ERT_RESULTS': ['Results.alpine'], 'ERT_DRIVER': ['driver1'], 'ERT_KERNEL': ['kernel1'], 'ERT_MPI': ['True'], 'ERT_MPI_CFLAGS': ['-I/usr/include/mpi'], 'ERT_MPI_LDFLAGS': ['-lmpi'], 'ERT_OPENMP': ['True'], 'ERT_OPENMP_CFLAGS': ['-qopenmp'], 'ERT_OPENMP_LDFLAGS': ['-qopenmp'], 'ERT_FLOPS': ['1,2,4,8,16'], 'ERT_ALIGN': ['32'], 'ERT_CC': ['icpc'], 'ERT_CFLAGS': ['-O3', '-fno-alias', '-fno-fnalias', '-DERT_INTEL'], 'ERT_LD': ['icpc'], 'ERT_LDFLAGS': [], 'ERT_LDLIBS': [], 'ERT_PRECISION': ['FP64'], 'ERT_RUN': ['export', 'OMP_NUM_THREADS=ERT_OPENMP_THREADS;', 'mpirun', '-np', 'ERT_MPI_PROCS', 'ERT_CODE'], 'ERT_PROCS_THREADS': ['1-8'], 'ERT_MPI_PROCS': ['1,2,4,8'], 'ERT_OPENMP_THREADS': ['1,2,4,8'], 'ERT_NUM_EXPERIMENTS': ['3'], 'ERT_MEMORY_MAX': ['1073741824'], 'ERT_WORKING_SET_MIN': ['1'], 'ERT_TRIALS_MIN': ['1'], 'ERT_GNUPLOT': ['gnuplot'], 'ERT_GPU': [False], 'ERT_HIP': [False], 'ERT_OCL': [False], 'ERT_SYCL': [False], 'ERT_WSS_MULT': [1.1]}
 TIMESTAMP_DATA  1728533221.291617
 TIMESTAMP_DATA  1728533227.6396418
 