fp64
 16 67108864 202727.079 202865.839 202883.005 10.584837542208131 10.585733204691993 10.59297878997211 0.6615523463880082 0.6616083252932495 0.6620611743732568
 32 33554432 109766.96 109785.795 109786.987 19.560457087687453 19.560669465480487 19.56402589631707 1.2225285679804658 1.2225418415925304 1.2227516185198168
 48 16777216 54908.991 54919.958 54934.978 29.318528825113937 29.32654711789838 29.332404523696308 1.832408051569621 1.8329091948686487 1.8332752827310193
 64 16777216 55500.031 55537.939 55542.946 38.663481191653034 38.666966881864305 38.693377450545924 2.4164675744783146 2.416685430116519 2.4183360906591203
 80 8388608 27666.092 27717.829 27880.192 48.14089085182771 48.422886222438265 48.513439483971936 3.008805678239232 3.0264303889023916 3.032089967748246
 96 8388608 27527.094 27560.949 27565.002 58.42962521823869 58.43821763902251 58.510089586645066 3.651851576139918 3.652388602438907 3.6568805991653166
 112 8388608 27484.179 27490.854 27512.074 68.29903816048183 68.3517577154933 68.36835810158273 4.268689885030114 4.271984857218332 4.2730223813489205
 128 8388608 27452.946 27465.105 27473.211 78.16645997440925 78.18952987800338 78.22416027773487 4.885403748400578 4.8868456173752115 4.889010017358429
 144 4194304 13737.917 13741.016 13751.984 87.83892942283818 87.90904195148306 87.9288724775379 5.489933088927386 5.494315121967691 5.495554529846118
 160 4194304 13751.984 13762.951 13769.865 97.47207252939663 97.52103891091382 97.59881046982021 6.092004533087289 6.0950649319321135 6.099925654363763
 176 4194304 13737.917 13745.07 13756.037 107.32705996647144 107.41269473345716 107.46862191699077 6.707941247904465 6.713293420841072 6.716788869811923
 192 4194304 13785.124 13791.084 13813.972 116.59302161608552 116.78652207469695 116.83701474139805 7.287063851005345 7.299157629668559 7.302313421337378
 208 4194304 13753.176 13755.798 13766.05 126.74881058836777 126.84327466861609 126.86745694230919 7.921800661772986 7.927704666788506 7.929216058894324
 224 4194304 13898.134 13898.134 13904.81 135.1365600824463 135.2014732337449 135.2014732337449 8.446035005152893 8.450092077109057 8.450092077109057
 240 4194304 14023.781 14089.823 14128.923 142.49252543877546 142.88794969248372 143.5608499590802 8.905782839923466 8.930496855780232 8.972553122442513
 256 4194304 14013.052 14020.205 14023.066 153.1393810740105 153.1706310999019 153.24881745960838 9.571211317125655 9.573164443743869 9.578051091225523
 272 2097152 7390.022 7397.175 7403.135 154.1037260565963 154.22788943076242 154.37717073102084 9.631482878537268 9.639243089422651 9.648573170688802
 288 2097152 7220.03 7222.891 7328.033 164.84089959747723 167.24045150342155 167.30672199422995 10.302556224842327 10.452528218963847 10.456670124639372
 304 2097152 7679.939 7708.073 7750.034 164.52423511948467 165.41986771531614 166.0258520282518 10.282764694967792 10.338741732207259 10.376615751765737
 320 2097152 7858.992 7859.945 7870.913 170.52370925710906 170.7616630905178 170.78237005458206 10.657731828569316 10.672603943157362 10.673898128411379
 352 2097152 8472.919 8476.019 8527.994 173.12336382975877 174.18495734849108 174.24868666866752 10.820210239359923 10.886559834280693 10.89054291679172
 384 2097152 8975.983 8982.182 8989.811 179.1597994663069 179.31196851722666 179.43580508118163 11.197487466644182 11.206998032326666 11.214737817573852
 416 2097152 9506.941 9525.061 9696.007 179.9535070467668 183.1831275411255 183.5322701592447 11.247094190422924 11.448945471320343 11.470766884952793
 448 2097152 10037.899 10038.853 10046.959 187.02656117139523 187.1775781555921 187.19536747679967 11.689160073212202 11.698598634724506 11.69971046729998
 480 2097152 10565.042 10570.049 10571.957 190.43455435923545 190.46892970884048 190.55919701975625 11.902159647452216 11.90430810680253 11.909949813734766
 528 1048576 5810.976 5811.93 6044.865 183.1796501658846 190.52126505308908 190.5525433249079 11.448728135367787 11.907579065818068 11.909533957806744
 576 1048576 6078.005 6088.972 6093.025 198.25284682074997 198.38480978398323 198.74277036626327 12.390802926296873 12.399050611498952 12.421423147891455
 624 1048576 6606.817 6608.009 6613.97 197.8573909467385 198.0358755564649 198.07160513148767 12.366086934171156 12.377242222279056 12.37947532071798
 672 1048576 7130.146 7132.053 7133.961 197.54609592062528 197.5989443712771 197.651793385437 12.34663099503908 12.349934023204819 12.353237086589813
 736 1048576 7657.051 7666.111 7704.02 200.3504497651875 201.34118485892 201.57941640979013 12.521903110324219 12.5838240536825 12.598713525611883
 800 1048576 8317.947 8327.007 8481.026 197.8205938762598 201.4795472130623 201.69900096742617 12.363787117266238 12.592471700816393 12.606187560464136
 880 1048576 8844.137 8855.104 8919.001 206.9170930690556 208.41017338700937 208.66860836732855 12.932318316815975 13.025635836688085 13.041788022958034
 960 1048576 9641.886 9644.032 9644.985 208.73707113074823 208.7576980250584 208.80416134353794 13.046066945671765 13.04735612656615 13.050260083971121
 1056 524288 5959.988 6175.041 6409.883 172.74827886874064 179.31804112717631 185.78833648658352 10.79676742929629 11.20737757044852 11.61177103041147
 1152 524288 6752.014 6971.836 6981.134 173.03199623442265 173.26276062718628 178.90359113591884 10.814499764651416 10.828922539199143 11.181474445994928
 1264 524288 7347.107 7622.004 7681.847 172.53663917024124 173.89128423443495 180.39754477510672 10.783539948140078 10.868205264652184 11.27484654844417
 1376 524288 7061.005 7062.912 7071.018 204.04990851388018 204.28409358632814 204.33926558613115 12.753119282117511 12.767755849145509 12.771204099133197
 1504 524288 7592.916 7596.016 7596.016 207.61650633700614 207.61650633700614 207.70127102683605 12.976031646062884 12.976031646062884 12.981329439177253
 1648 524288 8382.082 8387.089 8388.996 205.99047228059234 206.03730901150564 206.1603844963578 12.874404517537021 12.877331813219103 12.885024031022363
 1808 524288 9312.868 9320.974 9346.008 202.8486823465163 203.39348741880409 203.57052285074803 12.67804264665727 12.712092963675255 12.723157678171752
 1984 524288 10102.987 10102.987 10104.895 205.87792193783307 205.9168030207304 205.9168030207304 12.867370121114567 12.86980018879565 12.86980018879565
 2176 262144 5583.048 5584.955 5660.057 201.56169593345086 204.2721361228515 204.34190929399136 12.597605995840679 12.767008507678218 12.77136933087446
 2384 262144 6143.093 6145.0 6159.782 202.91344596286038 203.4015609438568 203.46470287850113 12.682090372678774 12.71259755899105 12.71654392990632
 2608 262144 6700.039 6701.946 6702.9 203.99276492264542 204.0218026227009 204.07987237089216 12.749547807665339 12.751362663918806 12.75499202318076
 2864 262144 7364.988 7365.942 7380.962 203.43700888854323 203.85184026700182 203.8782455585807 12.714813055533952 12.740740016687614 12.742390347411293
 3136 262144 8105.993 8397.102 8430.004 195.0375311802936 195.80173826636857 202.83352921721 12.18984569876835 12.237608641648036 12.677095576075626
 3440 262144 8815.05 8822.918 8826.971 204.32271953765343 204.4165796395252 204.5990346055893 12.77016997110334 12.776036227470325 12.787439662849332
 3776 262144 9673.119 9674.788 9676.933 204.58046862575156 204.6258262196546 204.66113236072044 12.786279289109473 12.789114138728413 12.791320772545028
 4144 131072 5331.039 5333.185 5335.808 203.59142158038668 203.69155317132254 203.7735488335388 12.724463848774167 12.730722073207659 12.735846802096175
 4544 131072 5828.857 5830.05 5830.05 204.3176878414422 204.3176878414422 204.3595058173498 12.769855490090137 12.769855490090137 12.772469113584362
 4992 131072 6425.858 6429.911 6433.01 203.4231017828357 203.5211448494388 203.64951232971532 12.71394386142723 12.720071553089925 12.728094520607208
 5488 131072 7045.984 7050.037 7054.09 203.94498397383646 204.0622300280126 204.1796109670416 12.746561498364779 12.753889376750788 12.7612256854401
 6032 131072 7740.021 7747.173 7781.029 203.21895831515343 204.10704756431798 204.29564829346072 12.70118489469709 12.756690472769874 12.768478018341295
 6624 131072 8514.166 8766.89 8972.168 193.5364848273015 198.0681696702023 203.9473808708921 12.096030301706344 12.379260604387644 12.746711304430756
 7280 131072 9354.115 9358.883 9366.989 203.73764931292223 203.914112399952 204.0180519482602 12.73360308205764 12.744632024997 12.751128246766262
 8000 131072 10312.08 10315.895 10333.061 202.95554240897252 203.29326733162753 203.36847658280385 12.684721400560782 12.70582920822672 12.71052978642524
 8800 65536 5666.018 5666.018 5681.992 202.99810348201828 203.57040870678492 203.57040870678492 12.687381467626142 12.723150544174057 12.723150544174057
 9680 65536 6214.857 6217.003 6223.202 203.87847927803082 204.08176737247837 204.15223713111985 12.742404954876926 12.755110460779898 12.75951482069499
 10640 65536 6842.136 6844.044 6852.865 203.5070120307346 203.7693036456224 203.8261268118611 12.719188251920912 12.7355814778514 12.739132925741318
 11696 65536 7523.06 7542.849 7543.087 203.23484430180903 203.24125698393271 203.7758720520639 12.702177768863065 12.702578561495795 12.735992003253994
 12864 65536 8296.967 8297.92 8322.001 202.60874854497132 203.19672978288534 203.22006921324382 12.663046784060707 12.699795611430334 12.701254325827739
 14144 65536 9127.14 9329.081 9331.942 198.6598682246418 198.72079232670401 203.11755577322143 12.416241764040112 12.420049520419001 12.69484723582634
 15552 65536 10006.905 10009.05 10019.064 203.45530720234942 203.6588631288684 203.70251781145117 12.715956700146839 12.728678945554275 12.731407363215698
 17104 32768 5501.032 5502.939 5504.131 203.65208313537593 203.6961965233487 203.76681030032182 12.728255195960996 12.731012282709294 12.735425643770114
 18800 32768 6053.925 6056.07 6059.885 203.31686162361166 203.44494036561667 203.51702407941954 12.707303851475729 12.715308772851042 12.719814004963721
 20672 32768 6654.024 6655.931 6663.084 203.32329473859255 203.5418023414005 203.6001360980964 12.707705921162034 12.721362646337532 12.725008506131026
 22736 32768 7315.159 7316.828 7321.119 203.52441969595085 203.6437778775174 203.6902404992154 12.720276230996928 12.727736117344838 12.730640031200963
 25008 32768 8049.011 8053.064 8054.018 203.49151044857362 203.51561691301595 203.61809519206767 12.718219403035851 12.719726057063497 12.72613094950423
 27504 32768 8859.873 8862.972 8864.88 203.33068738663133 203.3744599441361 203.4455961163326 12.708167961664458 12.710903746508507 12.715349757270788
 30240 32768 9762.049 9963.989 9964.943 198.87807085298934 198.89711239143278 203.0115439904061 12.429879428311834 12.431069524464549 12.688221499400381
 33264 16384 5403.996 5404.949 5415.916 201.25769158901284 201.66605679350536 201.70162080060754 12.578605724313302 12.604128549594085 12.606351300037971
 36576 16384 5947.113 5952.12 6098.986 196.5117427716673 201.36058547206707 201.5301152004342 12.281983923229205 12.585036592004192 12.595632200027138
 40224 16384 6520.033 6523.132 6525.993 201.97080076549267 202.05938374388256 202.1554234464764 12.623175047843292 12.62871148399266 12.634713965404774
 44240 16384 7173.061 7176.876 7197.857 201.4011003552863 201.9898797192539 202.09730824818027 12.587568772205394 12.62436748245337 12.631081765511267
 48656 16384 7887.125 7892.847 7895.947 201.9212905051161 202.00059724963631 202.14714588649224 12.620080656569757 12.62503732810227 12.634196617905765
 53520 16384 8678.913 8679.152 8688.927 201.8365858062797 202.06390670424943 202.0694711422963 12.61478661289248 12.62899416901559 12.629341946393518
 58864 16384 9527.922 9529.114 9533.167 202.3310356359015 202.41709271187227 202.44241630021736 12.645689727243843 12.651068294492017 12.652651018763585
 64736 16384 10480.881 10678.053 10757.923 197.1820441548057 198.65693193319044 202.39417354323555 12.323877759675357 12.416058245824402 12.649635846452222
 71200 8192 5779.028 5795.956 5850.077 199.4060590997349 201.26805655529472 201.8576134256487 12.462878693733431 12.57925353470592 12.616100839103044
 78320 8192 6382.942 6408.93 6455.898 198.76318987691565 200.21983076738238 201.0350211548217 12.422699367307228 12.513739422961399 12.564688822176356
 86144 8192 7054.09 7147.074 7266.045 194.24367671821463 197.47707887171728 200.08013733876373 12.140229794888414 12.34231742948233 12.505008583672733
 94752 8192 7791.996 7813.931 7858.038 197.55780870492103 198.67295577603642 199.23223369211178 12.347363044057564 12.417059736002276 12.452014605756986
 104224 8192 8622.169 8625.031 8687.019 196.56984933496747 197.9825946132831 198.0483119734721 12.285615583435467 12.373912163330195 12.378019498342006
 114640 8192 9521.008 9537.935 9582.996 195.99943065822004 196.9254099550899 197.27551536559997 12.249964416138752 12.307838122193118 12.329719710349998
 126096 8192 10485.888 10510.921 10606.05 194.7904133961277 196.5533623552113 197.0225949390266 12.17440083725798 12.284585147200707 12.313912183689162
 138704 4096 5769.968 5781.174 5831.003 194.8658177675436 196.54540202387957 196.92711779337426 12.179113610471475 12.284087626492473 12.307944862085892
 152560 4096 6346.941 6350.04 6401.062 195.24440163210417 196.81317283040735 196.90927015077025 12.20277510200651 12.30082330190046 12.306829384423141
 167808 4096 6966.114 6992.102 7030.01 195.5449758961936 196.6051319045403 197.3385930807334 12.2215609935121 12.287820744033768 12.333662067545838
 184576 4096 7678.032 7714.987 7732.153 195.55311334372198 195.98822292247542 196.9315303713243 12.222069583982623 12.249263932654713 12.308220648207769
 203024 4096 8460.045 8496.046 8516.073 195.2980684876703 195.7584278616194 196.5914611565305 12.206129280479393 12.234901741351212 12.286966322283156
 223312 4096 9297.132 9357.214 9359.121 195.46407232046687 195.50390789395223 196.76733685183777 12.21650452002918 12.218994243372014 12.29795855323986
 245632 4096 10235.071 10286.093 10289.907 195.55252967786788 195.62503897252338 196.60023306140232 12.222033104866743 12.226564935782712 12.287514566337645
 270192 2048 5621.91 5654.097 5656.958 195.63631761098458 195.73531051908026 196.85594966835114 12.227269850686536 12.233456907442516 12.303496854271947
 297200 2048 6195.068 6211.042 6221.056 195.67919015678368 195.99468172973232 196.50005455953024 12.22994938479898 12.24966760810827 12.28125340997064
 326912 2048 6812.811 6833.076 6848.097 195.53337985720705 195.9632165660092 196.5461176010901 12.22083624107544 12.247701035375576 12.28413235006813
 359600 2048 7483.959 7505.178 7578.135 194.3646556837533 196.25405286856622 196.8104849318389 12.147790980234582 12.265878304285389 12.30065530823993
 395552 2048 8238.792 8257.866 8268.118 195.9552333433074 196.19850842820654 196.65273646913286 12.247202083956713 12.262406776762909 12.290796029320804
 435104 2048 9070.158 9084.94 9119.987 195.41540837722687 196.1692629780714 196.48896788788025 12.21346302357668 12.260578936129463 12.280560492992516
 478608 2048 9958.982 9975.91 9995.222 196.13154845385125 196.51123235875224 196.8452566738247 12.258221778365703 12.281952022422015 12.302828542114044
 526464 1024 5466.938 5515.099 5528.927 195.01040111399556 195.49935041963892 197.22160229364226 12.188150069624722 12.218709401227432 12.326350143352641
 579104 1024 6029.844 6036.043 6039.858 196.36305886661572 196.48716750361123 196.68916675124595 12.272691179163482 12.280447968975702 12.293072921952872
 637008 1024 6633.043 6651.163 6687.88 195.06815074433152 196.1450026108216 196.68082718595372 12.19175942152072 12.25906266317635 12.292551699122107
 700704 1024 7298.946 7303.953 7333.994 195.66988901272623 196.47467501502268 196.60945457056403 12.22936806329539 12.279667188438918 12.288090910660252
 770768 1024 8024.931 8032.084 8084.059 195.2648866120349 196.5284307285631 196.70360580047358 12.204055413252181 12.283026920535194 12.293975362529599
 847840 1024 8832.932 8877.039 8881.092 195.51383095682377 195.6030969335608 196.57983555177375 12.219614434801485 12.22519355834755 12.28623972198586
 932624 1024 9762.049 9773.97 9775.877 195.38031748967379 195.418438157678 195.65707486204997 12.211269843104612 12.213652384854875 12.228567178878123
 1025872 1024 10753.87 10802.031 10802.984 194.4819927531134 194.49915076155585 195.37021146805753 12.155124547069587 12.15619692259724 12.210638216753596
 1128448 512 5925.179 5934.0 5981.922 193.17048132690465 194.73049410178632 195.02039550197554 12.07315508293154 12.170655881361645 12.188774718873471
 1241280 512 6508.112 6528.139 6570.101 193.46288892666948 194.70644237201444 195.305600149475 12.091430557916842 12.169152648250902 12.206600009342187
 1365408 512 7171.154 7174.969 7235.05 193.25060531717128 194.86882688970505 194.9724956401717 12.078162832323205 12.179301680606565 12.185780977510731
 1501936 512 7882.833 7887.125 7979.87 192.73277183713518 194.999123761827 195.10529577374024 12.045798239820948 12.187445235114188 12.194080985858765
 1652128 512 8627.176 8646.965 8769.989 192.90549532046168 195.65004276066807 196.09882445889593 12.056593457528855 12.228127672541754 12.256176528680996
 1817328 512 9483.099 9513.14 9620.905 193.4271123142781 195.6182576940947 196.23794626629964 12.089194519642382 12.226141105880918 12.264871641643728
 1999056 512 10414.124 10470.152 10590.076 193.29732326755732 195.51133011249502 196.5631813103051 12.081082704222332 12.219458132030939 12.28519883189407
 2198960 256 5754.948 5780.935 5824.089 193.31221071656012 194.75526363814848 195.6346990450652 12.082013169785007 12.17220397738428 12.227168690316574
 2418848 256 6308.079 6350.04 6391.048 193.77888821989757 195.03029524223467 196.32762620759823 12.111180513743598 12.189393452639667 12.27047663797489
 2660720 256 6943.941 6971.836 7025.003 193.92000829038795 195.3988361172007 196.1837866998006 12.120000518149247 12.212427257325043 12.261486668737538
 2926784 256 7622.004 7644.892 7738.113 193.65359590897677 196.01498726208297 196.60359768900673 12.103349744311048 12.250936703880186 12.28772485556292
 3219456 256 8402.109 8406.878 8492.947 194.08592470905563 196.07296216264822 196.18425231093764 12.130370294315977 12.254560135165514 12.261515769433602
 3541392 256 9200.096 9320.974 9361.029 193.69587510091037 194.5282439367388 197.08410694844923 12.105992193806898 12.158015246046174 12.317756684278077
 3895520 256 10179.043 10191.917 10278.94 194.0381245536991 195.69490607115424 195.9424122680295 12.127382784606194 12.23093162944714 12.246400766751844
 4285072 128 5578.995 5639.076 5665.064 193.63919489700382 194.53159205515232 196.6265307640534 12.102449681062739 12.15822450344702 12.289158172753337
 4713568 128 6133.08 6155.014 6230.831 193.66171350177848 196.0472239380771 196.74835612775308 12.103857093861155 12.25295149612982 12.296772257984568
 5184912 128 6758.928 6763.935 6836.891 194.1434303984077 196.23746709570685 196.382839408853 12.133964399900481 12.264841693481678 12.273927463053312
 5703392 128 7407.904 7432.938 7517.099 194.2329550269326 196.4321984119873 197.0960142032078 12.139559689183287 12.277012400749205 12.318500887700488
 6273728 128 8172.989 8224.964 8295.059 193.61819704959305 195.26825503430777 196.51003665855907 12.101137315599566 12.204265939644236 12.281877291159942
 6901088 128 8966.923 9033.918 9110.928 193.9076379486261 195.56061146448306 197.02171279936272 12.119227371789131 12.222538216530191 12.31385704996017
 7591184 128 9853.84 9936.094 10030.031 193.75245241016702 195.58421085790857 197.2168316108238 12.109528275635439 12.224013178619286 12.326051975676487
 8350288 128 10853.052 10927.916 11022.806 193.9319015502949 195.6158638115447 196.96521568310925 12.120743846893431 12.225991488221544 12.310325980194328
 9185312 64 5967.855 6027.937 6059.17 194.0397671628292 195.04515989467043 197.00879729819172 12.127485447676825 12.190322493416902 12.313049831136983
 10103840 64 6563.902 6570.816 6604.91 195.80759162501838 196.8235786849 197.030900217584 12.237974476563648 12.30147366780625 12.314431263599
 11114224 64 7214.069 7225.037 7236.004 196.6030798214042 196.9015068019721 197.20086846965285 12.287692488837763 12.306344175123256 12.325054279353303
 12225632 64 7942.915 7965.803 7997.036 195.6826124078971 196.44986148916811 197.01594389465328 12.230163275493569 12.278116343073007 12.31349649341583
 13448192 64 8748.055 8780.956 8786.201 195.9172771030392 196.0343015043009 196.77157676763574 12.24482981893995 12.252143844018807 12.298223547977233
 14793008 64 9601.116 9626.15 9656.906 196.07781457125085 196.70429237026227 197.21718016947196 12.254863410703178 12.294018273141392 12.326073760591997
 16272304 64 10557.175 10638.952 10818.005 192.53595390277601 195.77632383340014 197.2928280529593 12.033497118923501 12.236020239587509 12.330801753309956
 17899520 32 6225.109 6738.901 6772.041 169.16159840142726 169.99348706858876 184.02397130716906 10.572599900089203 10.624592941786798 11.501498206698066
 19689472 32 6382.942 6433.01 7611.036 165.5656612319269 195.88438507013046 197.42090841495974 10.347853826995431 12.242774066883154 12.338806775934984
 21658416 32 7071.018 7086.039 7098.913 195.2606862487257 195.61543818768143 196.0309850717393 12.203792890545357 12.22596488673009 12.251936566983707
 23824256 32 7736.206 7762.909 7772.923 196.16203376773447 196.41507893497143 197.09304328245653 12.260127110483404 12.275942433435715 12.318315205153533
 26206672 32 8523.941 8547.068 8563.995 195.84633199809198 196.23419493094008 196.76661394066429 12.240395749880749 12.264637183183755 12.297913371291518
 28827328 32 9407.997 9415.865 9416.819 195.9206173549688 195.94046771061397 196.1043346421135 12.24503858468555 12.246279231913373 12.256520915132095
 31710048 32 10306.835 10334.969 10447.979 194.24264463012415 196.36663370736767 196.90264489535343 12.14016528938276 12.27291460671048 12.30641530595959
 34881040 16 5676.031 5679.131 5728.96 194.83349159358767 196.5429710989234 196.6503142777057 12.17709322459923 12.283935693682713 12.290644642356606
 38369136 16 6225.109 6264.925 6335.02 193.8134926172293 195.98197137236278 197.23547844704404 12.11334328857683 12.248873210772674 12.327217402940253
 42206048 16 6842.852 6842.852 6886.005 196.13600861457408 197.3728989023875 197.3728989023875 12.25850053841088 12.335806181399219 12.335806181399219
 46426640 16 7530.928 7534.981 7559.061 196.53928973453185 197.16738237296153 197.27349405013564 12.28370560840824 12.322961398310095 12.329593378133477
 51069296 16 8287.907 8321.047 8328.199 196.22699601678588 196.3956545372235 197.18096161069377 12.264187251049117 12.274728408576468 12.32381010066836
 56176224 16 9146.929 9497.881 9531.021 188.6092967374639 189.26739216884272 196.52925785255357 11.788081046091493 11.82921201055267 12.283078615784598
 61793840 16 10231.018 10242.939 10524.035 187.8939855293146 193.05034228945425 193.27528111083376 11.743374095582162 12.06564639309089 12.07970506942711
 67973216 8 7229.09 7250.071 7575.035 143.57312619677666 150.00838695234847 150.443756544738 8.973320387298541 9.37552418452178 9.402734784046125
 74770528 8 10678.053 11416.912 11534.929 103.71355107604045 104.78564151147 112.03619686098206 6.482096942252528 6.549102594466875 7.002262303811379
 82247568 8 12901.068 13086.081 13516.903 97.35670130946414 100.56189381679664 102.00404245601992 6.084793831841509 6.28511836354979 6.375252653501245
 90472320 8 15323.162 15499.115 15738.01 91.97840896021796 93.39611455234702 94.4685646474272 5.748650560013623 5.837257159521688 5.9042852904642
 99519552 8 17089.128 17158.031 17410.994 91.45444723029598 92.80277160007462 93.1769503979372 5.715902951893499 5.800173225004664 5.823559399871075
 109471504 8 19047.976 19230.843 19305.944 90.72563682977636 91.0799419453427 91.95434013566587 5.670352301861023 5.6924963715839185 5.747146258479117
 120418640 8 21257.877 21476.984 21554.947 89.38543156705511 89.70990712662447 90.63455584017161 5.586589472940944 5.6068691954140295 5.664659740010726
 132460496 8 23694.992 23762.226 23797.035 89.06016804194304 89.19063121443254 89.4437075986352 5.56626050262144 5.574414450902034 5.5902317249147
 145706544 4 13186.932 13293.982 13321.877 87.49910782091742 87.68270876250622 88.39450692549259 5.4686942388073385 5.480169297656639 5.524656682843287
 160277184 4 14663.935 14736.891 14778.852 86.7602890941732 87.0073254935522 87.44020428350234 5.422518068385825 5.437957843347013 5.465012767718896
 176304896 4 16201.973 16211.033 16360.044 86.21243121351017 87.0048915451594 87.05354391097923 5.388276950844386 5.437805721572462 5.440846494436202
 193935376 4 17817.974 17838.955 17858.982 86.87410111057842 86.97163079339569 87.0740415268313 5.429631319411151 5.435726924587231 5.442127595426956
 213328912 4 19643.068 19682.169 19752.979 86.39867920681736 86.70951336714973 86.88211515634931 5.399917450426085 5.419344585446858 5.430132197271832
 234661792 4 21696.091 21742.105 21842.003 85.94881778928425 86.34372504410221 86.52684651811241 5.3718011118302655 5.396482815256388 5.4079279073820254
 258127968 4 24074.078 24152.994 24343.967 84.82692011536163 85.49762998326419 85.77789537775858 5.301682507210102 5.343601873954012 5.361118461109911
 283940752 2 13288.021 13301.134 13401.985 84.74587965887143 85.38843439965345 85.47269815422477 5.296617478679464 5.3367771499783405 5.342043634639048
 312334816 2 14685.869 14704.943 14765.024 84.61478044329627 84.96049688869927 85.07084354354515 5.288423777706017 5.310031055543704 5.316927721471572
 343568288 2 16201.973 16255.14 16344.07 84.0839002769812 84.54391361747732 84.82134564722456 5.255243767311325 5.283994601092332 5.301334102951535
 377925104 2 17848.969 17853.975 18000.126 83.98276856506449 84.67024379724964 84.69399078456577 5.248923035316531 5.2918902373281025 5.293374424035361
 415717600 2 19664.049 19709.826 19859.076 83.73352315082535 84.36758396547997 84.56398781349661 5.233345196926584 5.272973997842498 5.285249238343538
 457289360 2 21669.865 21858.931 22015.81 83.083812950784 83.68009579242461 84.41019083413764 5.192738309424 5.230005987026538 5.275636927133602
 503018288 2 23874.998 23875.952 24008.036 83.80831951434928 84.27195497796276 84.27532232672858 5.23801996964683 5.266997186122673 5.2672076454205365
 553320112 1 13187.17 13252.02 13293.982 83.24369808835306 83.50728598357081 83.91794630690285 5.202731130522066 5.219205373973176 5.244871644181428
 608652112 1 14504.91 14554.977 14667.034 82.99593660176967 83.63491223654974 83.92359718191979 5.187246037610604 5.227182014784359 5.245224823869987
 669517312 1 15994.072 16083.956 16163.111 82.84510475737004 83.25281566301226 83.72068251287101 5.177819047335627 5.203300978938266 5.232542657054438
 736469040 1 17597.914 17657.042 17700.195 83.2159238923639 83.41929978985155 83.69958393932373 5.200995243272744 5.213706236865722 5.231223996207733
 810115936 1 19400.12 19432.783 19455.91 83.2771056198348 83.37621389586864 83.51659020665852 5.204819101239675 5.21101336849179 5.2197868879161575
 891127520 1 21387.1 21405.935 21820.068 81.67962812948154 83.25985480195095 83.33317934642845 5.104976758092596 5.203740925121934 5.208323709151778
 980240272 1 23509.026 23627.996 23744.106 82.5670397529391 82.9727812718438 83.39267411589063 5.1604399845586935 5.1857988294902375 5.212042132243164
 
META_DATA
 FLOPS          1
 MPI_PROCS      1
 OPENMP_THREADS 2
 ERT_VERSION  1.1.0
 HOSTNAME  ('c3cpu-c11-u13-2.rc.int.colorado.edu', [], ['10.225.64.253'])
 UNAME  uname_result(system='Linux', node='c3cpu-c11-u13-2.rc.int.colorado.edu', release='4.18.0-305.34.2.el8_4.x86_64', version='#1 SMP Mon Jan 17 09:42:23 EST 2022', machine='x86_64', processor='x86_64')
 TIMESTAMP_DATA  1728532892.667021
 CONFIG  {'nux': ['workstation,', 'MPI', 'and', 'OpenMP', '(8-core', 'Intel', 'Xeon', 'CPU', 'E5530,', '2.40', 'GHz)'], 'ERT_RESULTS': ['Results.alpine'], 'ERT_DRIVER': ['driver1'], 'ERT_KERNEL': ['kernel1'], 'ERT_MPI': ['True'], 'ERT_MPI_CFLAGS': ['-I/usr/include/mpi'], 'ERT_MPI_LDFLAGS': ['-lmpi'], 'ERT_OPENMP': ['True'], 'ERT_OPENMP_CFLAGS': ['-qopenmp'], 'ERT_OPENMP_LDFLAGS': ['-qopenmp'], 'ERT_FLOPS': ['1,2,4,8,16'], 'ERT_ALIGN': ['32'], 'ERT_CC': ['icpc'], 'ERT_CFLAGS': ['-O3', '-fno-alias', '-fno-fnalias', '-DERT_INTEL'], 'ERT_LD': ['icpc'], 'ERT_LDFLAGS': [], 'ERT_LDLIBS': [], 'ERT_PRECISION': ['FP64'], 'ERT_RUN': ['export', 'OMP_NUM_THREADS=ERT_OPENMP_THREADS;', 'mpirun', '-np', 'ERT_MPI_PROCS', 'ERT_CODE'], 'ERT_PROCS_THREADS': ['1-8'], 'ERT_MPI_PROCS': ['1,2,4,8'], 'ERT_OPENMP_THREADS': ['1,2,4,8'], 'ERT_NUM_EXPERIMENTS': ['3'], 'ERT_MEMORY_MAX': ['1073741824'], 'ERT_WORKING_SET_MIN': ['1'], 'ERT_TRIALS_MIN': ['1'], 'ERT_GNUPLOT': ['gnuplot'], 'ERT_GPU': [False], 'ERT_HIP': [False], 'ERT_OCL': [False], 'ERT_SYCL': [False], 'ERT_WSS_MULT': [1.1]}
 TIMESTAMP_DATA  1728532904.0494256
 TIMESTAMP_DATA  1728532914.243798
 