fp64
 64 16777216 97965.956 97968.102 97977.877 21.918046336113207 21.920233261230273 21.9207134364105 5.479511584028302 5.480058315307568 5.480178359102625
 128 8388608 51676.989 51677.942 51679.134 41.55417248284385 41.55513096864422 41.55589730663294 10.388543120710963 10.388782742161055 10.388974326658236
 192 4194304 25846.004 25852.919 25856.018 62.291600199226345 62.29906711888123 62.31573499717789 15.572900049806586 15.574766779720308 15.578933749294473
 256 4194304 25892.019 25902.033 25904.894 82.89876221844413 82.90791877224464 82.93998424765563 20.724690554611033 20.72697969306116 20.734996061913908
 320 2097152 12990.952 12994.051 12998.104 103.25946614983232 103.29167401297717 103.31631430860494 25.81486653745808 25.822918503244292 25.829078577151236
 384 2097152 13051.033 13051.987 13052.94 123.39080207217684 123.39981153827384 123.40883177599811 30.84770051804421 30.84995288456846 30.852207943999527
 448 2097152 13051.987 13052.94 13062.0 143.85608574490888 143.95593575087298 143.9664467946528 35.96402143622722 35.988983937718245 35.9916116986632
 512 2097152 13111.115 13112.068 13119.936 163.68095454124168 163.7791725912343 163.79107711281614 40.92023863531042 40.944793147808575 40.947769278204035
 576 1048576 6478.071 6479.025 6479.979 186.41411523092899 186.44156366119904 186.46902017591347 46.603528807732246 46.61039091529976 46.61725504397837
 640 1048576 8318.901 9057.045 9117.842 147.2033930835827 148.19152162763905 161.3406963251516 36.80084827089568 37.04788040690976 40.3351740812879
 704 1048576 8240.938 9311.914 9850.025 149.88743764609734 158.5490381461856 179.15375749702278 37.471859411524335 39.6372595365464 44.788439374255695
 768 1048576 6673.813 6675.959 6711.006 239.99572284691743 241.2556362314388 241.33321326204376 59.99893071172936 60.3139090578597 60.33330331551094
 832 1048576 6549.835 6552.935 6560.802 265.94773992569816 266.26701836657924 266.39304104607214 66.48693498142454 66.56675459164481 66.59826026151804
 896 1048576 6764.174 6765.127 6766.081 277.7158878233944 277.7550505703736 277.79418329569876 69.4289719558486 69.4387626425934 69.44854582392469
 960 1048576 6804.943 6805.897 6814.957 295.41872677993416 295.81198775121044 295.85345828760063 73.85468169498354 73.95299693780261 73.96336457190016
 1024 1048576 6994.963 6997.108 6997.824 306.87877374452404 306.91017603272667 307.00428980110405 76.71969343613101 76.72754400818167 76.75107245027601
 1088 524288 3500.938 3504.038 3505.945 325.4046164443538 325.581711157242 325.8700062668919 81.35115411108845 81.3954277893105 81.46750156672297
 1152 524288 3524.065 3526.211 3528.118 342.38071175623946 342.5658736814105 342.77448117443913 85.59517793905987 85.64146842035262 85.69362029360978
 1216 524288 3546.0 3546.953 3547.192 359.4585283232484 359.4827492780424 359.579361534123 89.8646320808121 89.8706873195106 89.89484038353075
 1280 524288 3555.775 3556.967 3560.066 377.00910039308263 377.33756877699454 377.46406338983763 94.25227509827066 94.33439219424864 94.36601584745941
 1408 524288 3615.141 3617.048 3628.969 406.8359382513325 408.1767806233149 408.39209535672325 101.70898456283312 102.04419515582873 102.09802383918081
 1536 524288 3915.071 3915.071 3921.032 410.76245641453573 411.38787419180903 411.38787419180903 102.69061410363393 102.84696854795226 102.84696854795226
 1664 524288 5118.132 5120.993 5482.912 318.2306161397447 340.7211187361513 340.9115794590683 79.55765403493618 85.18027968403783 85.22789486476708
 1792 524288 4595.995 4595.995 4603.148 408.2093801893834 408.8446989172094 408.8446989172094 102.05234504734585 102.21117472930236 102.21117472930236
 1920 524288 4936.934 4937.172 4940.033 407.5409860622388 407.7771485376649 407.79680668204185 101.8852465155597 101.94428713441623 101.94920167051046
 2112 262144 2466.917 2470.016 2471.209 448.078756592421 448.2951754158677 448.85833451226773 112.01968914810524 112.07379385396692 112.21458362806693
 2304 262144 2552.032 2554.178 2557.993 472.2294204870772 472.93475709210554 473.3324472420408 118.0573551217693 118.23368927302639 118.3331118105102
 2496 262144 2893.925 2895.117 2895.832 451.898745507336 452.01034984078365 452.1965317000267 112.974686376834 113.00258746019591 113.04913292500667
 2688 262144 3063.202 3063.917 3065.825 459.6759906387351 459.96224571357516 460.06960820735947 114.91899765968377 114.99056142839379 115.01740205183987
 2944 262144 3403.902 3406.048 3407.001 453.038866733529 453.1656253816741 453.4513249793913 113.25971668338225 113.29140634541852 113.36283124484783
 3200 262144 4421.949 4846.811 4851.103 345.8433267650677 346.14958165276096 379.40772270326954 86.46083169126692 86.53739541319024 94.85193067581739
 3520 262144 3915.071 3916.025 3916.025 471.2671037595521 471.2671037595521 471.3819391781145 117.81677593988803 117.81677593988803 117.84548479452863
 3840 262144 4256.01 4256.01 4259.109 472.6965006061126 473.04069304348434 473.04069304348434 118.17412515152814 118.26017326087108 118.26017326087108
 4224 131072 2211.809 2214.909 2218.962 499.0154207237438 499.92855507833497 500.6292387814679 124.75385518093594 124.98213876958374 125.15730969536698
 4608 131072 2424.955 2426.147 2428.055 497.5009017505782 497.8921524540763 498.1368940866944 124.37522543764454 124.47303811351908 124.5342235216736
 5056 131072 2763.987 2766.132 2767.086 478.98766572488177 479.15286183016576 479.52470977613143 119.74691643122044 119.78821545754144 119.88117744403286
 5504 131072 2849.102 2853.87 2856.016 505.1934498966392 505.5733358562233 506.4194177674229 126.2983624741598 126.39333396405583 126.60485444185572
 6016 131072 3189.802 3190.994 3194.094 493.7419825465374 494.22164504226583 494.4063311766686 123.43549563663434 123.55541126056646 123.60158279416714
 6592 131072 3405.094 3407.955 3412.962 506.32068215233573 507.0645733291666 507.490614943376 126.58017053808393 126.76614333229165 126.872653735844
 7232 131072 3661.156 3662.825 3663.063 517.5519525599204 517.5855816207436 517.8215317784875 129.3879881399801 129.3963954051859 129.45538294462187
 7936 131072 4085.064 4085.064 4086.971 509.02606942892425 509.2636942774948 509.2636942774948 127.25651735723106 127.3159235693737 127.3159235693737
 8704 65536 2192.02 2192.02 2192.02 520.4563316028139 520.4563316028139 520.4563316028139 130.11408290070347 130.11408290070347 130.11408290070347
 9536 65536 2403.021 2403.975 2407.074 519.2622212694749 519.9316099377073 520.1380229303031 129.81555531736873 129.98290248442683 130.03450573257578
 10432 65536 2599.001 2599.001 2600.908 525.7175970853256 526.1033389367683 526.1033389367683 131.4293992713314 131.52583473419207 131.52583473419207
 11456 65536 2851.963 2854.109 2858.877 525.2275043662249 526.1049357260007 526.5008108450214 131.30687609155623 131.52623393150017 131.62520271125535
 12544 65536 3084.898 3084.898 3087.997 532.4380716691111 532.9729436759336 532.9729436759336 133.10951791727777 133.2432359189834 133.2432359189834
 13760 65536 3424.883 3425.837 3426.075 526.4189254467576 526.455496861059 526.6021408614544 131.6047313616894 131.61387421526476 131.6505352153636
 15104 65536 3742.933 3746.033 3746.986 528.3477141361084 528.4821270928473 528.9198305179387 132.0869285340271 132.12053177321184 132.2299576294847
 16576 32768 2030.849 2031.803 2034.187 534.033860210492 534.6604646218161 534.9116236608432 133.508465052623 133.66511615545403 133.7279059152108
 18176 32768 2244.949 2247.095 2252.817 528.7523735838287 530.0987879907169 530.6055219962681 132.18809339595717 132.52469699767923 132.65138049906702
 19968 32768 2446.175 2448.082 2449.989 534.1341728473067 534.550251176227 534.9669782415403 133.53354321182667 133.63756279405675 133.7417445603851
 21952 32768 2691.984 2691.984 2691.984 534.4185819826566 534.4185819826566 534.4185819826566 133.60464549566416 133.60464549566416 133.60464549566416
 24128 32768 2958.059 2975.941 2976.894 531.1753149423527 531.3454157861329 534.557494627389 132.79382873558816 132.83635394653322 133.63937365684725
 26496 32768 3245.115 3245.115 3249.168 534.426615059609 535.0940894236414 535.0940894236414 133.60665376490226 133.77352235591036 133.77352235591036
 29120 32768 3543.854 3544.092 3547.192 538.0053631153881 538.4759537844955 538.5121170341667 134.50134077884704 134.61898844612386 134.6280292585417
 32000 32768 3870.964 3873.11 3875.017 541.19814184041 541.4646111264591 541.7647903726307 135.2995354601025 135.36615278161477 135.44119759315768
 35200 16384 2128.839 2134.085 2138.138 539.4570415941348 540.4815646986882 541.8134485510648 134.8642603985337 135.12039117467205 135.4533621377662
 38720 16384 2357.96 2358.913 2360.106 537.5932097965091 537.865092947472 538.0824780742676 134.39830244912727 134.466273236868 134.5206195185669
 42560 16384 2581.835 2582.073 2583.027 539.9115378972035 540.1110193243956 540.1608081074119 134.97788447430088 135.0277548310989 135.04020202685297
 46784 16384 2834.797 2836.943 2837.896 540.1953108922947 540.376775987392 540.7858523908413 135.04882772307369 135.094193996848 135.19646309771034
 51456 16384 3095.865 3096.104 3106.117 542.8353819254072 544.5909465573509 544.6329888415678 135.7088454813518 136.14773663933772 136.15824721039195
 56576 16384 3404.14 3407.001 3409.863 543.6823614321162 544.139073631032 544.5963938028401 135.92059035802905 136.034768407758 136.14909845071003
 62208 16384 3747.94 3751.04 3751.993 543.2930562503715 543.4310868452483 543.8805701265228 135.82326406259287 135.85777171131207 135.9701425316307
 68416 8192 2064.943 2065.897 2068.043 542.0234221435434 542.5864619581712 542.837135940314 135.50585553588584 135.6466154895428 135.7092839850785
 75200 8192 2263.069 2263.069 2264.977 543.9687908530639 544.427412509296 544.427412509296 135.99219771326597 136.106853127324 136.106853127324
 82688 8192 2485.991 2487.898 2490.044 544.070784291362 544.5400864504895 544.9578023411992 136.0176960728405 136.13502161262238 136.2394505852998
 90944 8192 2735.138 2738.953 2743.006 543.2093462427717 544.013167075156 544.7719625115808 135.80233656069294 136.003291768789 136.1929906278952
 100032 8192 3020.048 3024.101 3029.108 541.0583868254284 541.9542164762354 542.6815361875043 135.2645967063571 135.48855411905885 135.67038404687608
 110016 8192 3304.005 3304.005 3306.866 545.078676910404 545.55067077683 545.55067077683 136.269669227601 136.3876676942075 136.3876676942075
 120960 8192 3626.108 3626.823 3628.969 546.1079000674847 546.431033441665 546.5387793193142 136.52697501687118 136.60775836041626 136.63469482982856
 133056 4096 2026.081 2027.035 2036.81 535.1479774745803 537.7286292540582 537.9818240238175 133.78699436864508 134.43215731351455 134.49545600595437
 146304 4096 2220.869 2220.869 2221.107 539.6058668042557 539.6636938063433 539.6636938063433 134.90146670106392 134.91592345158583 134.91592345158583
 160896 4096 2433.062 2433.062 2434.015 541.5168074149092 541.7289127856175 541.7289127856175 135.3792018537273 135.43222819640437 135.43222819640437
 176960 4096 2678.156 2681.971 2682.924 540.3270163448536 540.5190138148399 541.2889764449868 135.0817540862134 135.12975345370998 135.3222441112467
 194624 4096 2938.986 2939.939 2940.178 542.2664233253905 542.3105064424807 542.4863568591345 135.56660583134763 135.57762661062017 135.62158921478363
 214080 4096 3226.995 3242.016 3247.023 540.1080805402364 540.9422285392793 543.4602036879512 135.0270201350591 135.23555713481983 135.8650509219878
 235456 4096 3551.96 3552.914 3555.775 542.45714422313 542.8939602816166 543.0397729704164 135.6142860557825 135.72349007040415 135.7599432426041
 258944 4096 3902.912 3904.104 3906.012 543.0780161453677 543.3434273267311 543.5093714641786 135.7695040363419 135.83585683168278 135.87734286604464
 284800 2048 2213.001 2215.147 2233.028 522.4031225761612 526.6200392118446 527.130715259505 130.6007806440403 131.65500980296116 131.78267881487625
 313280 2048 2482.891 2509.832 2520.084 509.1873445488325 511.26724019775025 516.8148259428223 127.29683613720813 127.81681004943756 129.20370648570557
 344576 2048 2738.953 2759.933 2779.961 507.69895548894397 511.38317343210866 515.300297595468 126.92473887223599 127.84579335802717 128.825074398867
 379008 2048 3008.127 3042.936 3058.91 507.50651964261783 510.17069304119445 516.0742109625027 126.87662991065446 127.54267326029861 129.01855274062567
 416896 2048 3296.852 3350.019 3371.954 506.41438643587657 509.7302480971004 517.9504618345015 126.60359660896914 127.4325620242751 129.48761545862538
 458560 2048 3612.995 3697.157 3715.038 505.5834583657018 508.02867176049057 519.8628174132541 126.39586459142545 127.00716794012264 129.96570435331353
 504384 2048 3978.968 4023.075 4081.011 506.23653403531625 513.5268082250517 519.2192709265316 126.55913350882906 128.38170205626292 129.8048177316329
 554816 1024 2171.04 2174.139 2177.0 521.939902618282 522.6267354571165 523.3727467020414 130.4849756545705 130.65668386427913 130.84318667551034
 610240 1024 2384.186 2393.961 2393.961 522.0517460393048 522.0517460393048 524.192122594462 130.5129365098262 130.5129365098262 131.0480306486155
 671232 1024 2626.896 2639.055 2727.985 503.91887638678367 520.8997675304229 523.3108337749192 125.97971909669592 130.22494188260572 130.8277084437298
 738304 1024 2880.812 3006.935 3038.168 497.68366726263986 502.853101912745 524.8681941063838 124.42091681565996 125.71327547818625 131.21704852659596
 812096 1024 3213.882 3300.905 3326.178 500.02513635770543 503.85352138277227 517.49647560178 125.00628408942636 125.96338034569307 129.374118900445
 893248 1024 3533.125 3631.83 3653.049 500.779459569253 503.70526814305737 517.7772946046348 125.19486489231325 125.92631703576434 129.4443236511587
 982528 1024 3890.038 3991.842 4015.923 501.0597424303206 504.0824120794361 517.2744698123772 125.26493560758016 126.02060301985902 129.3186174530943
 1080768 512 2135.038 2199.173 2211.809 500.36256837728746 503.23754975165673 518.354442403367 125.09064209432186 125.80938743791418 129.58861060084175
 1188800 512 2348.9 2419.949 2434.015 500.1329901418028 503.040022744281 518.2558644471881 125.0332475354507 125.76000568607024 129.56396611179701
 1307648 512 2593.994 2668.858 2751.112 486.72375097778644 501.72453985937057 516.2045679365488 121.68093774444661 125.43113496484264 129.0511419841372
 1438400 512 2839.088 2924.919 2953.053 498.77926335897126 503.5768853769968 518.8009670711158 124.69481583974282 125.8942213442492 129.70024176777895
 1582208 512 3125.906 3221.035 3243.923 499.45112507294414 503.0001201477166 518.307649686203 124.86278126823603 125.75003003692915 129.57691242155076
 1740416 512 3443.003 3537.893 3561.974 500.33660661195165 503.742194577394 517.6254519673669 125.08415165298791 125.9355486443485 129.40636299184172
 1914432 512 3778.934 3892.183 3927.946 499.08485707288236 503.6706568010805 518.7649130680768 124.77121426822059 125.91766420027012 129.6912282670192
 2105856 256 2051.83 2057.076 2067.089 521.6022493467868 524.1411945888242 525.4812884108334 130.4005623366967 131.03529864720605 131.37032210270834
 2316416 256 2254.009 2266.884 2282.143 519.6891658410538 523.1873320381634 526.1758014275897 129.92229146026344 130.79683300954085 131.54395035689743
 2548032 256 2483.13 2499.104 2513.885 518.954679311106 522.0240470184515 525.3822329076609 129.7386698277765 130.50601175461287 131.34555822691522
 2802816 256 2755.165 2759.933 2767.086 518.6112003746903 519.9553003641755 520.8551182960005 129.65280009367257 129.98882509104388 130.2137795740001
 3083072 256 3026.009 3038.883 3042.936 518.7532251746339 519.4450934767808 521.6550459697905 129.68830629365848 129.8612733691952 130.41376149244763
 3391360 256 3328.8 3344.059 3360.033 516.773591211753 519.24213059638 521.6223023311703 129.19339780293825 129.810532649095 130.40557558279258
 3730496 256 3666.878 3673.077 3677.13 519.4306298662272 520.00378756013 520.8828742052503 129.8576574665568 130.0009468900325 130.2207185513126
 4103488 256 4040.003 4060.03 4070.997 516.0863189041899 517.4803772385918 520.0456177879075 129.02157972604746 129.37009430964795 130.01140444697688
 4513792 128 2233.028 2236.128 2238.035 516.3148708576944 516.7551911160721 517.4725762507233 129.0787177144236 129.18879777901802 129.3681440626808
 4965120 128 2458.096 2473.831 2609.015 487.1841365419517 513.8066100715853 517.0956382500927 121.79603413548793 128.45165251789632 129.2739095625232
 5461632 128 2696.991 2742.767 2833.128 493.5102798038069 509.76907334819185 518.4213784918081 123.37756995095172 127.44226833704796 129.60534462295203
 6007744 128 2974.033 3018.141 3072.023 500.6415850402161 509.5793947333805 517.1369867113108 125.16039626005403 127.39484868334513 129.2842466778277
 6608512 128 3262.043 3285.17 3484.964 485.4509464086286 514.97458944286 518.6256195887056 121.36273660215716 128.743647360715 129.6564048971764
 7269312 128 3589.153 3618.002 3925.085 474.1155597904249 514.3567836612583 518.49109581007 118.52888994760623 128.58919591531458 129.6227739525175
 7996224 128 3952.98 3976.822 4259.825 480.5439998121988 514.741002740379 517.8456111591761 120.1359999530497 128.68525068509476 129.46140278979402
 8795840 64 2163.887 2204.895 2290.964 491.43832901782827 510.6218300644701 520.2986662427381 122.85958225445707 127.65545751611752 130.07466656068453
 9675392 64 2382.04 2430.916 2454.042 504.6572862241151 509.4582354964137 519.9115783110276 126.16432155602878 127.36455887410342 129.9778945777569
 10642880 64 2614.975 2670.05 2943.039 462.88501103791015 510.21090990805413 520.9566592414842 115.72125275947754 127.55272747701353 130.23916481037105
 11707136 64 2876.997 2930.88 3124.952 479.5316561662387 511.28446336936344 520.8602608900879 119.88291404155967 127.82111584234086 130.21506522252199
 12877824 64 3158.092 3216.028 3392.935 485.8217065755754 512.545746492257 521.9485284152584 121.45542664389384 128.13643662306424 130.4871321038146
 14165568 64 3484.011 3543.854 3710.985 488.6014640317867 511.6443013735893 520.4325428364032 122.15036600794667 127.91107534339733 130.1081357091008
 15582080 64 3825.903 3898.859 3912.926 509.7224532229846 511.5615209475388 521.3164682951973 127.43061330574615 127.8903802368847 130.32911707379932
 17140288 32 2102.852 2155.066 2213.001 495.6972147775803 509.02312597386816 521.6622149347648 123.92430369439508 127.25578149346704 130.4155537336912
 18854272 32 2341.986 2360.106 2638.102 457.4021049982146 511.2793272844524 515.2351072978233 114.35052624955365 127.8198318211131 128.80877682445583
 20739648 32 2557.039 2600.908 2676.01 496.01364419415467 510.3361872084672 519.0916024354732 124.00341104853867 127.5840468021168 129.7729006088683
 22813568 32 2796.173 2866.983 2943.993 495.9483096597037 509.2699719530949 522.1666728060102 123.98707741492592 127.31749298827373 130.54166820150255
 25094912 32 3091.812 3229.141 3345.013 480.1399480360764 497.3689188548905 519.4605519352406 120.0349870090191 124.34222971372263 129.86513798381014
 27604352 32 3397.942 3481.15 3664.017 482.16985019447236 507.49853582867723 519.926039938292 120.54246254861809 126.87463395716931 129.981509984573
 30364736 32 3792.048 3822.803 4253.149 456.9186510982803 508.3555453943088 512.4785087108602 114.22966277457007 127.0888863485772 128.11962717771505
 33401152 32 4103.899 4179.955 4503.965 474.6204129028534 511.4107037037481 520.888483854013 118.65510322571335 127.85267592593702 130.22212096350324
 36741248 16 2403.975 2419.949 2449.989 479.88784276174295 485.844923178133 489.07327904824297 119.97196069043574 121.46123079453325 122.26831976206074
 40415360 16 2606.153 2650.976 2652.884 487.5039843430772 487.85485798438003 496.2454314846442 121.8759960857693 121.96371449609501 124.06135787116105
 44456896 16 2942.085 3026.962 3098.965 459.06316205571864 469.9829968133066 483.541662460466 114.76579051392966 117.49574920332665 120.8854156151165
 48902528 16 3211.021 3249.884 3448.963 453.72504605007356 481.51900067817803 487.3468270683997 113.43126151251839 120.37975016954451 121.83670676709993
 53792768 16 3535.986 3586.769 3796.101 453.45700127578266 479.92178364427707 486.81430752271075 113.36425031894566 119.98044591106927 121.70357688067769
 59172032 16 3887.177 3925.085 4086.971 463.30277949121734 482.41121504375064 487.1157202257576 115.82569487280433 120.60280376093766 121.7789300564394
 65089216 16 4626.036 4881.859 5493.879 379.1228223264473 426.6520012151109 450.246152861759 94.78070558161183 106.66300030377772 112.56153821543975
 71598080 8 2716.064 3060.102 3443.956 332.6317990125309 374.356567199394 421.7755104445256 83.15794975313273 93.5891417998485 105.4438776111314
 78757888 8 3047.943 3109.932 3171.921 397.2754075527102 405.19413543447257 413.43496515518825 99.31885188817755 101.29853385861814 103.35874128879706
 86633664 8 3458.977 3489.971 3776.073 367.0846998985454 397.17769116133053 400.73658309956966 91.77117497463635 99.29442279033263 100.18414577489241
 95297024 8 3984.928 4048.109 4247.904 358.9422887146225 376.6579368292701 382.62984525692815 89.73557217865563 94.16448420731753 95.65746131423204
 104826688 8 4827.023 4840.851 5246.162 319.7055310148638 346.473586565668 347.4661314023157 79.92638275371596 86.618396641417 86.86653285057892
 115309312 8 4517.078 4614.115 4800.081 384.3578872939852 399.84894004592434 408.438595038651 96.0894718234963 99.96223501148108 102.10964875966275
 126840192 8 6262.064 6555.08 6644.964 305.41069477577304 309.59852084185087 324.0853290544459 76.35267369394326 77.39963021046272 81.02133226361147
 139524160 4 3890.991 4114.866 4652.977 239.88798569174102 271.25871899595273 286.8660657400647 59.971996422935256 67.81467974898818 71.71651643501617
 153476544 4 4051.924 4077.911 4341.125 282.832756946644 301.0885602947195 303.0195906932114 70.708189236661 75.27214007367988 75.75489767330285
 168824192 4 4822.016 5000.114 5152.941 262.1014942728823 270.11254863389115 280.08897855170954 65.52537356822057 67.52813715847279 70.02224463792739
 185706560 4 5927.086 6175.995 6730.08 220.74811592135603 240.55273360810685 250.65478719222227 55.18702898033901 60.13818340202671 62.66369679805557
 204277184 4 7930.04 8378.983 8435.965 193.720276459184 195.0376879867163 206.07934789736245 48.430069114796 48.75942199667907 51.51983697434061
 224704896 4 8935.928 9323.12 9980.917 180.10761616392563 192.81519148096342 201.1698357462146 45.02690404098141 48.203797870240855 50.29245893655365
 247175360 4 8548.021 9057.999 9544.849 207.1696346374888 218.30460347809708 231.328734452103 51.7924086593722 54.57615086952427 57.83218361302575
 271892864 2 6536.961 6735.086 7950.068 136.80027089076472 161.47848089838794 166.37263951857753 34.20006772269118 40.369620224596986 41.59315987964438
 299082112 2 6491.899 6813.049 7486.105 159.80652796080204 175.593694981498 184.28020029270326 39.95163199020051 43.8984237453745 46.070050073175814
 328990272 2 5937.099 6087.065 6117.105 215.1280855895068 216.18975450401794 221.65052123941337 53.7820213973767 54.047438626004485 55.41263030985334
 361889280 2 6203.89 6366.014 6802.082 212.81088937181292 227.38830294749587 233.33055873008706 53.20272234295323 56.84707573687397 58.332639682521766
 398078208 2 6917.953 7129.908 8824.11 180.4502473337254 223.32866454938826 230.17109714390946 45.11256183343135 55.832166137347066 57.542774285977366
 437886016 2 8152.008 8166.075 9530.067 183.7913693576341 214.49032295196895 214.860444690437 45.947842339408524 53.62258073799224 53.71511117260925
 481674560 2 9637.117 10381.937 10565.996 182.34894656405322 185.58176956766354 199.92475342988985 45.587236641013305 46.395442391915886 49.98118835747246
 529841984 2 11088.848 11440.039 12413.979 170.72430491464505 185.25880340093246 191.12606972338335 42.68107622866126 46.314700850233116 47.78151743084584
 582826176 1 6022.93 6642.103 7313.013 159.39426772521804 175.49447095294968 193.53576282639844 39.84856693130451 43.87361773823742 48.38394070659961
 641108736 1 6740.093 7194.996 7900.953 162.28643202914887 178.2096156828996 190.2373560720898 40.57160800728722 44.5524039207249 47.55933901802245
 705219584 1 7455.111 8081.198 8815.05 160.00353577120947 174.53342536589253 189.19090111468495 40.00088394280237 43.63335634147313 47.29772527867124
 775741504 1 8281.946 9095.907 9547.949 162.4938516114822 170.5693569646216 187.3331470647116 40.62346290287055 42.6423392411554 46.8332867661779
 853315648 1 9264.946 9986.877 10410.786 163.9291496338509 170.88738511548706 184.20304835020087 40.982287408462724 42.721846278871766 46.05076208755022
 938647168 1 10346.174 11458.874 11768.818 159.51426353946508 163.82886625684165 181.44816972921583 39.87856588486627 40.95721656421041 45.36204243230396
 1032511872 1 12334.108 12718.916 13278.961 155.5109427612597 162.35847017151463 167.423841594382 38.87773569031493 40.589617542878656 41.8559603985955
 
META_DATA
 FLOPS          4
 MPI_PROCS      2
 OPENMP_THREADS 4
 ERT_VERSION  1.1.0
 HOSTNAME  ('c3cpu-a7-u1-3.rc.int.colorado.edu', [], ['10.225.64.156'])
 UNAME  uname_result(system='Linux', node='c3cpu-a7-u1-3.rc.int.colorado.edu', release='4.18.0-305.34.2.el8_4.x86_64', version='#1 SMP Mon Jan 17 09:42:23 EST 2022', machine='x86_64', processor='x86_64')
 TIMESTAMP_DATA  1728533567.3330271
 CONFIG  {'nux': ['workstation,', 'MPI', 'and', 'OpenMP', '(8-core', 'Intel', 'Xeon', 'CPU', 'E5530,', '2.40', 'GHz)'], 'ERT_RESULTS': ['Results.alpine'], 'ERT_DRIVER': ['driver1'], 'ERT_KERNEL': ['kernel1'], 'ERT_MPI': ['True'], 'ERT_MPI_CFLAGS': ['-I/usr/include/mpi'], 'ERT_MPI_LDFLAGS': ['-lmpi'], 'ERT_OPENMP': ['True'], 'ERT_OPENMP_CFLAGS': ['-qopenmp'], 'ERT_OPENMP_LDFLAGS': ['-qopenmp'], 'ERT_FLOPS': ['1,2,4,8,16'], 'ERT_ALIGN': ['32'], 'ERT_CC': ['icpc'], 'ERT_CFLAGS': ['-O3', '-fno-alias', '-fno-fnalias', '-DERT_INTEL'], 'ERT_LD': ['icpc'], 'ERT_LDFLAGS': [], 'ERT_LDLIBS': [], 'ERT_PRECISION': ['FP64'], 'ERT_RUN': ['export', 'OMP_NUM_THREADS=ERT_OPENMP_THREADS;', 'mpirun', '-np', 'ERT_MPI_PROCS', 'ERT_CODE'], 'ERT_PROCS_THREADS': ['1-8'], 'ERT_MPI_PROCS': ['1,2,4,8'], 'ERT_OPENMP_THREADS': ['1,2,4,8'], 'ERT_NUM_EXPERIMENTS': ['3'], 'ERT_MEMORY_MAX': ['1073741824'], 'ERT_WORKING_SET_MIN': ['1'], 'ERT_TRIALS_MIN': ['1'], 'ERT_GNUPLOT': ['gnuplot'], 'ERT_GPU': [False], 'ERT_HIP': [False], 'ERT_OCL': [False], 'ERT_SYCL': [False], 'ERT_WSS_MULT': [1.1]}
 TIMESTAMP_DATA  1728533571.9658318
 TIMESTAMP_DATA  1728533576.6131659
 