fp64
 64 16777216 65330.982 65348.148 65351.009 32.86075732969938 32.86219600286148 32.870830687957515 2.0537973331062114 2.0538872501788425 2.0544269179973447
 128 8388608 35366.058 35374.88 35377.026 60.70277495909352 60.706457463601296 60.72160058098644 3.793923434943345 3.794153591475081 3.7951000363116525
 192 4194304 17685.89 17693.043 17737.865 90.80082275967258 91.03084958308189 91.06766671058115 5.6750514224795365 5.689428098942618 5.691729169411322
 256 4194304 17828.941 17835.855 17841.101 120.36721545379964 120.40261865775429 120.44931036565775 7.522950965862478 7.525163666109643 7.5280818978536095
 320 2097152 8935.928 8980.036 9004.831 149.05080173075987 149.46234959414417 150.200100090332 9.315675108172492 9.34139684963401 9.38750625564575
 384 2097152 8888.006 8896.112 8898.02 181.00799233986885 181.04681415881456 181.21193167511365 11.312999521241803 11.31542588492591 11.325745729694603
 448 2097152 8872.986 8877.993 8881.807 211.56147527186752 211.65236242020012 211.77179722812588 13.22259220449172 13.228272651262508 13.235737326757867
 512 2097152 8847.952 8851.051 8852.005 242.59855795381952 242.62470615071595 242.7096855859978 15.16240987211372 15.164044134419747 15.169355349124862
 576 1048576 4426.003 4432.917 4432.917 272.497669593182 272.497669593182 272.92334686623576 17.031104349573877 17.031104349573877 17.057709179139735
 640 1048576 4435.062 4436.016 4441.977 302.15763836688035 302.56366974330126 302.62875242781274 18.884852397930022 18.91022935895633 18.914297026738296
 704 1048576 4429.817 4431.963 4435.062 332.891627670594 333.12439837606945 333.28577862245777 20.805726729412125 20.82027489850434 20.83036116390361
 768 1048576 4458.189 4467.01 4480.839 359.44445582624144 360.5572264221481 361.27062715376127 22.46527848914009 22.534826651384257 22.57941419711008
 832 1048576 4431.963 4436.016 4440.069 392.97372721009515 393.33277066629165 393.69247080808213 24.560857950630947 24.583298166643228 24.605779425505133
 896 1048576 4478.216 4496.098 4498.959 417.6628842361089 417.9286554696984 419.5974897146542 26.103930264756805 26.12054096685615 26.22484310716589
 960 1048576 4544.973 4637.003 4653.215 432.6612718303366 434.17395244298956 442.9654301576709 27.041329489396038 27.135872027686847 27.68533938485443
 1024 1048576 4518.986 4520.893 4521.847 474.9129388942174 475.01315514434873 475.21360942476923 29.682058680888588 29.688322196521796 29.700850589048077
 1088 524288 2382.994 2383.947 2387.047 477.93390243258716 478.55539070289734 478.7467731769362 29.870868902036698 29.909711918931084 29.92167332355851
 1152 524288 2367.973 2395.868 2413.988 500.3999821043021 504.18451767793556 510.12387050021266 31.274998881518883 31.511532354870972 31.88274190626329
 1216 524288 2468.824 2503.872 2551.079 499.81533931328664 509.23865756716003 516.4679280499541 31.238458707080415 31.827416097947502 32.279245503122134
 1280 524288 2580.881 2588.987 2686.977 499.51200922077123 518.4179294836166 520.0461702806135 31.219500576298202 32.40112059272604 32.502885642538345
 1408 524288 2743.006 2771.139 2776.861 531.6776777807747 532.7755150499487 538.2398026107126 33.22985486129842 33.29846969062179 33.639987663169535
 1536 524288 2897.024 2897.024 2897.978 555.7712087531374 555.9542261299872 555.9542261299872 34.73570054707109 34.7471391331242 34.7471391331242
 1664 524288 3066.063 3069.878 3069.878 568.3712720831251 568.3712720831251 569.0784775133453 35.52320450519532 35.52320450519532 35.56740484458408
 1792 524288 3232.956 3236.055 3242.016 579.5925103392457 580.6601531803384 581.2167539552038 36.224531896202855 36.29125957377115 36.32604712220024
 1920 524288 3401.995 3403.902 3409.147 590.5482867121892 591.4582499731191 591.7897939297383 36.90926791951183 36.966140623319944 36.98686212060864
 2112 262144 1871.109 1874.208 1876.116 590.2067121649194 590.8075603134764 591.7860776683774 36.88791951030746 36.925472519592276 36.98662985427359
 2304 262144 1963.139 1971.006 1971.006 612.8644722542701 612.8644722542701 615.3204393575799 38.304029515891884 38.304029515891884 38.45752745984874
 2496 262144 2127.886 2127.886 2130.032 614.367694006475 614.9872916124266 614.9872916124266 38.397980875404684 38.43670572577666 38.43670572577666
 2688 262144 2298.117 2299.07 2299.07 612.9809636070236 612.9809636070236 613.2351590454272 38.31131022543897 38.31131022543897 38.3271974403392
 2944 262144 2468.824 2470.016 2470.97 624.6550431611878 624.896305125149 625.198018165734 39.04094019757424 39.05601907032181 39.07487613535837
 3200 262144 2681.017 2682.924 2696.037 622.2917563816818 625.3332558059788 625.7780536266648 38.89323477385511 39.08332848787367 39.11112835166655
 3520 262144 2854.824 2857.924 2857.924 645.7462689700636 645.7462689700636 646.4474727688993 40.35914181062898 40.35914181062898 40.402967048056205
 3840 262144 3108.025 3108.025 3112.078 646.9201350351758 647.7637470741065 647.7637470741065 40.43250843969849 40.48523419213166 40.48523419213166
 4224 131072 2074.957 2272.129 2298.117 481.82762496426415 487.33863966350503 533.6478086051904 30.11422656026651 30.458664978969065 33.3529880378244
 4608 131072 2111.197 2259.016 2331.018 518.2111643925529 534.7281967015726 572.1680885298719 32.388197774534554 33.42051229384829 35.76050553311699
 5056 131072 2336.025 2367.02 2458.811 539.0410503287972 559.9445986937162 567.3740923149367 33.69006564554982 34.99653741835726 35.46088076968354
 5504 131072 2277.851 2277.851 2278.09 633.3553880663187 633.4218419027408 633.4218419027408 39.58471175414492 39.5888651189213 39.5888651189213
 6016 131072 2449.036 2449.989 2449.989 643.7001570211131 643.7001570211131 643.9506418035504 40.23125981381957 40.23125981381957 40.2469151127219
 6592 131072 2702.951 2703.905 2705.812 638.6449790303244 639.0954001712337 639.3209673427302 39.915311189395275 39.943462510702105 39.95756045892064
 7232 131072 3000.021 3000.975 3001.928 631.5359355720724 631.7364883079666 631.937379105013 39.470995973254524 39.483530519247914 39.49608619406331
 7936 131072 3254.89 3256.083 3256.083 638.919457519971 638.919457519971 639.1536377573436 39.93246609499819 39.93246609499819 39.94710235983398
 8704 65536 1799.107 1854.897 1866.102 611.3549462998271 615.0479988915827 634.1205320194964 38.209684143739196 38.44049993072392 39.632533251218526
 9536 65536 1978.874 1983.881 2005.1 623.3617236048077 630.0290148451444 631.6231311341703 38.96010772530048 39.376813427821524 39.476445695885644
 10432 65536 2160.072 2161.026 2208.948 619.001943006354 632.7286686971836 633.0081145443298 38.68762143789713 39.545541793573975 39.563007159020614
 11456 65536 2371.073 2373.934 2384.901 629.6113893197244 632.5200414164841 633.283256989557 39.35071183248277 39.53250258853026 39.58020356184731
 12544 65536 2604.961 2608.776 2611.876 629.4966407287328 630.2446695308452 631.1676712242526 39.3435400455458 39.39029184567782 39.447979451515785
 13760 65536 2841.949 2843.142 2859.831 630.6494055068289 634.351263496512 634.6175529539763 39.415587844176805 39.646953968532 39.66359705962352
 15104 65536 3118.038 3119.946 3182.888 621.9859096518633 634.5338951379288 634.922181192147 38.874119353241454 39.65836844612055 39.68263632450919
 16576 32768 1718.998 1720.19 1745.224 622.4557626986565 631.5143885268486 631.9522977920858 38.90348516866603 39.46964928292804 39.49701861200536
 18176 32768 1877.069 1879.93 1883.03 632.5880819742649 633.6312181836557 634.5969892422709 39.53675512339156 39.60195113647848 39.66231182764193
 19968 32768 2070.904 2070.904 2071.142 631.8363723974503 631.9089866068151 631.9089866068151 39.489773274840644 39.494311662925945 39.494311662925945
 21952 32768 2270.937 2272.844 2274.036 632.6400602277184 632.9718502457714 633.5033829648291 39.5400037642324 39.56074064036071 39.59396143530182
 24128 32768 2495.05 2496.004 2498.865 632.788329101412 633.5136514204304 633.7558798420872 39.54927056883825 39.5946032137769 39.60974249013045
 26496 32768 2738.953 2740.145 2742.052 633.2636492670453 633.704368199493 633.9801581115119 39.57897807919033 39.606523012468315 39.62375988196949
 29120 32768 3015.995 3018.856 3021.002 631.7136896963325 632.1627530428744 632.7624283196756 39.48210560602078 39.51017206517965 39.54765176997972
 32000 32768 3323.078 3324.032 3328.085 630.1377518903513 630.9060803265431 631.0872028884064 39.383609493146956 39.431630020408946 39.4429501805254
 35200 16384 1827.955 1829.863 1832.008 629.6007441015541 630.3387739956488 630.9967149081898 39.350046506347134 39.39617337472805 39.43729468176186
 38720 16384 2002.954 2004.147 2004.862 632.8500215974965 633.0757973342276 633.4528701108463 39.55312634984353 39.56723733338922 39.590804381927896
 42560 16384 2206.087 2207.041 2235.174 623.9362483636621 631.8895208562051 632.1627750854794 38.99601552272888 39.49309505351282 39.510173442842465
 46784 16384 2424.002 2433.062 2434.969 629.5842419349076 630.0777012669632 632.4326927122997 39.349015120931725 39.3798563291852 39.527043294518734
 51456 16384 2673.149 2674.103 2674.103 630.5330078908703 630.5330078908703 630.7580340639448 39.40831299317939 39.40831299317939 39.42237712899655
 56576 16384 2936.84 2939.939 2940.178 630.534058822289 630.5853175865213 631.2507211833126 39.40837867639306 39.411582349157584 39.45317007395704
 62208 16384 3226.042 3226.995 3229.856 631.1215558836059 631.6810977395379 631.8677016604248 39.44509724272537 39.48006860872112 39.49173135377655
 68416 8192 1770.973 1773.119 1774.073 631.8385680859807 632.1785193210383 632.9445700188542 39.48991050537379 39.51115745756489 39.559035626178385
 75200 8192 1951.933 1951.933 1952.887 630.9002005748413 631.2085507033283 631.2085507033283 39.43126253592758 39.45053441895802 39.45053441895802
 82688 8192 2145.052 2147.913 2148.867 630.4532537379 630.7332708540803 631.5745222027251 39.40332835861875 39.42082942838002 39.47340763767032
 90944 8192 2359.152 2361.059 2362.013 630.8290834978469 631.0839737592327 631.5941050004408 39.42681771861543 39.44274835995204 39.47463156252755
 100032 8192 2593.994 2596.855 2598.047 630.8293452735843 631.1189065234678 631.8149880069113 39.42683407959902 39.44493165771674 39.48843675043196
 110016 8192 2856.016 2858.162 2859.116 630.4403682816646 630.6507972606172 631.1246659682578 39.40252301760404 39.415674828788575 39.44529162301611
 120960 8192 3142.118 3144.979 3145.933 629.9589469960104 630.1500391576541 630.72381113631 39.37243418725065 39.38437744735338 39.420238196019376
 133056 4096 1741.171 1743.078 1744.032 624.9855232014091 625.3275825866657 626.0124663229516 39.06159520008807 39.082973911666606 39.125779145184474
 146304 4096 1920.938 1925.945 1931.906 620.3833768309638 622.303527878522 623.9255863541665 38.77396105193524 38.893970492407625 38.99534914713541
 160896 4096 2103.09 2104.998 2110.958 624.3895103550142 626.157379721976 626.725452548393 39.024344397188386 39.1348362326235 39.170340784274565
 176960 4096 2316.952 2319.098 2331.018 621.8983808790837 625.0948946530074 625.6738680818593 38.86864880494273 39.06843091581296 39.104616755116204
 194624 4096 2541.065 2542.019 2545.834 626.2622810442473 627.2021601726817 627.4376326461544 39.141392565265456 39.20013501079261 39.21485204038465
 214080 4096 2798.08 2798.08 2802.849 625.7002642668228 626.7666971637694 626.7666971637694 39.10626651667643 39.17291857273559 39.17291857273559
 235456 4096 3070.116 3072.023 3074.169 627.439659953633 627.8779657574178 628.2679716336451 39.214978747102066 39.24237285983861 39.266748227102816
 258944 4096 3375.053 3381.014 3381.014 627.4062302019453 627.4062302019453 628.5143516264782 39.21288938762158 39.21288938762158 39.282146976654886
 284800 2048 1871.109 1873.016 1880.884 620.2087954387405 622.8141137075177 623.4488744375661 38.76304971492128 38.925882106719854 38.96555465234788
 313280 2048 2060.89 2063.036 2082.109 616.2957270728862 621.9934504293672 622.6411307735979 38.518482942055385 38.87459065183545 38.91507067334987
 344576 2048 2271.175 2271.891 2295.971 614.7217434366548 621.237240695086 621.433089039814 38.42010896479093 38.82732754344288 38.83956806498838
 379008 2048 2521.038 2521.038 2544.88 610.015705259187 615.7847553269725 615.7847553269725 38.12598157869919 38.48654720793578 38.48654720793578
 416896 2048 2784.014 2786.16 2811.909 607.2764147061658 612.8887127803141 613.3611454540099 37.954775919135365 38.30554454876963 38.33507159087562
 458560 2048 3067.97 3071.07 3097.057 606.466642364025 611.5984852185069 612.2164688702954 37.90416514775156 38.22490532615668 38.263529304393465
 504384 2048 3381.968 3382.921 3412.008 605.4959027059725 610.7020719668003 610.8741608436271 37.84349391912328 38.16887949792502 38.179635052726695
 554816 1024 1861.095 1863.003 1879.93 604.4178070460069 609.9094676712813 610.5347486291672 37.776112940375434 38.11934172945508 38.15842178932295
 610240 1024 2043.962 2049.923 2061.844 606.1426179672176 609.6675436101746 611.4455748198841 37.8839136229511 38.10422147563591 38.215348426242755
 671232 1024 2249.956 2253.771 2267.838 606.1646096414294 609.9480098022381 610.9822307636239 37.885288102589335 38.12175061263988 38.18638942272649
 738304 1024 2472.162 2490.997 2493.858 606.308214822175 607.0045816996167 611.6292508338854 37.89426342638594 37.93778635622604 38.22682817711784
 812096 1024 2722.025 2740.145 2744.913 605.9108642058966 606.965181769578 611.0056329387129 37.86942901286854 37.93532386059862 38.187852058669556
 893248 1024 2993.107 3009.796 3017.902 606.1733959552033 607.8059456521306 611.1949569460764 37.88583724720021 37.987871603258164 38.19968480912978
 982528 1024 3295.183 3314.018 3315.926 606.8342128262211 607.1835892261298 610.6542016027638 37.92713830163882 37.94897432663311 38.16588760017274
 1080768 512 1813.173 1820.087 1822.948 607.0970932796766 608.051390949993 610.3700154370267 37.94356832997979 38.00321193437456 38.14812596481417
 1188800 512 1992.941 2002.001 2003.908 607.4785868413121 608.0572387326481 610.8214944647132 37.96741167758201 38.003577420790506 38.17634340404457
 1307648 512 2196.074 2197.981 2204.18 607.4964621764103 609.2097938972174 609.7388120801029 37.968528886025645 38.07561211857609 38.10867575500643
 1438400 512 2413.988 2423.048 2424.955 607.401621885767 607.87966230962 610.1611109914384 37.96260136786044 37.99247889435125 38.1350694369649
 1582208 512 2658.129 2665.997 2675.056 605.6624579074233 607.7204858069983 609.5193243066834 37.85390361921396 37.982530362937396 38.09495776916771
 1740416 512 2920.866 2940.893 2942.085 605.7561164956145 606.0016409981595 610.1567083186973 37.859757280975906 37.87510256238497 38.13479426991858
 1914432 512 3215.075 3231.049 3268.003 599.8704309634966 606.7312405351946 609.7457658063964 37.491901935218536 37.92070253344966 38.10911036289978
 2105856 256 1765.013 1777.887 1791.0 602.0090854271357 606.4492692730191 610.8727085862824 37.62556783919598 37.903079329563695 38.17954428664265
 2316416 256 1942.873 1955.986 1971.006 601.7257136710898 606.3463603522723 610.4387636247968 37.60785710444311 37.89664752201702 38.1524227265498
 2548032 256 2136.946 2147.913 2165.079 602.5611000799508 607.3767345325439 610.4938468262652 37.66006875499693 37.96104590828399 38.155865426641576
 2802816 256 2355.099 2365.112 2388.0 600.9387738693467 606.7542644914913 609.3339566616944 37.55867336683417 37.92214153071821 38.0833722913559
 3083072 256 2594.948 2614.021 2624.035 601.5670004401619 603.871531253957 608.3100177729959 37.59793752751012 37.74197070337231 38.019376110812246
 3391360 256 2874.851 2877.951 2880.096 602.8883481661722 603.337694074708 603.988283218852 37.680521760385766 37.70860587966925 37.74926770117825
 3730496 256 3159.046 3171.921 3184.08 599.8636818170398 602.1631534959414 604.6173281427367 37.49148011356499 37.63519709349634 37.788583008921044
 4103488 256 3480.911 3481.865 3509.045 598.7343724574635 603.4081895765631 603.5735633574084 37.420898278591466 37.713011848535196 37.72334770983802
 4513792 128 1923.8 1925.945 1937.151 596.510417618451 599.9811791094762 600.650146584884 37.28190110115319 37.49882369434226 37.54063416155525
 4965120 128 2112.865 2115.011 2125.978 597.875763530949 600.9759381866099 601.5863389284219 37.367235220684314 37.56099613666312 37.59914618302637
 5461632 128 2326.012 2328.157 2334.833 598.834174435602 600.5513339521347 601.1051499304389 37.427135902225125 37.534458372008416 37.56907187065243
 6007744 128 2558.947 2568.96 2570.152 598.4013645885535 598.6790234180369 601.021617094844 37.400085286784595 37.417438963627305 37.56385106842775
 6608512 128 2810.001 2818.108 2822.876 599.3104450921684 600.3244275946842 602.0563949977242 37.456902818260524 37.52027672466776 37.62852468735776
 7269312 128 3087.997 3091.097 3093.958 601.4767724707317 602.0334761413181 602.6378497129369 37.59229827942073 37.627092258832384 37.66486560705856
 7996224 128 3391.981 3396.034 3396.988 602.6024654782414 602.7717461014819 603.4919841826944 37.662654092390085 37.67323413134262 37.7182490114184
 8795840 64 1865.149 1871.109 1873.97 600.7927127968964 601.7113487242058 603.6340903595369 37.54954454980602 37.60695929526286 37.72713064747106
 9675392 64 2051.115 2051.115 2053.976 602.9526031462879 603.7936322439259 603.7936322439259 37.68453769664299 37.73710201524537 37.73710201524537
 10642880 64 2253.056 2254.009 2258.062 603.2999271056331 604.3847384815234 604.6403817747982 37.706245444102066 37.77404615509521 37.79002386092489
 11707136 64 2480.984 2482.891 2485.037 603.0145257394558 603.535720255138 603.9996259548631 37.68840785871599 37.720982515946126 37.74997662217894
 12877824 64 2724.886 2725.124 2731.085 603.5555363527683 604.8757678549673 604.9285995817806 37.72222102204802 37.80473549093546 37.80803747386129
 14165568 64 2993.822 3000.021 3006.935 603.0036246210842 604.3933372466392 605.6447925093743 37.68772653881776 37.77458357791495 37.85279953183589
 15582080 64 3298.998 3298.998 3304.005 603.663202688858 604.5794025943635 604.5794025943635 37.72895016805362 37.78621266214772 37.78621266214772
 17140288 32 1817.942 1826.048 1829.147 599.7213083475522 600.7390999579419 603.4177283983757 37.48258177172201 37.54619374737137 37.713608024898484
 18854272 32 2018.929 2022.028 2022.982 596.4825233244784 596.7639458998589 597.6799619996542 37.2801577077799 37.29774661874118 37.35499762497839
 20739648 32 2211.809 2212.048 2218.962 598.1794514732563 600.0491273245427 600.1139664410443 37.38621571707852 37.50307045778392 37.50712290256527
 22813568 32 2418.995 2424.002 2429.962 600.8605698360715 602.3379320644125 603.5846919898553 37.55378561475447 37.64612075402578 37.724043249365955
 25094912 32 2665.997 2667.904 2673.149 600.8173760609678 601.9985606678501 602.4291730260762 37.55108600381049 37.624910041740634 37.651823314129764
 27604352 32 2929.926 2937.078 2937.078 601.5088901282159 601.5088901282159 602.9771837240941 37.59430563301349 37.59430563301349 37.68607398275588
 30364736 32 3226.042 3239.155 3249.884 597.9730673464037 599.9537237335046 602.3923755487375 37.37331670915023 37.49710773334404 37.649523471796094
 33401152 32 3544.807 3565.073 3566.027 599.4552839897174 599.6156959478811 603.0437561198679 37.465955249357336 37.47598099674257 37.690234757491744
 36741248 16 2105.951 2115.011 2124.071 553.5219566577576 555.8930596578457 558.2845640758023 34.59512229110985 34.743316228615356 34.892785254737646
 40415360 16 2316.952 2321.005 2341.986 552.2200047310274 557.2118629645347 558.1865830625752 34.51375029568921 34.82574143528342 34.88666144141095
 44456896 16 2558.947 2569.914 2578.02 551.8268562695403 553.5674236569783 555.9398737058641 34.489178516846266 34.59796397856115 34.746242106616506
 48902528 16 2841.949 3003.12 3438.95 455.04613210427607 521.0850368949626 550.6365159965925 28.440383256517254 32.567814805935164 34.41478224978703
 53792768 16 3135.92 3557.92 3786.087 454.65637107652304 483.8131762378018 548.9197989744637 28.41602319228269 30.238323514862614 34.30748743590398
 59172032 16 3440.857 3481.865 4003.048 473.01581794672467 543.8191957471068 550.3004117869473 29.56348862167029 33.98869973419418 34.393775736684205
 65089216 16 3813.982 3830.91 3847.122 541.4059944030889 543.6971664695856 546.1103151509368 33.83787465019306 33.9810729043491 34.13189469693355
 71598080 8 2485.037 2854.109 3031.969 377.8301427224354 401.37544852001093 460.9868102567487 23.614383920152214 25.085965532500683 28.811675641046794
 78757888 8 2774.954 2837.896 3126.86 403.000520650109 444.03537268455216 454.10706195490087 25.187532540631814 27.75221079278451 28.381691372181304
 86633664 8 3103.018 3197.908 3890.038 356.33035564177004 433.45168904171106 446.70660112187556 22.270647227610628 27.09073056510694 27.919162570117223
 95297024 8 3573.179 4179.955 4558.086 334.5159314677257 364.7772246351934 426.72152276726126 20.907245716732856 22.79857653969959 26.67009517295383
 104826688 8 3906.012 4757.166 5051.851 332.0024695898593 352.5685267236838 429.3962763043226 20.750154349366206 22.03553292023024 26.837267269020163
 115309312 8 3910.065 4244.089 4698.038 392.7062727036265 434.71025042123284 471.84611815916105 24.544142043976656 27.169390651327053 29.490382384947566
 126840192 8 4781.008 4937.887 6556.988 309.5084316152477 410.9942313382222 424.48016652555276 19.34427697595298 25.68713945863889 26.530010407847048
 139524160 4 3819.942 4143.953 4310.131 258.96968792827874 269.3547151717213 292.20163028653315 16.18560549551742 16.83466969823258 18.26260189290832
 153476544 4 3923.178 3942.966 4065.037 302.04210982581463 311.3930863213124 312.96371258199343 18.877631864113415 19.462067895082026 19.56023203637459
 168824192 4 4665.136 4773.14 5835.056 231.46196643185604 282.95703373460657 289.50785914922955 14.466372901991003 17.68481460841291 18.094241196826847
 185706560 4 5956.888 6240.845 6369.114 233.25889283815616 238.0530969764511 249.40077436406392 14.57868080238476 14.878318561028193 15.587548397753995
 204277184 4 7117.987 7578.85 8083.82 202.1590624234582 215.6286866740996 229.58983656474786 12.634941401466138 13.476792917131226 14.349364785296741
 224704896 4 8132.935 8147.001 8229.971 218.42594196261447 220.65041700620876 221.0320343147953 13.651621372663405 13.790651062888047 13.814502144674707
 247175360 4 7667.065 8132.935 8203.03 241.05761895299665 243.1352125647137 257.90871474286445 15.06610118456229 15.195950785294606 16.119294671429028
 271892864 2 6107.092 6172.895 6184.816 175.84540202974512 176.1849919689222 178.08335882282435 10.99033762685907 11.011561998057637 11.130209926426522
 299082112 2 5846.024 5874.157 6759.882 176.97475310959572 203.65959711325385 204.63967441803183 11.060922069349733 12.728724819578366 12.78997965112699
 328990272 2 5352.974 5832.911 6246.09 210.68557897820875 225.60966351106677 245.8373771290501 13.167848686138047 14.100603969441673 15.364836070565632
 361889280 2 6009.817 6116.152 6323.814 228.90570785288747 236.67775424809585 240.86542402206257 14.306606740805467 14.79235964050599 15.05408900137891
 398078208 2 6844.044 7004.023 7145.882 222.82943267185215 227.34260467162943 232.65672050033578 13.92683954199076 14.20891279197684 14.541045031270986
 437886016 2 7804.871 8105.04 8117.199 215.78183114643363 216.10554223051338 224.41678587640976 13.486364446652102 13.506596389407086 14.02604911727561
 481674560 2 9216.785 9526.968 10239.124 188.17022237449217 202.23624557151865 209.0423330912026 11.76063889840576 12.639765348219916 13.065145818200163
 529841984 2 10488.033 10680.914 10810.852 196.0407871646009 198.42570926046216 202.0748729528216 12.252549197787557 12.401606828778885 12.62967955955135
 582826176 1 5816.936 5877.972 5883.932 198.1077198036959 198.30859214708747 200.38940638164146 12.381732487730993 12.394287009192967 12.524337898852592
 641108736 1 6489.992 6496.906 6543.159 195.9630618788264 197.3581689499586 197.56842103965613 12.24769136742665 12.334885559372413 12.348026314978508
 705219584 1 7210.97 7245.064 7293.94 193.37136965755133 194.67587422278118 195.59631616828247 12.085710603596958 12.167242138923823 12.224769760517654
 775741504 1 8058.071 8115.053 8141.994 190.55319962161605 191.18581332740524 192.53776840635928 11.909574976351003 11.949113332962828 12.033610525397455
 853315648 1 8985.996 9054.899 9068.966 188.18366900923436 188.4760167948864 189.9212169691596 11.761479313077148 11.7797510496804 11.870076060572474
 938647168 1 10030.985 10107.994 10133.982 185.24745119934101 185.7237287635905 187.14955071710304 11.577965699958813 11.607733047724405 11.69684691981894
 1032511872 1 11160.851 11288.881 11308.908 182.60151590233116 182.92545948531125 185.02386099411234 11.412594743895697 11.432841217831953 11.563991312132021
 
META_DATA
 FLOPS          1
 MPI_PROCS      4
 OPENMP_THREADS 2
 ERT_VERSION  1.1.0
 HOSTNAME  ('c3cpu-a7-u1-3.rc.int.colorado.edu', [], ['10.225.64.156'])
 UNAME  uname_result(system='Linux', node='c3cpu-a7-u1-3.rc.int.colorado.edu', release='4.18.0-305.34.2.el8_4.x86_64', version='#1 SMP Mon Jan 17 09:42:23 EST 2022', machine='x86_64', processor='x86_64')
 TIMESTAMP_DATA  1728533073.8590932
 CONFIG  {'nux': ['workstation,', 'MPI', 'and', 'OpenMP', '(8-core', 'Intel', 'Xeon', 'CPU', 'E5530,', '2.40', 'GHz)'], 'ERT_RESULTS': ['Results.alpine'], 'ERT_DRIVER': ['driver1'], 'ERT_KERNEL': ['kernel1'], 'ERT_MPI': ['True'], 'ERT_MPI_CFLAGS': ['-I/usr/include/mpi'], 'ERT_MPI_LDFLAGS': ['-lmpi'], 'ERT_OPENMP': ['True'], 'ERT_OPENMP_CFLAGS': ['-qopenmp'], 'ERT_OPENMP_LDFLAGS': ['-qopenmp'], 'ERT_FLOPS': ['1,2,4,8,16'], 'ERT_ALIGN': ['32'], 'ERT_CC': ['icpc'], 'ERT_CFLAGS': ['-O3', '-fno-alias', '-fno-fnalias', '-DERT_INTEL'], 'ERT_LD': ['icpc'], 'ERT_LDFLAGS': [], 'ERT_LDLIBS': [], 'ERT_PRECISION': ['FP64'], 'ERT_RUN': ['export', 'OMP_NUM_THREADS=ERT_OPENMP_THREADS;', 'mpirun', '-np', 'ERT_MPI_PROCS', 'ERT_CODE'], 'ERT_PROCS_THREADS': ['1-8'], 'ERT_MPI_PROCS': ['1,2,4,8'], 'ERT_OPENMP_THREADS': ['1,2,4,8'], 'ERT_NUM_EXPERIMENTS': ['3'], 'ERT_MEMORY_MAX': ['1073741824'], 'ERT_WORKING_SET_MIN': ['1'], 'ERT_TRIALS_MIN': ['1'], 'ERT_GNUPLOT': ['gnuplot'], 'ERT_GPU': [False], 'ERT_HIP': [False], 'ERT_OCL': [False], 'ERT_SYCL': [False], 'ERT_WSS_MULT': [1.1]}
 TIMESTAMP_DATA  1728533078.50645
 TIMESTAMP_DATA  1728533083.1511397
 