fp64
 64 16777216 97947.836 97985.029 98031.044 21.906159114249565 21.91644652164159 21.924768690142376 5.476539778562391 5.479111630410397 5.481192172535594
 128 8388608 51681.995 51691.055 53396.94 40.21735417797349 41.54458925243449 41.55187213651485 10.054338544493373 10.386147313108623 10.387968034128713
 192 4194304 25854.111 25860.071 25864.124 62.27207756968688 62.28183735458422 62.296194829518605 15.56801939242172 15.570459338646055 15.574048707379651
 256 4194304 25898.933 25900.126 25914.192 82.86901818123445 82.91402319818832 82.9178425227016 20.717254545308613 20.72850579954708 20.7294606306754
 320 2097152 12995.005 12996.912 13000.965 103.23674281101442 103.26893649814663 103.28409107961099 25.809185702753606 25.817234124536657 25.821022769902747
 384 2097152 13055.086 13056.993 13063.192 123.29396490536158 123.35250053362209 123.37051904522116 30.823491226340394 30.838125133405523 30.84262976130529
 448 2097152 13052.94 13055.086 13066.053 143.8114625740459 143.93227221942468 143.95593575087298 35.95286564351147 35.98306805485617 35.988983937718245
 512 2097152 13110.876 13111.83 13113.022 163.7672573110912 163.78214543660192 163.79406288336492 40.9418143277728 40.94553635915048 40.94851572084123
 576 1048576 6474.018 6475.925 6480.932 186.38670364077265 186.53081250940983 186.5857574075327 46.59667591019316 46.63270312735246 46.646439351883174
 640 1048576 7913.113 8780.956 9078.026 147.84902356525527 152.85092875992092 169.61431992693645 36.962255891313816 38.21273218998023 42.40357998173411
 704 1048576 8232.117 8707.047 10892.868 135.53776728038932 169.56322941635662 179.3457269861446 33.88444182009733 42.390807354089155 44.83643174653615
 768 1048576 6667.137 6670.952 6673.098 241.3590713039131 241.43671487967535 241.57486729311248 60.33976782597828 60.35917871991884 60.39371682327812
 832 1048576 6543.159 6546.021 6547.928 266.47062460063705 266.54825335879616 266.66484247135065 66.61765615015926 66.63706333969904 66.66621061783766
 896 1048576 6758.928 6762.981 6765.842 277.7256979988596 277.84318660661626 278.00979563623105 69.4314244997149 69.46079665165406 69.50244890905776
 960 1048576 6803.989 6804.943 6808.996 295.67735390063376 295.85345828760063 295.8949404533135 73.91933847515844 73.96336457190016 73.97373511332837
 1024 1048576 6993.055 6997.108 6999.969 306.78473690383487 306.91017603272667 307.0880535045127 76.69618422595872 76.72754400818167 76.77201337612817
 1088 524288 3502.846 3505.23 3507.137 325.2940184543689 325.4709927736554 325.6925048945914 81.32350461359222 81.36774819341385 81.42312622364786
 1152 524288 3525.019 3525.019 3526.926 342.4964266332778 342.6817137723229 342.6817137723229 85.62410665831945 85.67042844308072 85.67042844308072
 1216 524288 3546.0 3546.953 3546.953 359.4827492780424 359.4827492780424 359.579361534123 89.8706873195106 89.8706873195106 89.89484038353075
 1280 524288 3555.059 3555.059 3556.967 377.33756877699454 377.5400858326121 377.5400858326121 94.33439219424864 94.38502145815302 94.38502145815302
 1408 524288 3616.095 3618.002 3618.002 408.0691519794627 408.0691519794627 408.2843531489079 102.01728799486567 102.01728799486567 102.07108828722697
 1536 524288 3911.972 3913.879 3917.933 411.08736060570715 411.5131653277988 411.7137689124564 102.77184015142679 102.8782913319497 102.9284422281141
 1664 524288 5128.145 5455.971 5979.061 291.82349268555714 319.8020048127089 340.24592986352764 72.95587317138929 79.95050120317723 85.06148246588191
 1792 524288 4593.849 4594.088 4597.902 408.6751287869989 409.0144098241044 409.03568924446574 102.16878219674973 102.2536024560261 102.25892231111644
 1920 524288 4932.165 4934.072 4935.98 407.87562348307733 408.0333485202485 408.19111282773383 101.96890587076933 102.00833713006213 102.04777820693346
 2112 262144 2468.109 2468.109 2469.063 448.46820676507645 448.6415535132362 448.6415535132362 112.11705169126911 112.16038837830905 112.16038837830905
 2304 262144 2551.794 2556.086 2557.039 472.40560351250014 472.5817331654725 473.37659387865943 118.10140087812503 118.14543329136812 118.34414846966486
 2496 262144 2892.971 2894.163 2895.117 452.01034984078365 452.15934555171907 452.3456501983601 113.00258746019591 113.03983638792977 113.08641254959002
 2688 262144 3062.963 3064.156 3064.156 459.9263692840704 459.9263692840704 460.10550698784147 114.9815923210176 114.9815923210176 115.02637674696037
 2944 262144 3401.995 3404.14 3406.048 453.1656253816741 453.4196219896949 453.705508679466 113.29140634541852 113.35490549742373 113.4263771698665
 3200 262144 4179.001 4425.049 4551.172 368.63506806598394 379.1419258860184 401.46475198259105 92.15876701649599 94.7854814715046 100.36618799564776
 3520 262144 3912.926 3913.879 3914.118 471.49671011451363 471.5255019381028 471.64034280229174 117.87417752862841 117.8813754845257 117.91008570057294
 3840 262144 4251.957 4252.911 4256.01 473.04069304348434 473.38538709133576 473.49159928004906 118.26017326087108 118.34634677283394 118.37289982001226
 4224 131072 2212.763 2213.001 2214.193 500.0902161645348 500.3595823047526 500.4133998986787 125.0225540411337 125.08989557618816 125.10334997466967
 4608 131072 2424.002 2425.194 2430.201 497.0615813259891 498.0878032850155 498.33273734922665 124.26539533149727 124.52195082125388 124.58318433730666
 5056 131072 2763.033 2767.086 2767.086 478.98766572488177 478.98766572488177 479.69027659097816 119.74691643122044 119.74691643122044 119.92256914774454
 5504 131072 2849.102 2853.155 2853.87 505.5733358562233 505.7000324202506 506.4194177674229 126.39333396405583 126.42500810506264 126.60485444185572
 6016 131072 3189.802 3192.902 3193.14 493.8894956062058 493.92631029702756 494.4063311766686 123.47237390155145 123.48157757425689 123.60158279416714
 6592 131072 3401.995 3402.948 3404.856 507.5260886216626 507.81065358624346 507.9529064563587 126.88152215541565 126.95266339656087 126.98822661408967
 7232 131072 3658.056 3659.01 3659.964 517.9901791383741 518.1252327815447 518.2603568671448 129.49754478459352 129.53130819538617 129.5650892167862
 7936 131072 4081.964 4083.157 4090.071 508.6402617460675 509.5015410869579 509.65044865657813 127.16006543651687 127.37538527173948 127.41261216414453
 8704 65536 2191.067 2191.067 2194.881 519.7779232678218 520.6827029935642 520.6827029935642 129.94448081695546 130.17067574839106 130.17067574839106
 9536 65536 2407.074 2407.074 2414.942 517.570439372871 519.2622212694749 519.2622212694749 129.39260984321774 129.81555531736873 129.81555531736873
 10432 65536 2594.948 2604.961 2629.042 520.0917687887832 524.8996449466998 526.9250497505153 130.0229421971958 131.22491123667496 131.73126243762883
 11456 65536 2851.009 2851.963 2852.917 526.3247518241856 526.5008108450214 526.6769876910245 131.5811879560464 131.62520271125535 131.66924692275612
 12544 65536 3083.944 3085.136 3087.997 532.4380716691111 532.9318279647964 533.1378157320626 133.10951791727777 133.2329569911991 133.28445393301564
 13760 65536 3423.929 3427.029 3427.029 526.2723834551736 526.2723834551736 526.7488665798853 131.5680958637934 131.5680958637934 131.68721664497133
 15104 65536 3744.125 3746.033 3746.986 528.3477141361084 528.4821270928473 528.7514407238006 132.0869285340271 132.12053177321184 132.18786018095014
 16576 32768 2031.803 2033.949 2034.903 533.8459553108919 534.0963495151549 534.6604646218161 133.46148882772297 133.52408737878872 133.66511615545403
 18176 32768 2242.804 2243.996 2243.996 530.8308642261394 530.8308642261394 531.1129889192279 132.70771605653485 132.70771605653485 132.77824722980696
 19968 32768 2445.221 2448.082 2449.036 534.3420219220951 534.550251176227 535.1756949576337 133.58550548052378 133.63756279405675 133.79392373940843
 21952 32768 2691.984 2735.138 2746.82 523.7497440676855 525.9867224249746 534.4185819826566 130.93743601692137 131.49668060624364 133.60464549566416
 24128 32768 2957.106 2966.881 2988.1 529.1832964090894 532.9679916383569 534.7297689024336 132.29582410227235 133.24199790958923 133.6824422256084
 26496 32768 3243.923 3247.976 3258.944 532.823471652167 534.6227484439539 535.2907131272844 133.20586791304174 133.65568711098848 133.8226782818211
 29120 32768 3543.854 3546.0 3546.0 538.1862154540327 538.1862154540327 538.5121170341667 134.54655386350817 134.54655386350817 134.6280292585417
 32000 32768 3872.871 3873.825 3886.938 539.5383203951285 541.3646718682439 541.4980256249175 134.88458009878212 135.34116796706098 135.3745064062294
 35200 16384 2131.939 2139.091 2140.999 538.736169423713 539.2167046656734 541.0256109579121 134.68404235592826 134.80417616641836 135.25640273947803
 38720 16384 2359.867 2360.821 2361.059 537.3762197386851 537.430393918048 537.6476555670298 134.34405493467128 134.357598479512 134.41191389175745
 42560 16384 2580.166 2580.881 2582.788 539.9614989693308 540.3604738072 540.5102152342135 134.9903747423327 135.0901184518 135.1275538085534
 46784 16384 2835.035 2835.989 2841.949 539.4249200108799 540.5585536474224 540.7404536451932 134.85623000271997 135.1396384118556 135.1851134112983
 51456 16384 3096.819 3097.773 3098.011 544.2557202024138 544.297535035653 544.465210268989 136.06393005060346 136.07438375891326 136.11630256724726
 56576 16384 3405.094 3406.048 3416.061 542.695920242642 544.2913217899455 544.4438150606121 135.6739800606605 136.07283044748638 136.11095376515303
 62208 16384 3751.993 3752.947 3753.185 543.1205080484974 543.1549510291512 543.2930562503715 135.78012701212435 135.7887377572878 135.82326406259287
 68416 8192 2063.99 2066.851 2067.089 542.2735760288987 542.3360193840775 543.0877785260589 135.56839400722467 135.58400484601938 135.7719446315147
 75200 8192 2262.831 2264.977 2265.93 543.7400096207739 543.9687908530639 544.4846742863253 135.93500240519347 135.99219771326597 136.12116857158134
 82688 8192 2489.09 2491.951 2494.812 543.0309746786533 543.6544265918552 544.2793117163301 135.7577436696633 135.9136066479638 136.06982792908252
 90944 8192 2737.045 2739.191 2745.867 542.6433603666892 543.9658994206684 544.3923998326662 135.6608400916723 135.9914748551671 136.09809995816656
 100032 8192 3015.041 3019.094 3021.002 542.510163184268 542.8530174946524 543.5827532693585 135.627540796067 135.7132543736631 135.89568831733962
 110016 8192 3303.051 3304.005 3304.958 545.3933587053148 545.55067077683 545.7082388373658 136.3483396763287 136.3876676942075 136.42705970934145
 120960 8192 3627.062 3628.969 3628.969 546.1079000674847 546.1079000674847 546.3950271597232 136.52697501687118 136.52697501687118 136.5987567899308
 133056 4096 2025.843 2027.035 2028.942 537.2232188007345 537.7286292540582 538.0450271812771 134.30580470018361 134.43215731351455 134.51125679531927
 146304 4096 2222.061 2223.015 2225.876 538.4497465267606 539.1427264323452 539.3741971980066 134.61243663169014 134.7856816080863 134.84354929950166
 160896 4096 2433.062 2433.062 2436.161 541.0397884212086 541.7289127856175 541.7289127856175 135.25994710530216 135.43222819640437 135.43222819640437
 176960 4096 2678.156 2681.017 2683.878 540.1349539733177 540.7113494617901 541.2889764449868 135.03373849332942 135.17783736544752 135.3222441112467
 194624 4096 2938.032 2940.893 2947.092 540.9942438172951 542.1345856513651 542.6625060584772 135.24856095432378 135.53364641284128 135.6656265146193
 214080 4096 3226.995 3229.141 3230.095 542.9386318359059 543.0990346968435 543.4602036879512 135.73465795897647 135.7747586742109 135.8650509219878
 235456 4096 3551.96 3556.013 3557.92 542.1301074785267 542.4208381690394 543.0397729704164 135.53252686963168 135.60520954225984 135.7599432426041
 258944 4096 3904.104 3905.058 3906.965 542.9455467351256 543.2106893162662 543.3434273267311 135.7363866837814 135.80267232906655 135.83585683168278
 284800 2048 2219.915 2226.83 2235.889 521.7346657190942 523.8571422156159 525.4889489011966 130.43366642977355 130.96428555390398 131.37223722529916
 313280 2048 2485.991 2516.031 2522.945 508.60993006189193 510.0075793978691 516.1703642531288 127.15248251547298 127.50189484946728 129.0425910632822
 344576 2048 2743.006 2781.868 2805.948 502.99695361425086 507.35092247367595 514.5389022116613 125.74923840356271 126.83773061841899 128.6347255529153
 379008 2048 2993.822 3065.109 3092.051 502.0669995417282 506.4801179990663 518.5401029186104 125.51674988543205 126.62002949976657 129.6350257296526
 416896 2048 3298.998 3371.954 3401.995 501.94254136175977 506.41438643587657 517.6135347763169 125.48563534043994 126.60359660896914 129.40338369407922
 458560 2048 3622.055 3722.906 3758.907 499.6829557102636 504.514956864342 518.5624624695097 124.9207389275659 126.1287392160855 129.64061561737742
 504384 2048 3975.153 4012.108 4137.993 499.26543230015125 514.9305213119885 519.717571625545 124.81635807503781 128.73263032799713 129.92939290638625
 554816 1024 2165.079 2174.139 2273.798 499.7203656613297 522.6267354571165 524.8137218087653 124.93009141533243 130.65668386427913 131.20343045219133
 610240 1024 2380.133 2391.1 2501.011 499.7065266806103 522.6763916189202 525.0847410627894 124.92663167015257 130.66909790473005 131.27118526569734
 671232 1024 2628.088 2640.009 2745.152 500.7675844543399 520.7115339379525 523.0734800356761 125.19189611358497 130.17788348448812 130.76837000891902
 738304 1024 2887.011 2924.919 3026.009 499.68344178751613 516.9533214424058 523.741195305456 124.92086044687903 129.23833036060145 130.935298826364
 812096 1024 3190.994 3226.995 3333.092 498.9879091246206 515.3936117037678 521.208315653367 124.74697728115515 128.84840292594194 130.30207891334175
 893248 1024 3511.19 3569.841 3662.109 499.54053907188455 512.4519282511462 521.0119372634349 124.88513476797114 128.11298206278656 130.25298431585873
 982528 1024 3864.05 3908.873 4021.168 500.4061864612471 514.781970148429 520.7534436666192 125.10154661531178 128.69549253710724 130.1883609166548
 1080768 512 2123.117 2166.033 2211.809 500.36256837728746 510.9370134250032 521.264928875799 125.09064209432186 127.7342533562508 130.31623221894975
 1188800 512 2336.025 2382.04 2439.022 499.10628112415554 511.0456583432689 521.1122312475252 124.77657028103889 127.76141458581722 130.2780578118813
 1307648 512 2572.06 2605.2 2676.964 500.2052892754628 513.9841670505144 520.6066545881511 125.0513223188657 128.4960417626286 130.15166364703776
 1438400 512 2841.949 2876.997 2947.092 499.78813012963286 511.9649412216976 518.2786883226969 124.94703253240822 127.9912353054244 129.56967208067422
 1582208 512 3115.892 3149.033 3238.916 500.2232203613802 514.5011157393398 519.9734111451874 125.05580509034505 128.62527893483494 129.99335278629684
 1740416 512 3423.214 3459.93 3559.113 500.7388031793315 515.0930752934308 520.6177539587067 125.18470079483288 128.7732688233577 130.15443848967666
 1914432 512 3757.954 3828.049 3932.953 498.44947752998826 512.1090059192032 521.6610868573697 124.61236938249706 128.0272514798008 130.41527171434242
 2105856 256 2066.135 2081.156 2149.82 501.52955689313524 518.0766228000208 521.8430896335428 125.38238922328381 129.5191557000052 130.4607724083857
 2316416 256 2280.951 2364.159 2371.073 500.1975864935411 501.66041793297313 519.960749704838 125.04939662338528 125.41510448324328 129.9901874262095
 2548032 256 2519.846 2575.874 2599.955 501.7749861055288 506.4659156464952 517.7270293502063 125.4437465263822 126.6164789116238 129.43175733755157
 2802816 256 2784.014 2842.903 2863.884 501.08237344808657 504.78042761219785 515.4578216919887 125.27059336202164 126.19510690304946 128.86445542299717
 3083072 256 3057.003 3126.86 3137.827 503.06561324126534 504.83004163921635 516.3661481522917 125.76640331031633 126.20751040980409 129.09153703807291
 3391360 256 3369.093 3431.082 3453.97 502.7189929269797 506.0725217292971 515.3839089630355 125.67974823174492 126.51813043232427 128.84597724075888
 3730496 256 3693.104 3788.948 3789.902 503.97449643816645 504.101389620549 517.1839060042718 125.99362410954161 126.02534740513725 129.29597650106794
 4103488 256 4089.832 4171.133 4199.028 500.35052302580493 503.69668289167475 513.7095743786052 125.08763075645123 125.92417072291869 128.4273935946513
 4513792 128 2238.989 2298.117 2306.938 500.893717993288 502.81632832444996 516.0948767501761 125.223429498322 125.70408208111249 129.02371918754403
 4965120 128 2456.903 2511.024 2544.165 499.6023135291932 506.19616538910026 517.3467247180699 124.9005783822983 126.54904134727506 129.33668117951748
 5461632 128 2707.958 2758.98 2782.106 502.5609347738727 506.7734423591328 516.3218159218127 125.64023369346818 126.6933605897832 129.08045398045317
 6007744 128 2978.086 3026.009 3049.85 504.28134629571946 508.2544248876986 516.4331936686852 126.07033657392986 127.06360622192464 129.1082984171713
 6608512 128 3265.142 3339.052 3358.841 503.6794156079434 506.6644880043797 518.1333834791872 125.91985390198585 126.66612200109492 129.5333458697968
 7269312 128 3595.829 3672.838 3702.879 502.5667519786631 506.6773628458429 517.5284675661718 125.64168799466577 126.66934071146072 129.38211689154295
 7996224 128 3937.006 4032.135 4064.083 503.6888626536416 507.67976369838806 519.9467168706373 125.9222156634104 126.91994092459701 129.98667921765932
 8795840 64 2170.086 2170.086 2171.04 518.5844203699609 518.812397296697 518.812397296697 129.64610509249022 129.70309932417425 129.70309932417425
 9675392 64 2379.894 2380.133 2384.901 519.287876519822 520.3281396459778 520.3803934124797 129.8219691299555 130.08203491149445 130.09509835311994
 10642880 64 2614.975 2618.074 2624.989 518.9692756807743 520.340005668289 520.9566592414842 129.74231892019358 130.08500141707225 130.23916481037105
 11707136 64 2878.904 2880.096 2882.957 519.7834750917201 520.2998122284813 520.5152405220877 129.94586877293003 130.07495305712033 130.1288101305219
 12877824 64 3166.914 3170.013 3175.974 519.009750079818 519.9857136232564 520.4945483205416 129.7524375199545 129.9964284058141 130.1236370801354
 14165568 64 3472.09 3478.05 3489.971 519.5437738594389 521.3245076982791 522.2193848661757 129.88594346485974 130.3311269245698 130.55484621654392
 15582080 64 3824.949 3829.002 3829.956 520.7647920759402 520.8945411885395 521.4464924891809 130.19119801898506 130.22363529713488 130.3616231222952
 17140288 32 2116.203 2123.117 2124.071 516.4509246630645 516.682986382757 518.371078767018 129.11273116576612 129.17074659568925 129.5927696917545
 18854272 32 2331.972 2338.171 2367.973 509.5807291721654 516.075773756496 517.447640023122 127.39518229304134 129.018943439124 129.3619100057805
 20739648 32 2559.9 2563.0 2563.953 517.6918110433381 517.8843043308622 518.5114543536857 129.42295276083453 129.47107608271554 129.62786358842143
 22813568 32 2814.054 2820.969 2846.956 512.8524473156592 517.5768865237442 518.848732824601 128.2131118289148 129.39422163093604 129.71218320615026
 25094912 32 3175.02 3201.962 3208.876 500.509950524732 501.59070220071317 505.8470082078223 125.127487631183 125.39767555017829 126.46175205195557
 27604352 32 3414.154 3417.015 3436.089 514.1538906588275 517.0239311211686 517.4571879300113 128.5384726647069 129.25598278029216 129.36429698250282
 30364736 32 3775.835 3780.127 3788.948 512.8978027674173 514.0946597825946 514.6790323200034 128.22445069185432 128.52366494564865 128.66975808000086
 33401152 32 4134.893 4140.854 4145.145 515.7054163364611 516.2398210610662 516.9840496477177 128.92635408411527 129.05995526526655 129.24601241192943
 36741248 16 2367.02 2368.927 2452.135 479.4678661656066 496.30906144427405 496.7089150070552 119.86696654140165 124.07726536106851 124.1772287517638
 40415360 16 2617.121 2640.009 2653.122 487.46025248744684 489.88148146464647 494.16573402605377 121.86506312186171 122.47037036616162 123.54143350651344
 44456896 16 2902.031 2904.177 2925.158 486.3397710482648 489.85329475441756 490.21553250120354 121.5849427620662 122.46332368860439 122.55388312530089
 48902528 16 3196.001 3240.108 3314.972 472.0645893841637 482.9718318031374 489.63717345520223 118.01614734604092 120.74295795078434 122.40929336380056
 53792768 16 3511.906 3541.946 3607.988 477.09930742563444 485.9951495590277 490.1522352819238 119.27482685640861 121.49878738975693 122.53805882048096
 59172032 16 3898.144 3904.104 3978.014 475.9925490458304 485.00373555622497 485.7452736481772 118.9981372614576 121.25093388905624 121.4363184120443
 65089216 16 4321.098 4753.113 4765.034 437.1122875513586 438.2085828803144 482.01982736795145 109.27807188783964 109.5521457200786 120.50495684198786
 71598080 8 2692.938 2941.132 2996.922 382.24861374436836 389.4994444315998 425.39756949473025 95.56215343609209 97.37486110789995 106.34939237368256
 78757888 8 3002.167 3185.034 3407.001 369.8637622941701 395.6397978797086 419.73887795049376 92.46594057354253 98.90994946992716 104.93471948762344
 86633664 8 3355.026 3596.067 3741.026 370.52365420609215 385.4596213029401 413.1528709464547 92.63091355152304 96.36490532573502 103.28821773661367
 95297024 8 3667.116 3772.02 4408.121 345.89621836605664 404.2270147029973 415.7906060239163 86.47405459151416 101.05675367574932 103.94765150597908
 104826688 8 4497.051 4688.025 4872.084 344.2524816895604 357.7683583172019 372.9615270095892 86.0631204223901 89.44208957930047 93.2403817523973
 115309312 8 5351.067 5642.176 5663.157 325.7810073074082 326.9924568109892 344.781515910752 81.44525182685204 81.7481142027473 86.195378977688
 126840192 8 4754.066 6279.945 6386.995 317.7461501065838 323.1625550860716 426.8857588430619 79.43653752664595 80.7906387715179 106.72143971076548
 139524160 4 3630.877 4058.123 4247.904 262.763301618869 275.0516137633088 307.4169904406016 65.69082540471724 68.7629034408272 76.8542476101504
 153476544 4 3865.957 3997.087 4167.08 294.64573562302616 307.17678949695113 317.5959670529186 73.66143390575654 76.79419737423778 79.39899176322965
 168824192 4 4724.026 4760.981 5201.101 259.6745450626704 283.6796735798778 285.89883628921604 64.9186362656676 70.91991839496944 71.47470907230401
 185706560 4 6639.957 6712.914 6712.914 221.31260433248514 221.31260433248514 223.74429231996533 55.328151083121284 55.328151083121284 55.93607307999133
 204277184 4 7471.085 7571.936 9076.834 180.04267479167294 215.82557908571866 218.73897459338235 45.010668697918234 53.956394771429665 54.68474364834559
 224704896 4 8497.0 9325.981 9397.984 191.2792326524497 192.75604014205044 211.56162975167706 47.81980816311243 48.18901003551261 52.890407437919265
 247175360 4 9207.964 9253.025 9694.099 203.98005838397154 213.70339753756207 214.74919754247517 50.995014595992885 53.42584938439052 53.68729938561879
 271892864 2 6361.961 7348.061 7652.044 142.12822822242006 148.0079514854327 170.949091954509 35.532057055605016 37.001987871358175 42.73727298862725
 299082112 2 5970.001 6332.159 7101.059 168.47183610219267 188.92899688715968 200.38999122445708 42.11795902554817 47.23224922178992 50.09749780611427
 328990272 2 5786.896 6056.07 6083.965 216.29991099554317 217.29621487202098 227.40361810545755 54.07497774888579 54.324053718005246 56.85090452636439
 361889280 2 6064.892 6153.822 6243.944 231.83377685642276 235.22895527364943 238.67813639550383 57.95844421410569 58.80723881841236 59.66953409887596
 398078208 2 7012.844 7263.184 7892.132 201.7595286039311 219.2306889099877 227.0566452069945 50.439882150982775 54.80767222749692 56.76416130174862
 437886016 2 8131.027 8182.049 8872.986 197.40187395765076 214.071568625414 215.4148625997675 49.35046848941269 53.5178921563535 53.853715649941876
 481674560 2 9225.845 9740.114 9799.957 196.60272386909452 197.81064574808877 208.837048530514 49.15068096727363 49.45266143702219 52.2092621326285
 529841984 2 10357.141 11198.044 11287.928 187.75526704280895 189.26233331463962 204.62866499548477 46.93881676070224 47.315583328659905 51.15716624887119
 582826176 1 5903.006 6092.072 6296.873 185.1160650691224 191.3392277701248 197.46758719201705 46.2790162672806 47.8348069425312 49.36689679800426
 641108736 1 6585.121 6727.934 7112.98 180.26445624759242 190.5811608734568 194.714337367529 45.066114061898105 47.6452902183642 48.67858434188225
 705219584 1 7400.036 7493.019 7972.002 176.92408607022423 188.23376372060446 190.59896032938215 44.23102151755606 47.058440930151114 47.64974008234554
 775741504 1 8280.993 8325.1 8918.047 173.97116296875313 186.36208670166124 187.35470589094808 43.492790742188284 46.59052167541531 46.83867647273702
 853315648 1 9222.031 9232.998 9542.942 178.83701860495435 184.84042734548413 185.06024280334776 44.70925465123859 46.21010683637103 46.26506070083694
 938647168 1 10338.068 10340.929 10645.866 176.34021844723577 181.5402016588645 181.59044185045022 44.08505461180894 45.385050414716126 45.397610462612555
 1032511872 1 11518.002 12245.178 13245.106 155.9084347078838 168.63974896894106 179.28662835793912 38.97710867697095 42.159937242235266 44.82165708948478
 
META_DATA
 FLOPS          4
 MPI_PROCS      8
 OPENMP_THREADS 1
 ERT_VERSION  1.1.0
 HOSTNAME  ('c3cpu-a7-u1-3.rc.int.colorado.edu', [], ['10.225.64.156'])
 UNAME  uname_result(system='Linux', node='c3cpu-a7-u1-3.rc.int.colorado.edu', release='4.18.0-305.34.2.el8_4.x86_64', version='#1 SMP Mon Jan 17 09:42:23 EST 2022', machine='x86_64', processor='x86_64')
 TIMESTAMP_DATA  1728533616.550627
 CONFIG  {'nux': ['workstation,', 'MPI', 'and', 'OpenMP', '(8-core', 'Intel', 'Xeon', 'CPU', 'E5530,', '2.40', 'GHz)'], 'ERT_RESULTS': ['Results.alpine'], 'ERT_DRIVER': ['driver1'], 'ERT_KERNEL': ['kernel1'], 'ERT_MPI': ['True'], 'ERT_MPI_CFLAGS': ['-I/usr/include/mpi'], 'ERT_MPI_LDFLAGS': ['-lmpi'], 'ERT_OPENMP': ['True'], 'ERT_OPENMP_CFLAGS': ['-qopenmp'], 'ERT_OPENMP_LDFLAGS': ['-qopenmp'], 'ERT_FLOPS': ['1,2,4,8,16'], 'ERT_ALIGN': ['32'], 'ERT_CC': ['icpc'], 'ERT_CFLAGS': ['-O3', '-fno-alias', '-fno-fnalias', '-DERT_INTEL'], 'ERT_LD': ['icpc'], 'ERT_LDFLAGS': [], 'ERT_LDLIBS': [], 'ERT_PRECISION': ['FP64'], 'ERT_RUN': ['export', 'OMP_NUM_THREADS=ERT_OPENMP_THREADS;', 'mpirun', '-np', 'ERT_MPI_PROCS', 'ERT_CODE'], 'ERT_PROCS_THREADS': ['1-8'], 'ERT_MPI_PROCS': ['1,2,4,8'], 'ERT_OPENMP_THREADS': ['1,2,4,8'], 'ERT_NUM_EXPERIMENTS': ['3'], 'ERT_MEMORY_MAX': ['1073741824'], 'ERT_WORKING_SET_MIN': ['1'], 'ERT_TRIALS_MIN': ['1'], 'ERT_GNUPLOT': ['gnuplot'], 'ERT_GPU': [False], 'ERT_HIP': [False], 'ERT_OCL': [False], 'ERT_SYCL': [False], 'ERT_WSS_MULT': [1.1]}
 TIMESTAMP_DATA  1728533621.529665
 TIMESTAMP_DATA  1728533626.333672
 