fp64
 8 134217728 405653.0 405653.0 405653.0 5.293893174708433 5.293893174708433 5.293893174708433 0.6617366468385542 0.6617366468385542 0.6617366468385542
 16 67108864 219378.948 219378.948 219378.948 9.78892308299336 9.78892308299336 9.78892308299336 1.22361538537417 1.22361538537417 1.22361538537417
 24 33554432 110247.135 110247.135 110247.135 14.609111937466675 14.609111937466675 14.609111937466675 1.8261389921833344 1.8261389921833344 1.8261389921833344
 32 33554432 110612.869 110612.869 110612.869 19.41441052396896 19.41441052396896 19.41441052396896 2.42680131549612 2.42680131549612 2.42680131549612
 40 16777216 55289.984 55289.984 55289.984 24.275233648105235 24.275233648105235 24.275233648105235 3.0344042060131544 3.0344042060131544 3.0344042060131544
 48 16777216 55095.911 55095.911 55095.911 29.23289054971793 29.23289054971793 29.23289054971793 3.654111318714741 3.654111318714741 3.654111318714741
 56 16777216 54947.853 54947.853 54947.853 34.19693562913186 34.19693562913186 34.19693562913186 4.274616953641482 4.274616953641482 4.274616953641482
 64 16777216 54867.029 54867.029 54867.029 39.13978371236394 39.13978371236394 39.13978371236394 4.892472964045493 4.892472964045493 4.892472964045493
 72 8388608 27578.115 27578.115 27578.115 43.80138207415553 43.80138207415553 43.80138207415553 5.475172759269442 5.475172759269442 5.475172759269442
 80 8388608 27470.112 27470.112 27470.112 48.859548879888074 48.859548879888074 48.859548879888074 6.107443609986009 6.107443609986009 6.107443609986009
 88 8388608 27665.138 27665.138 27665.138 53.36662365465157 53.36662365465157 53.36662365465157 6.670827956831446 6.670827956831446 6.670827956831446
 96 8388608 27501.106 27501.106 27501.106 58.565380461425804 58.565380461425804 58.565380461425804 7.3206725576782254 7.3206725576782254 7.3206725576782254
 104 8388608 27599.096 27599.096 27599.096 63.220565775052926 63.220565775052926 63.220565775052926 7.902570721881616 7.902570721881616 7.902570721881616
 112 8388608 27714.014 27714.014 27714.014 67.80137269180855 67.80137269180855 67.80137269180855 8.475171586476069 8.475171586476069 8.475171586476069
 120 8388608 27783.871 27783.871 27783.871 72.46167821611323 72.46167821611323 72.46167821611323 9.057709777014153 9.057709777014153 9.057709777014153
 128 8388608 28074.026 28074.026 28074.026 76.49361185317703 76.49361185317703 76.49361185317703 9.561701481647129 9.561701481647129 9.561701481647129
 136 4194304 14802.933 14802.933 14802.933 77.06923269868207 77.06923269868207 77.06923269868207 9.633654087335259 9.633654087335259 9.633654087335259
 144 4194304 14428.139 14428.139 14428.139 83.72247813803291 83.72247813803291 83.72247813803291 10.465309767254114 10.465309767254114 10.465309767254114
 152 4194304 15335.083 15335.083 15335.083 83.14714801347994 83.14714801347994 83.14714801347994 10.393393501684992 10.393393501684992 10.393393501684992
 160 4194304 15771.866 15771.866 15771.866 85.09946001316523 85.09946001316523 85.09946001316523 10.637432501645653 10.637432501645653 10.637432501645653
 176 4194304 16991.138 16991.138 16991.138 86.8920614969992 86.8920614969992 86.8920614969992 10.8615076871249 10.8615076871249 10.8615076871249
 192 4194304 17974.854 17974.854 17974.854 89.60366164865651 89.60366164865651 89.60366164865651 11.200457706082064 11.200457706082064 11.200457706082064
 208 4194304 19021.988 19021.988 19021.988 91.72703000338346 91.72703000338346 91.72703000338346 11.465878750422933 11.465878750422933 11.465878750422933
 224 4194304 20061.97 20061.97 20061.97 93.66219728172257 93.66219728172257 93.66219728172257 11.707774660215321 11.707774660215321 11.707774660215321
 240 4194304 21096.945 21096.945 21096.945 95.42926333646885 95.42926333646885 95.42926333646885 11.928657917058606 11.928657917058606 11.928657917058606
 264 2097152 11626.005 11626.005 11626.005 95.24305692282086 95.24305692282086 95.24305692282086 11.905382115352607 11.905382115352607 11.905382115352607
 288 2097152 12126.923 12126.923 12126.923 99.60973216371538 99.60973216371538 99.60973216371538 12.451216520464422 12.451216520464422 12.451216520464422
 312 2097152 13216.019 13216.019 13216.019 99.01793028596583 99.01793028596583 99.01793028596583 12.377241285745729 12.377241285745729 12.377241285745729
 336 2097152 14242.887 14242.887 14242.887 98.94666327128762 98.94666327128762 98.94666327128762 12.368332908910952 12.368332908910952 12.368332908910952
 368 2097152 15408.993 15408.993 15408.993 100.1690293453959 100.1690293453959 100.1690293453959 12.521128668174487 12.521128668174487 12.521128668174487
 400 2097152 17007.828 17007.828 17007.828 98.64408318334355 98.64408318334355 98.64408318334355 12.330510397917944 12.330510397917944 12.330510397917944
 440 2097152 17972.231 17972.231 17972.231 102.6858468489527 102.6858468489527 102.6858468489527 12.835730856119088 12.835730856119088 12.835730856119088
 480 2097152 19533.873 19533.873 19533.873 103.06537367167279 103.06537367167279 103.06537367167279 12.883171708959098 12.883171708959098 12.883171708959098
 528 1048576 12014.866 12014.866 12014.866 92.16051648016715 92.16051648016715 92.16051648016715 11.520064560020893 11.520064560020893 11.520064560020893
 576 1048576 12686.968 12686.968 12686.968 95.21262700434019 95.21262700434019 95.21262700434019 11.901578375542524 11.901578375542524 11.901578375542524
 632 1048576 13337.135 13337.135 13337.135 99.37667002695856 99.37667002695856 99.37667002695856 12.42208375336982 12.42208375336982 12.42208375336982
 688 1048576 14392.853 14392.853 14392.853 100.24701676589069 100.24701676589069 100.24701676589069 12.530877095736336 12.530877095736336 12.530877095736336
 752 1048576 15479.088 15479.088 15479.088 101.88315383955437 101.88315383955437 101.88315383955437 12.735394229944296 12.735394229944296 12.735394229944296
 824 1048576 17143.011 17143.011 17143.011 100.80220143357546 100.80220143357546 100.80220143357546 12.600275179196933 12.600275179196933 12.600275179196933
 904 1048576 18984.079 18984.079 18984.079 99.86396537856801 99.86396537856801 99.86396537856801 12.482995672321001 12.482995672321001 12.482995672321001
 992 1048576 20586.967 20586.967 20586.967 101.05300037640318 101.05300037640318 101.05300037640318 12.631625047050397 12.631625047050397 12.631625047050397
 1088 524288 12163.877 12163.877 12163.877 93.7900546018346 93.7900546018346 93.7900546018346 11.723756825229325 11.723756825229325 11.723756825229325
 1192 524288 12557.03 12557.03 12557.03 99.5380748473166 99.5380748473166 99.5380748473166 12.442259355914574 12.442259355914574 12.442259355914574
 1304 524288 13711.929 13711.929 13711.929 99.71923746104578 99.71923746104578 99.71923746104578 12.464904682630722 12.464904682630722 12.464904682630722
 1432 524288 15064.955 15064.955 15064.955 99.67244057483079 99.67244057483079 99.67244057483079 12.459055071853848 12.459055071853848 12.459055071853848
 1568 524288 16488.075 16488.075 16488.075 99.71856435636057 99.71856435636057 99.71856435636057 12.464820544545072 12.464820544545072 12.464820544545072
 1720 524288 18028.021 18028.021 18028.021 100.04152535655466 100.04152535655466 100.04152535655466 12.505190669569332 12.505190669569332 12.505190669569332
 1888 524288 19732.952 19732.952 19732.952 100.32515601314998 100.32515601314998 100.32515601314998 12.540644501643747 12.540644501643747 12.540644501643747
 2072 262144 10933.161 10933.161 10933.161 99.36053589625176 99.36053589625176 99.36053589625176 12.42006698703147 12.42006698703147 12.42006698703147
 2272 262144 12042.046 12042.046 12042.046 98.91860037737773 98.91860037737773 98.91860037737773 12.364825047172216 12.364825047172216 12.364825047172216
 2496 262144 13143.063 13143.063 13143.063 99.56757020794925 99.56757020794925 99.56757020794925 12.445946275993656 12.445946275993656 12.445946275993656
 2744 262144 14417.887 14417.887 14417.887 99.78204656479829 99.78204656479829 99.78204656479829 12.472755820599787 12.472755820599787 12.472755820599787
 3016 262144 15854.12 15854.12 15854.12 99.73764598728911 99.73764598728911 99.73764598728911 12.46720574841114 12.46720574841114 12.46720574841114
 3312 262144 17376.9 17376.9 17376.9 99.92817222864836 99.92817222864836 99.92817222864836 12.491021528581046 12.491021528581046 12.491021528581046
 3640 262144 19177.914 19177.914 19177.914 99.51073510914689 99.51073510914689 99.51073510914689 12.438841888643362 12.438841888643362 12.438841888643362
 4000 262144 21100.998 21100.998 21100.998 99.38638921249128 99.38638921249128 99.38638921249128 12.42329865156141 12.42329865156141 12.42329865156141
 4400 131072 11817.932 11817.932 11817.932 97.60029081230117 97.60029081230117 97.60029081230117 12.200036351537646 12.200036351537646 12.200036351537646
 4840 131072 13334.99 13334.99 13334.99 95.14645005358085 95.14645005358085 95.14645005358085 11.893306256697606 11.893306256697606 11.893306256697606
 5320 131072 15151.024 15151.024 15151.024 92.04698507506819 92.04698507506819 92.04698507506819 11.505873134383524 11.505873134383524 11.505873134383524
 5848 131072 17163.992 17163.992 17163.992 89.31594188578042 89.31594188578042 89.31594188578042 11.164492735722552 11.164492735722552 11.164492735722552
 6432 131072 19507.885 19507.885 19507.885 86.43224050172533 86.43224050172533 86.43224050172533 10.804030062715666 10.804030062715666 10.804030062715666
 7072 131072 21955.967 21955.967 21955.967 84.43637977776156 84.43637977776156 84.43637977776156 10.554547472220195 10.554547472220195 10.554547472220195
 7776 131072 24992.943 24992.943 24992.943 81.56029259939496 81.56029259939496 81.56029259939496 10.19503657492437 10.19503657492437 10.19503657492437
 8552 65536 13674.974 13674.974 13674.974 81.9692778940567 81.9692778940567 81.9692778940567 10.246159736757088 10.246159736757088 10.246159736757088
 9400 65536 14732.838 14732.838 14732.838 83.62793373550974 83.62793373550974 83.62793373550974 10.453491716938718 10.453491716938718 10.453491716938718
 10336 65536 16051.054 16051.054 16051.054 84.40319196483921 84.40319196483921 84.40319196483921 10.550398995604901 10.550398995604901 10.550398995604901
 11368 65536 17344.952 17344.952 17344.952 85.90548397020643 85.90548397020643 85.90548397020643 10.738185496275804 10.738185496275804 10.738185496275804
 12504 65536 18815.041 18815.041 18815.041 87.10713348963735 87.10713348963735 87.10713348963735 10.888391686204669 10.888391686204669 10.888391686204669
 13752 65536 20535.946 20535.946 20535.946 87.77302706191378 87.77302706191378 87.77302706191378 10.971628382739222 10.971628382739222 10.971628382739222
 15120 65536 22250.891 22250.891 22250.891 89.06648457358405 89.06648457358405 89.06648457358405 11.133310571698006 11.133310571698006 11.133310571698006
 16632 32768 12335.062 12335.062 12335.062 88.36556735588358 88.36556735588358 88.36556735588358 11.045695919485448 11.045695919485448 11.045695919485448
 18288 32768 13331.89 13331.89 13331.89 89.89890915691623 89.89890915691623 89.89890915691623 11.237363644614529 11.237363644614529 11.237363644614529
 20112 32768 14528.036 14528.036 14528.036 90.72527298252841 90.72527298252841 90.72527298252841 11.340659122816051 11.340659122816051 11.340659122816051
 22120 32768 15790.939 15790.939 15790.939 91.80304730453332 91.80304730453332 91.80304730453332 11.475380913066665 11.475380913066665 11.475380913066665
 24328 32768 17294.884 17294.884 17294.884 92.18678818545418 92.18678818545418 92.18678818545418 11.523348523181772 11.523348523181772 11.523348523181772
 26760 32768 18811.941 18811.941 18811.941 93.2250085198545 93.2250085198545 93.2250085198545 11.653126064981812 11.653126064981812 11.653126064981812
 29432 32768 20519.018 20519.018 20519.018 94.00330717581123 94.00330717581123 94.00330717581123 11.750413396976404 11.750413396976404 11.750413396976404
 32368 32768 22511.005 22511.005 22511.005 94.23254306060524 94.23254306060524 94.23254306060524 11.779067882575655 11.779067882575655 11.779067882575655
 35600 16384 12301.922 12301.922 12301.922 94.825897936924 94.825897936924 94.825897936924 11.8532372421155 11.8532372421155 11.8532372421155
 39160 16384 13423.204 13423.204 13423.204 95.59527516679326 95.59527516679326 95.59527516679326 11.949409395849157 11.949409395849157 11.949409395849157
 43072 16384 14640.093 14640.093 14640.093 96.40535043049246 96.40535043049246 96.40535043049246 12.050668803811558 12.050668803811558 12.050668803811558
 47376 16384 16149.998 16149.998 16149.998 96.12488917955285 96.12488917955285 96.12488917955285 12.015611147444107 12.015611147444107 12.015611147444107
 52112 16384 17600.06 17600.06 17600.06 97.02273833157386 97.02273833157386 97.02273833157386 12.127842291446733 12.127842291446733 12.127842291446733
 57320 16384 19366.98 19366.98 19366.98 96.98268702709457 96.98268702709457 96.98268702709457 12.122835878386821 12.122835878386821 12.122835878386821
 63048 16384 21306.038 21306.038 21306.038 96.96579270158065 96.96579270158065 96.96579270158065 12.120724087697582 12.120724087697582 12.120724087697582
 69352 8192 11706.114 11706.114 11706.114 97.06578698960217 97.06578698960217 97.06578698960217 12.133223373700272 12.133223373700272 12.133223373700272
 76280 8192 12988.091 12988.091 12988.091 96.22441973959067 96.22441973959067 96.22441973959067 12.028052467448834 12.028052467448834 12.028052467448834
 83904 8192 14139.175 14139.175 14139.175 97.22513060344752 97.22513060344752 97.22513060344752 12.15314132543094 12.15314132543094 12.15314132543094
 92288 8192 15511.99 15511.99 15511.99 97.47599063692022 97.47599063692022 97.47599063692022 12.184498829615027 12.184498829615027 12.184498829615027
 101512 8192 17063.856 17063.856 17063.856 97.46757169071282 97.46757169071282 97.46757169071282 12.183446461339102 12.183446461339102 12.183446461339102
 111656 8192 18746.138 18746.138 18746.138 97.58660178432487 97.58660178432487 97.58660178432487 12.198325223040609 12.198325223040609 12.198325223040609
 122816 8192 20600.796 20600.796 20600.796 97.6766792894799 97.6766792894799 97.6766792894799 12.209584911184988 12.209584911184988 12.209584911184988
 135096 4096 11477.947 11477.947 11477.947 96.420242400492 96.420242400492 96.420242400492 12.0525303000615 12.0525303000615 12.0525303000615
 148600 4096 12457.132 12457.132 12457.132 97.72162645462858 97.72162645462858 97.72162645462858 12.215203306828572 12.215203306828572 12.215203306828572
 163456 4096 13731.003 13731.003 13731.003 97.51884490885334 97.51884490885334 97.51884490885334 12.189855613606667 12.189855613606667 12.189855613606667
 179800 4096 15196.8 15196.8 15196.8 96.92314171404507 96.92314171404507 96.92314171404507 12.115392714255634 12.115392714255634 12.115392714255634
 197776 4096 16580.105 16580.105 16580.105 97.71837946744004 97.71837946744004 97.71837946744004 12.214797433430006 12.214797433430006 12.214797433430006
 217552 4096 18315.792 18315.792 18315.792 97.30324432598928 97.30324432598928 97.30324432598928 12.16290554074866 12.16290554074866 12.16290554074866
 239304 4096 20061.016 20061.016 20061.016 97.72079180835108 97.72079180835108 97.72079180835108 12.215098976043885 12.215098976043885 12.215098976043885
 263232 2048 11037.111 11037.111 11037.111 97.68845053746402 97.68845053746402 97.68845053746402 12.211056317183003 12.211056317183003 12.211056317183003
 289552 2048 12124.062 12124.062 12124.062 97.82241232352655 97.82241232352655 97.82241232352655 12.227801540440819 12.227801540440819 12.227801540440819
 318504 2048 13338.089 13338.089 13338.089 97.80954258139978 97.80954258139978 97.80954258139978 12.226192822674973 12.226192822674973 12.226192822674973
 350352 2048 14643.908 14643.908 14643.908 97.99582133403189 97.99582133403189 97.99582133403189 12.249477666753986 12.249477666753986 12.249477666753986
 385384 2048 16134.024 16134.024 16134.024 97.83875764657348 97.83875764657348 97.83875764657348 12.229844705821685 12.229844705821685 12.229844705821685
 423920 2048 17685.89 17685.89 17685.89 98.17862261950063 98.17862261950063 98.17862261950063 12.272327827437579 12.272327827437579 12.272327827437579
 466312 2048 19608.021 19608.021 19608.021 97.40982794745068 97.40982794745068 97.40982794745068 12.176228493431335 12.176228493431335 12.176228493431335
 512936 2048 21512.985 21512.985 21512.985 97.66128949562321 97.66128949562321 97.66128949562321 12.207661186952901 12.207661186952901 12.207661186952901
 564224 1024 11929.035 11929.035 11929.035 96.86707701000124 96.86707701000124 96.86707701000124 12.108384626250155 12.108384626250155 12.108384626250155
 620640 1024 13087.034 13087.034 13087.034 97.1244301802838 97.1244301802838 97.1244301802838 12.140553772535474 12.140553772535474 12.140553772535474
 682704 1024 14433.861 14433.861 14433.861 96.86789917126124 96.86789917126124 96.86789917126124 12.108487396407655 12.108487396407655 12.108487396407655
 750968 1024 15835.047 15835.047 15835.047 97.12522255222859 97.12522255222859 97.12522255222859 12.140652819028574 12.140652819028574 12.140652819028574
 826064 1024 17446.995 17446.995 17446.995 96.96678837817058 96.96678837817058 96.96678837817058 12.120848547271322 12.120848547271322 12.120848547271322
 908664 1024 19141.912 19141.912 19141.912 97.21828582223134 97.21828582223134 97.21828582223134 12.152285727778917 12.152285727778917 12.152285727778917
 999528 1024 21167.04 21167.04 21167.04 96.70853099913828 96.70853099913828 96.70853099913828 12.088566374892284 12.088566374892284 12.088566374892284
 1099480 512 11626.005 11626.005 11626.005 96.84044691190137 96.84044691190137 96.84044691190137 12.10505586398767 12.10505586398767 12.10505586398767
 1209424 512 12774.944 12774.944 12774.944 96.94368726782677 96.94368726782677 96.94368726782677 12.117960908478347 12.117960908478347 12.117960908478347
 1330360 512 14014.959 14014.959 14014.959 97.20247058874735 97.20247058874735 97.20247058874735 12.150308823593418 12.150308823593418 12.150308823593418
 1463392 512 15370.131 15370.131 15370.131 97.49516175236243 97.49516175236243 97.49516175236243 12.186895219045304 12.186895219045304 12.186895219045304
 1609728 512 16954.184 16954.184 16954.184 97.22446518216388 97.22446518216388 97.22446518216388 12.153058147770485 12.153058147770485 12.153058147770485
 1770696 512 18584.967 18584.967 18584.967 97.56233110341277 97.56233110341277 97.56233110341277 12.195291387926597 12.195291387926597 12.195291387926597
 1947760 512 20493.031 20493.031 20493.031 97.32607343442754 97.32607343442754 97.32607343442754 12.165759179303443 12.165759179303443 12.165759179303443
 2142536 256 11296.034 11296.034 11296.034 97.11182101611946 97.11182101611946 97.11182101611946 12.138977627014933 12.138977627014933 12.138977627014933
 2356784 256 12497.902 12497.902 12497.902 96.55007760502522 96.55007760502522 96.55007760502522 12.068759700628153 12.068759700628153 12.068759700628153
 2592456 256 13647.079 13647.079 13647.079 97.26165372091712 97.26165372091712 97.26165372091712 12.15770671511464 12.15770671511464 12.15770671511464
 2851696 256 15135.05 15135.05 15135.05 96.46934446863406 96.46934446863406 96.46934446863406 12.058668058579258 12.058668058579258 12.058668058579258
 3136864 256 16505.003 16505.003 16505.003 97.30833541805475 97.30833541805475 97.30833541805475 12.163541927256844 12.163541927256844 12.163541927256844
 3450544 256 18151.045 18151.045 18151.045 97.33205597804425 97.33205597804425 97.33205597804425 12.166506997255532 12.166506997255532 12.166506997255532
 3795592 256 20034.075 20034.075 20034.075 97.00188823292315 97.00188823292315 97.00188823292315 12.125236029115394 12.125236029115394 12.125236029115394
 4175144 256 22083.044 22083.044 22083.044 96.80158804193842 96.80158804193842 96.80158804193842 12.100198505242302 12.100198505242302 12.100198505242302
 4592656 128 12050.152 12050.152 12050.152 97.56888842563977 97.56888842563977 97.56888842563977 12.196111053204971 12.196111053204971 12.196111053204971
 5051920 128 13288.975 13288.975 13288.975 97.32063759620286 97.32063759620286 97.32063759620286 12.165079699525357 12.165079699525357 12.165079699525357
 5557112 128 14588.118 14588.118 14588.118 97.5191366014451 97.5191366014451 97.5191366014451 12.189892075180637 12.189892075180637 12.189892075180637
 6112816 128 16171.932 16171.932 16171.932 96.76524091246488 96.76524091246488 96.76524091246488 12.09565511405811 12.09565511405811 12.09565511405811
 6724096 128 17677.069 17677.069 17677.069 97.37861949851528 97.37861949851528 97.37861949851528 12.17232743731441 12.17232743731441 12.17232743731441
 7396504 128 19443.035 19443.035 19443.035 97.38731756641903 97.38731756641903 97.38731756641903 12.173414695802379 12.173414695802379 12.173414695802379
 8136152 128 21412.849 21412.849 21412.849 97.27126511750026 97.27126511750026 97.27126511750026 12.158908139687533 12.158908139687533 12.158908139687533
 8949760 64 11739.969 11739.969 11739.969 97.57856089739249 97.57856089739249 97.57856089739249 12.197320112174062 12.197320112174062 12.197320112174062
 9844736 64 13363.838 13363.838 13363.838 94.29373567683176 94.29373567683176 94.29373567683176 11.78671695960397 11.78671695960397 11.78671695960397
 10829208 64 14193.058 14193.058 14193.058 97.66314095242899 97.66314095242899 97.66314095242899 12.207892619053624 12.207892619053624 12.207892619053624
 11912128 64 15649.08 15649.08 15649.08 97.43399509747537 97.43399509747537 97.43399509747537 12.179249387184422 12.179249387184422 12.179249387184422
 13103336 64 17444.849 17444.849 17444.849 96.1445414632136 96.1445414632136 96.1445414632136 12.0180676829017 12.0180676829017 12.0180676829017
 14413664 64 18933.058 18933.058 18933.058 97.44590609715556 97.44590609715556 97.44590609715556 12.180738262144445 12.180738262144445 12.180738262144445
 15855024 64 20709.991 20709.991 20709.991 97.99343090009067 97.99343090009067 97.99343090009067 12.249178862511334 12.249178862511334 12.249178862511334
 17440520 32 11462.927 11462.927 11462.927 97.3741942175851 97.3741942175851 97.3741942175851 12.171774277198137 12.171774277198137 12.171774277198137
 19184568 32 12664.08 12664.08 12664.08 96.95235279625524 96.95235279625524 96.95235279625524 12.119044099531905 12.119044099531905 12.119044099531905
 21103024 32 13904.095 13904.095 13904.095 97.13638579138018 97.13638579138018 97.13638579138018 12.142048223922522 12.142048223922522 12.142048223922522
 23213320 32 15232.086 15232.086 15232.086 97.53440730311003 97.53440730311003 97.53440730311003 12.191800912888754 12.191800912888754 12.191800912888754
 25534648 32 16727.209 16727.209 16727.209 97.69815586090901 97.69815586090901 97.69815586090901 12.212269482613626 12.212269482613626 12.212269482613626
 28088112 32 18666.029 18666.029 18666.029 96.30538814656295 96.30538814656295 96.30538814656295 12.038173518320368 12.038173518320368 12.038173518320368
 30896920 32 20513.058 20513.058 20513.058 96.3972743605561 96.3972743605561 96.3972743605561 12.049659295069512 12.049659295069512 12.049659295069512
 33986608 16 15488.148 15488.148 15488.148 70.21959345946334 70.21959345946334 70.21959345946334 8.777449182432917 8.777449182432917 8.777449182432917
 37385264 16 21473.169 21473.169 21473.169 55.71271049932127 55.71271049932127 55.71271049932127 6.9640888124151585 6.9640888124151585 6.9640888124151585
 41123784 16 25428.057 25428.057 25428.057 51.752325708566715 51.752325708566715 51.752325708566715 6.469040713570839 6.469040713570839 6.469040713570839
 45236160 16 28488.159 28488.159 28488.159 50.81258918837121 50.81258918837121 50.81258918837121 6.351573648546402 6.351573648546402 6.351573648546402
 49759776 16 31676.054 31676.054 31676.054 50.268661367984784 50.268661367984784 50.268661367984784 6.283582670998098 6.283582670998098 6.283582670998098
 54735752 16 35347.939 35347.939 35347.939 49.551518802836 49.551518802836 49.551518802836 6.1939398503545 6.1939398503545 6.1939398503545
 60209320 16 39147.854 39147.854 39147.854 49.215935054830844 49.215935054830844 49.215935054830844 6.1519918818538555 6.1519918818538555 6.1519918818538555
 66230248 16 43563.843 43563.843 43563.843 48.649700991714624 48.649700991714624 48.649700991714624 6.081212623964328 6.081212623964328 6.081212623964328
 72853272 8 24034.977 24034.977 24034.977 48.4981679824366 48.4981679824366 48.4981679824366 6.062270997804575 6.062270997804575 6.062270997804575
 80138592 8 26621.103 26621.103 26621.103 48.165452498343136 48.165452498343136 48.165452498343136 6.020681562292892 6.020681562292892 6.020681562292892
 88152448 8 29320.955 29320.955 29320.955 48.103452564897694 48.103452564897694 48.103452564897694 6.012931570612212 6.012931570612212 6.012931570612212
 96967688 8 32396.078 32396.078 32396.078 47.891075209783104 47.891075209783104 47.891075209783104 5.986384401222888 5.986384401222888 5.986384401222888
 106664456 8 35734.892 35734.892 35734.892 47.75812099837884 47.75812099837884 47.75812099837884 5.969765124797355 5.969765124797355 5.969765124797355
 117330896 8 39580.107 39580.107 39580.107 47.430249140054116 47.430249140054116 47.430249140054116 5.9287811425067645 5.9287811425067645 5.9287811425067645
 129063984 8 43641.09 43641.09 43641.09 47.31833563277178 47.31833563277178 47.31833563277178 5.914791954096472 5.914791954096472 5.914791954096472
 141970376 4 24044.991 24044.991 24044.991 47.23491092177993 47.23491092177993 47.23491092177993 5.904363865222491 5.904363865222491 5.904363865222491
 156167408 4 26423.931 26423.931 26423.931 47.280598182004034 47.280598182004034 47.280598182004034 5.910074772750504 5.910074772750504 5.910074772750504
 171784144 4 29199.839 29199.839 29199.839 47.06440854006079 47.06440854006079 47.06440854006079 5.883051067507599 5.883051067507599 5.883051067507599
 188962552 4 32207.012 32207.012 32207.012 46.93699670121525 46.93699670121525 46.93699670121525 5.867124587651906 5.867124587651906 5.867124587651906
 207858800 4 35395.861 35395.861 35395.861 46.97923296738001 46.97923296738001 46.97923296738001 5.872404120922501 5.872404120922501 5.872404120922501
 228644680 4 39005.041 39005.041 39005.041 46.89541128799224 46.89541128799224 46.89541128799224 5.86192641099903 5.86192641099903 5.86192641099903
 251509144 4 43049.812 43049.812 43049.812 46.738256417937436 46.738256417937436 46.738256417937436 5.8422820522421794 5.8422820522421794 5.8422820522421794
 276660056 2 23681.879 23681.879 23681.879 46.7294096047024 46.7294096047024 46.7294096047024 5.8411762005878 5.8411762005878 5.8411762005878
 304326056 2 26058.912 26058.912 26058.912 46.71354751879127 46.71354751879127 46.71354751879127 5.839193439848909 5.839193439848909 5.839193439848909
 334758656 2 28743.982 28743.982 28743.982 46.584868582230534 46.584868582230534 46.584868582230534 5.823108572778817 5.823108572778817 5.823108572778817
 368234520 2 31763.077 31763.077 31763.077 46.37265086125 46.37265086125 46.37265086125 5.79658135765625 5.79658135765625 5.79658135765625
 405057968 2 34973.145 34973.145 34973.145 46.32788592504335 46.32788592504335 46.32788592504335 5.790985740630418 5.790985740630418 5.790985740630418
 445563760 2 38560.867 38560.867 38560.867 46.219267839595 46.219267839595 46.219267839595 5.777408479949375 5.777408479949375 5.777408479949375
 490120136 2 42478.8 42478.8 42478.8 46.15197566786255 46.15197566786255 46.15197566786255 5.768996958482819 5.768996958482819 5.768996958482819
 539132144 1 23392.2 23392.2 23392.2 46.095035439163475 46.095035439163475 46.095035439163475 5.761879429895434 5.761879429895434 5.761879429895434
 593045352 1 25666.952 25666.952 25666.952 46.210812409669835 46.210812409669835 46.210812409669835 5.776351551208729 5.776351551208729 5.776351551208729
 652349880 1 28273.821 28273.821 28273.821 46.14515172887315 46.14515172887315 46.14515172887315 5.768143966109144 5.768143966109144 5.768143966109144
 717584864 1 31092.882 31092.882 31092.882 46.15750087109969 46.15750087109969 46.15750087109969 5.769687608887462 5.769687608887462 5.769687608887462
 789343344 1 34224.033 34224.033 34224.033 46.12801442775607 46.12801442775607 46.12801442775607 5.766001803469509 5.766001803469509 5.766001803469509
 868277672 1 37598.133 37598.133 37598.133 46.187275947983906 46.187275947983906 46.187275947983906 5.773409493497988 5.773409493497988 5.773409493497988
 955105432 1 41471.958 41471.958 41471.958 46.06030089054392 46.06030089054392 46.06030089054392 5.75753761131799 5.75753761131799 5.75753761131799
 1050615968 1 45561.075 45561.075 45561.075 46.11901576071241 46.11901576071241 46.11901576071241 5.764876970089051 5.764876970089051 5.764876970089051
 
META_DATA
 FLOPS          2
 MPI_PROCS      1
 OPENMP_THREADS 1
 ERT_VERSION  1.1.0
 HOSTNAME  ('c3cpu-c11-u13-2.rc.int.colorado.edu', [], ['10.225.64.253'])
 UNAME  uname_result(system='Linux', node='c3cpu-c11-u13-2.rc.int.colorado.edu', release='4.18.0-305.34.2.el8_4.x86_64', version='#1 SMP Mon Jan 17 09:42:23 EST 2022', machine='x86_64', processor='x86_64')
 TIMESTAMP_DATA  1728420571.4775603
 CONFIG  {'nux': ['workstation,', 'MPI', 'and', 'OpenMP', '(8-core', 'Intel', 'Xeon', 'CPU', 'E5530,', '2.40', 'GHz)'], 'ERT_RESULTS': ['Results.alpine'], 'ERT_DRIVER': ['driver1'], 'ERT_KERNEL': ['kernel1'], 'ERT_MPI': ['True'], 'ERT_MPI_CFLAGS': ['-I/usr/include/mpi'], 'ERT_MPI_LDFLAGS': ['-lmpi'], 'ERT_OPENMP': ['True'], 'ERT_OPENMP_CFLAGS': ['-qopenmp'], 'ERT_OPENMP_LDFLAGS': ['-qopenmp'], 'ERT_FLOPS': ['1,2,4,8,16'], 'ERT_ALIGN': ['32'], 'ERT_CC': ['icpc'], 'ERT_CFLAGS': ['-O3', '-fno-alias', '-fno-fnalias', '-DERT_INTEL'], 'ERT_LD': ['icpc'], 'ERT_LDFLAGS': [], 'ERT_LDLIBS': [], 'ERT_PRECISION': ['FP64'], 'ERT_RUN': ['export', 'OMP_NUM_THREADS=ERT_OPENMP_THREADS;', 'mpirun', '-np', 'ERT_MPI_PROCS', 'ERT_CODE'], 'ERT_PROCS_THREADS': ['1'], 'ERT_MPI_PROCS': ['1'], 'ERT_OPENMP_THREADS': ['1'], 'ERT_NUM_EXPERIMENTS': ['1'], 'ERT_MEMORY_MAX': ['1073741824'], 'ERT_WORKING_SET_MIN': ['1'], 'ERT_TRIALS_MIN': ['1'], 'ERT_GNUPLOT': ['gnuplot'], 'ERT_GPU': [False], 'ERT_HIP': [False], 'ERT_OCL': [False], 'ERT_SYCL': [False], 'ERT_WSS_MULT': [1.1]}
 