fp64
 8 134217728 1012548.923 1012548.923 1012548.923 2.120869025900885 2.120869025900885 2.120869025900885 1.0604345129504424 1.0604345129504424 1.0604345129504424
 16 67108864 522871.971 522871.971 522871.971 4.107092686366238 4.107092686366238 4.107092686366238 2.053546343183119 2.053546343183119 2.053546343183119
 24 33554432 261653.185 261653.185 261653.185 6.15552505504567 6.15552505504567 6.15552505504567 3.077762527522835 3.077762527522835 3.077762527522835
 32 33554432 264834.166 264834.166 264834.166 8.108786265892897 8.108786265892897 8.108786265892897 4.054393132946449 4.054393132946449 4.054393132946449
 40 16777216 131895.065 131895.065 131895.065 10.176099310463208 10.176099310463208 10.176099310463208 5.088049655231604 5.088049655231604 5.088049655231604
 48 16777216 132284.88 132284.88 132284.88 12.175335049629256 12.175335049629256 12.175335049629256 6.087667524814628 6.087667524814628 6.087667524814628
 56 16777216 132554.054 132554.054 132554.054 14.175712739800474 14.175712739800474 14.175712739800474 7.087856369900237 7.087856369900237 7.087856369900237
 64 16777216 133270.025 133270.025 133270.025 16.11377838339867 16.11377838339867 16.11377838339867 8.056889191699335 8.056889191699335 8.056889191699335
 72 8388608 66869.974 66869.974 66869.974 18.064304197276943 18.064304197276943 18.064304197276943 9.032152098638472 9.032152098638472 9.032152098638472
 80 8388608 67444.086 67444.086 67444.086 19.900592618306074 19.900592618306074 19.900592618306074 9.950296309153037 9.950296309153037 9.950296309153037
 88 8388608 67890.167 67890.167 67890.167 21.746816560342236 21.746816560342236 21.746816560342236 10.873408280171118 10.873408280171118 10.873408280171118
 96 8388608 68058.968 68058.968 68058.968 23.664959715521988 23.664959715521988 23.664959715521988 11.832479857760994 11.832479857760994 11.832479857760994
 104 8388608 68379.879 68379.879 68379.879 25.516723479431718 25.516723479431718 25.516723479431718 12.758361739715859 12.758361739715859 12.758361739715859
 112 8388608 69164.991 69164.991 69164.991 27.167619988557508 27.167619988557508 27.167619988557508 13.583809994278754 13.583809994278754 13.583809994278754
 120 8388608 69266.081 69266.081 69266.081 29.065682523600543 29.065682523600543 29.065682523600543 14.532841261800272 14.532841261800272 14.532841261800272
 128 8388608 70209.026 70209.026 70209.026 30.587002417609387 30.587002417609387 30.587002417609387 15.293501208804694 15.293501208804694 15.293501208804694
 136 4194304 35358.191 35358.191 35358.191 32.26552761140976 32.26552761140976 32.26552761140976 16.13276380570488 16.13276380570488 16.13276380570488
 144 4194304 35710.812 35710.812 35710.812 33.826157523385355 33.826157523385355 33.826157523385355 16.913078761692677 16.913078761692677 16.913078761692677
 152 4194304 36463.022 36463.022 36463.022 34.968808015967525 34.968808015967525 34.968808015967525 17.484404007983763 17.484404007983763 17.484404007983763
 160 4194304 36803.961 36803.961 36803.961 36.46828340025684 36.46828340025684 36.46828340025684 18.23414170012842 18.23414170012842 18.23414170012842
 176 4194304 37987.947 37987.947 37987.947 38.86482752016054 38.86482752016054 38.86482752016054 19.43241376008027 19.43241376008027 19.43241376008027
 192 4194304 39774.179 39774.179 39774.179 40.493927882207196 40.493927882207196 40.493927882207196 20.246963941103598 20.246963941103598 20.246963941103598
 208 4194304 42527.914 42527.914 42527.914 41.02788733066005 41.02788733066005 41.02788733066005 20.513943665330025 20.513943665330025 20.513943665330025
 224 4194304 44842.958 44842.958 44842.958 41.902860020964724 41.902860020964724 41.902860020964724 20.951430010482362 20.951430010482362 20.951430010482362
 240 4194304 47813.892 47813.892 47813.892 42.10629663864218 42.10629663864218 42.10629663864218 21.05314831932109 21.05314831932109 21.05314831932109
 264 2097152 25943.995 25943.995 25943.995 42.6802524437736 42.6802524437736 42.6802524437736 21.3401262218868 21.3401262218868 21.3401262218868
 288 2097152 29372.931 29372.931 29372.931 41.1249238967674 41.1249238967674 41.1249238967674 20.5624619483837 20.5624619483837 20.5624619483837
 312 2097152 30369.997 30369.997 30369.997 43.0893308287123 43.0893308287123 43.0893308287123 21.54466541435615 21.54466541435615 21.54466541435615
 336 2097152 32368.898 32368.898 32368.898 43.53827998716545 43.53827998716545 43.53827998716545 21.769139993582726 21.769139993582726 21.769139993582726
 368 2097152 35465.956 35465.956 35465.956 43.52071806551613 43.52071806551613 43.52071806551613 21.760359032758064 21.760359032758064 21.760359032758064
 400 2097152 36958.933 36958.933 36958.933 45.39421092053713 45.39421092053713 45.39421092053713 22.697105460268563 22.697105460268563 22.697105460268563
 440 2097152 41393.042 41393.042 41393.042 44.58463719578764 44.58463719578764 44.58463719578764 22.29231859789382 22.29231859789382 22.29231859789382
 480 2097152 44965.029 44965.029 44965.029 44.774038064114215 44.774038064114215 44.774038064114215 22.387019032057108 22.387019032057108 22.387019032057108
 528 1048576 24013.996 24013.996 24013.996 46.11045392028882 46.11045392028882 46.11045392028882 23.05522696014441 23.05522696014441 23.05522696014441
 576 1048576 27143.002 27143.002 27143.002 44.50353546007918 44.50353546007918 44.50353546007918 22.25176773003959 22.25176773003959 22.25176773003959
 632 1048576 29388.189 29388.189 29388.189 45.09975296538348 45.09975296538348 45.09975296538348 22.54987648269174 22.54987648269174 22.54987648269174
 688 1048576 31364.918 31364.918 31364.918 46.00173276397535 46.00173276397535 46.00173276397535 23.000866381987674 23.000866381987674 23.000866381987674
 752 1048576 34514.189 34514.189 34514.189 45.693042475950975 45.693042475950975 45.693042475950975 22.846521237975487 22.846521237975487 22.846521237975487
 824 1048576 37410.975 37410.975 37410.975 46.19107756480551 46.19107756480551 46.19107756480551 23.095538782402755 23.095538782402755 23.095538782402755
 904 1048576 40824.89 40824.89 40824.89 46.437979575695124 46.437979575695124 46.437979575695124 23.218989787847562 23.218989787847562 23.218989787847562
 992 1048576 44893.98 44893.98 44893.98 46.33972715272738 46.33972715272738 46.33972715272738 23.16986357636369 23.16986357636369 23.16986357636369
 1088 524288 24579.048 24579.048 24579.048 46.41557671395572 46.41557671395572 46.41557671395572 23.20778835697786 23.20778835697786 23.20778835697786
 1192 524288 27041.197 27041.197 27041.197 46.22216213283754 46.22216213283754 46.22216213283754 23.11108106641877 23.11108106641877 23.11108106641877
 1304 524288 29528.856 29528.856 29528.856 46.3053192443351 46.3053192443351 46.3053192443351 23.15265962216755 23.15265962216755 23.15265962216755
 1432 524288 32303.095 32303.095 32303.095 46.48349738624116 46.48349738624116 46.48349738624116 23.24174869312058 23.24174869312058 23.24174869312058
 1568 524288 35270.214 35270.214 35270.214 46.61630825375769 46.61630825375769 46.61630825375769 23.308154126878843 23.308154126878843 23.308154126878843
 1720 524288 38787.842 38787.842 38787.842 46.49783610029143 46.49783610029143 46.49783610029143 23.248918050145715 23.248918050145715 23.248918050145715
 1888 524288 42342.901 42342.901 42342.901 46.75427146571748 46.75427146571748 46.75427146571748 23.37713573285874 23.37713573285874 23.37713573285874
 2072 262144 23267.984 23267.984 23267.984 46.68753150251435 46.68753150251435 46.68753150251435 23.343765751257173 23.343765751257173 23.343765751257173
 2272 262144 25445.938 25445.938 25445.938 46.81227848625585 46.81227848625585 46.81227848625585 23.406139243127924 23.406139243127924 23.406139243127924
 2496 262144 27951.002 27951.002 27951.002 46.81845924521775 46.81845924521775 46.81845924521775 23.409229622608876 23.409229622608876 23.409229622608876
 2744 262144 30722.141 30722.141 30722.141 46.827669725231715 46.827669725231715 46.827669725231715 23.413834862615857 23.413834862615857 23.413834862615857
 3016 262144 33720.97 33720.97 33720.97 46.892263419468655 46.892263419468655 46.892263419468655 23.446131709734328 23.446131709734328 23.446131709734328
 3312 262144 37009.954 37009.954 37009.954 46.91823869870252 46.91823869870252 46.91823869870252 23.45911934935126 23.45911934935126 23.45911934935126
 3640 262144 40830.135 40830.135 40830.135 46.74019128273761 46.74019128273761 46.74019128273761 23.370095641368806 23.370095641368806 23.370095641368806
 4000 262144 44608.116 44608.116 44608.116 47.012790228576335 47.012790228576335 47.012790228576335 23.506395114288168 23.506395114288168 23.506395114288168
 4400 131072 24573.088 24573.088 24573.088 46.93889510345627 46.93889510345627 46.93889510345627 23.469447551728134 23.469447551728134 23.469447551728134
 4840 131072 26961.088 26961.088 26961.088 47.05956080110714 47.05956080110714 47.05956080110714 23.52978040055357 23.52978040055357 23.52978040055357
 5320 131072 29616.833 29616.833 29616.833 47.08829198584467 47.08829198584467 47.08829198584467 23.544145992922335 23.544145992922335 23.544145992922335
 5848 131072 32568.932 32568.932 32568.932 47.06995341449943 47.06995341449943 47.06995341449943 23.534976707249715 23.534976707249715 23.534976707249715
 6432 131072 35789.967 35789.967 35789.967 47.111253497383785 47.111253497383785 47.111253497383785 23.555626748691893 23.555626748691893 23.555626748691893
 7072 131072 39344.072 39344.072 39344.072 47.11973808913322 47.11973808913322 47.11973808913322 23.55986904456661 23.55986904456661 23.55986904456661
 7776 131072 43303.013 43303.013 43303.013 47.07367000074567 47.07367000074567 47.07367000074567 23.536835000372836 23.536835000372836 23.536835000372836
 8552 65536 23784.876 23784.876 23784.876 47.127752274176245 47.127752274176245 47.127752274176245 23.563876137088123 23.563876137088123 23.563876137088123
 9400 65536 26124.001 26124.001 26124.001 47.162637912929185 47.162637912929185 47.162637912929185 23.581318956464592 23.581318956464592 23.581318956464592
 10336 65536 28803.825 28803.825 28803.825 47.03403773630759 47.03403773630759 47.03403773630759 23.517018868153794 23.517018868153794 23.517018868153794
 11368 65536 31582.117 31582.117 31582.117 47.179436894619826 47.179436894619826 47.179436894619826 23.589718447309913 23.589718447309913 23.589718447309913
 12504 65536 34741.163 34741.163 34741.163 47.17528564026483 47.17528564026483 47.17528564026483 23.587642820132416 23.587642820132416 23.587642820132416
 13752 65536 38177.013 38177.013 38177.013 47.214331409322156 47.214331409322156 47.214331409322156 23.607165704661078 23.607165704661078 23.607165704661078
 15120 65536 41963.1 41963.1 41963.1 47.22741265540439 47.22741265540439 47.22741265540439 23.613706327702197 23.613706327702197 23.613706327702197
 16632 32768 23234.129 23234.129 23234.129 46.91351898752047 46.91351898752047 46.91351898752047 23.456759493760234 23.456759493760234 23.456759493760234
 18288 32768 25552.034 25552.034 25552.034 46.905164888243334 46.905164888243334 46.905164888243334 23.452582444121667 23.452582444121667 23.452582444121667
 20112 32768 28018.951 28018.951 28018.951 47.041733718011066 47.041733718011066 47.041733718011066 23.520866859005533 23.520866859005533 23.520866859005533
 22120 32768 30826.092 30826.092 30826.092 47.02692511266106 47.02692511266106 47.02692511266106 23.51346255633053 23.51346255633053 23.51346255633053
 24328 32768 33870.935 33870.935 33870.935 47.07162078637629 47.07162078637629 47.07162078637629 23.535810393188147 23.535810393188147 23.535810393188147
 26760 32768 37281.99 37281.99 37281.99 47.03996111795534 47.03996111795534 47.03996111795534 23.51998055897767 23.51998055897767 23.51998055897767
 29432 32768 40992.022 40992.022 40992.022 47.054413466113 47.054413466113 47.054413466113 23.5272067330565 23.5272067330565 23.5272067330565
 32368 32768 45024.872 45024.872 45024.872 47.11327659076965 47.11327659076965 47.11327659076965 23.556638295384825 23.556638295384825 23.556638295384825
 35600 16384 24918.079 24918.079 24918.079 46.81503738711157 46.81503738711157 46.81503738711157 23.407518693555787 23.407518693555787 23.407518693555787
 39160 16384 27498.96 27498.96 27498.96 46.66339672482159 46.66339672482159 46.66339672482159 23.331698362410794 23.331698362410794 23.331698362410794
 43072 16384 30282.974 30282.974 30282.974 46.60649564999792 46.60649564999792 46.60649564999792 23.30324782499896 23.30324782499896 23.30324782499896
 47376 16384 33232.927 33232.927 33232.927 46.713212110386785 46.713212110386785 46.713212110386785 23.356606055193392 23.356606055193392 23.356606055193392
 52112 16384 36549.091 36549.091 36549.091 46.72088879036691 46.72088879036691 46.72088879036691 23.360444395183453 23.360444395183453 23.360444395183453
 57320 16384 40224.075 40224.075 40224.075 46.694964644929684 46.694964644929684 46.694964644929684 23.347482322464842 23.347482322464842 23.347482322464842
 63048 16384 44178.963 44178.963 44178.963 46.7633625533492 46.7633625533492 46.7633625533492 23.3816812766746 23.3816812766746 23.3816812766746
 69352 8192 24295.092 24295.092 24295.092 46.769247385438995 46.769247385438995 46.769247385438995 23.384623692719497 23.384623692719497 23.384623692719497
 76280 8192 26738.167 26738.167 26738.167 46.741106823066815 46.741106823066815 46.741106823066815 23.370553411533407 23.370553411533407 23.370553411533407
 83904 8192 29376.984 29376.984 29376.984 46.794563254008644 46.794563254008644 46.794563254008644 23.397281627004322 23.397281627004322 23.397281627004322
 92288 8192 32300.949 32300.949 32300.949 46.81121263650798 46.81121263650798 46.81121263650798 23.40560631825399 23.40560631825399 23.40560631825399
 101512 8192 35529.852 35529.852 35529.852 46.810569545856815 46.810569545856815 46.810569545856815 23.405284772928407 23.405284772928407 23.405284772928407
 111656 8192 39057.97 39057.97 39057.97 46.83735237648039 46.83735237648039 46.83735237648039 23.418676188240195 23.418676188240195 23.418676188240195
 122816 8192 42932.034 42932.034 42932.034 46.86983486503342 46.86983486503342 46.86983486503342 23.43491743251671 23.43491743251671 23.43491743251671
 135096 4096 23641.109 23641.109 23641.109 46.812796810843345 46.812796810843345 46.812796810843345 23.406398405421672 23.406398405421672 23.406398405421672
 148600 4096 25957.823 25957.823 25957.823 46.89650592039248 46.89650592039248 46.89650592039248 23.44825296019624 23.44825296019624 23.44825296019624
 163456 4096 28573.036 28573.036 28573.036 46.863467781302624 46.863467781302624 46.863467781302624 23.431733890651312 23.431733890651312 23.431733890651312
 179800 4096 31431.198 31431.198 31431.198 46.86177090672777 46.86177090672777 46.86177090672777 23.430885453363885 23.430885453363885 23.430885453363885
 197776 4096 34582.853 34582.853 34582.853 46.84925769426831 46.84925769426831 46.84925769426831 23.424628847134155 23.424628847134155 23.424628847134155
 217552 4096 38034.916 38034.916 38034.916 46.856577361706286 46.856577361706286 46.856577361706286 23.428288680853143 23.428288680853143 23.428288680853143
 239304 4096 41823.149 41823.149 41823.149 46.87304554709642 46.87304554709642 46.87304554709642 23.43652277354821 23.43652277354821 23.43652277354821
 263232 2048 22988.081 22988.081 22988.081 46.902491425882836 46.902491425882836 46.902491425882836 23.451245712941418 23.451245712941418 23.451245712941418
 289552 2048 25285.959 25285.959 25285.959 46.90369829358657 46.90369829358657 46.90369829358657 23.451849146793286 23.451849146793286 23.451849146793286
 318504 2048 27801.991 27801.991 27801.991 46.92442293071744 46.92442293071744 46.92442293071744 23.46221146535872 23.46221146535872 23.46221146535872
 350352 2048 30596.972 30596.972 30596.972 46.90143168415489 46.90143168415489 46.90143168415489 23.450715842077447 23.450715842077447 23.450715842077447
 385384 2048 33663.034 33663.034 33663.034 46.89217448433198 46.89217448433198 46.89217448433198 23.44608724216599 23.44608724216599 23.44608724216599
 423920 2048 37027.836 37027.836 37027.836 46.89381037552397 46.89381037552397 46.89381037552397 23.446905187761985 23.446905187761985 23.446905187761985
 466312 2048 40742.874 40742.874 40742.874 46.87970593336149 46.87970593336149 46.87970593336149 23.439852966680746 23.439852966680746 23.439852966680746
 512936 2048 45136.929 45136.929 45136.929 46.54693845033188 46.54693845033188 46.54693845033188 23.27346922516594 23.27346922516594 23.27346922516594
 564224 1024 24851.084 24851.084 24851.084 46.498203136732386 46.498203136732386 46.498203136732386 23.249101568366193 23.249101568366193 23.249101568366193
 620640 1024 27325.869 27325.869 27325.869 46.51528996205025 46.51528996205025 46.51528996205025 23.257644981025123 23.257644981025123 23.257644981025123
 682704 1024 30045.033 30045.033 30045.033 46.53607110366629 46.53607110366629 46.53607110366629 23.268035551833144 23.268035551833144 23.268035551833144
 750968 1024 33032.179 33032.179 33032.179 46.5601274442113 46.5601274442113 46.5601274442113 23.28006372210565 23.28006372210565 23.28006372210565
 826064 1024 36309.958 36309.958 36309.958 46.59270253080437 46.59270253080437 46.59270253080437 23.296351265402183 23.296351265402183 23.296351265402183
 908664 1024 39971.828 39971.828 39971.828 46.55638646298588 46.55638646298588 46.55638646298588 23.27819323149294 23.27819323149294 23.27819323149294
 999528 1024 43916.941 43916.941 43916.941 46.6114737818374 46.6114737818374 46.6114737818374 23.3057368909187 23.3057368909187 23.3057368909187
 1099480 512 24204.969 24204.969 24204.969 46.513900513568096 46.513900513568096 46.513900513568096 23.256950256784048 23.256950256784048 23.256950256784048
 1209424 512 26595.116 26595.116 26595.116 46.566827382892406 46.566827382892406 46.566827382892406 23.283413691446203 23.283413691446203 23.283413691446203
 1330360 512 29222.012 29222.012 29222.012 46.61857780360915 46.61857780360915 46.61857780360915 23.309288901804575 23.309288901804575 23.309288901804575
 1463392 512 32143.831 32143.831 32143.831 46.619004685533596 46.619004685533596 46.619004685533596 23.309502342766798 23.309502342766798 23.309502342766798
 1609728 512 35380.125 35380.125 35380.125 46.590040933998964 46.590040933998964 46.590040933998964 23.295020466999482 23.295020466999482 23.295020466999482
 1770696 512 38923.025 38923.025 38923.025 46.584064419453526 46.584064419453526 46.584064419453526 23.292032209726763 23.292032209726763 23.292032209726763
 1947760 512 42811.155 42811.155 42811.155 46.588470691809185 46.588470691809185 46.588470691809185 23.294235345904593 23.294235345904593 23.294235345904593
 2142536 256 23546.934 23546.934 23546.934 46.58689033570145 46.58689033570145 46.58689033570145 23.293445167850724 23.293445167850724 23.293445167850724
 2356784 256 25920.868 25920.868 25920.868 46.55219910073999 46.55219910073999 46.55219910073999 23.276099550369995 23.276099550369995 23.276099550369995
 2592456 256 28456.926 28456.926 28456.926 46.643740508022546 46.643740508022546 46.643740508022546 23.321870254011273 23.321870254011273 23.321870254011273
 2851696 256 31363.964 31363.964 31363.964 46.552417672715094 46.552417672715094 46.552417672715094 23.276208836357547 23.276208836357547 23.276208836357547
 3136864 256 34440.994 34440.994 34440.994 46.63263690937608 46.63263690937608 46.63263690937608 23.31631845468804 23.31631845468804 23.31631845468804
 3450544 256 37891.15 37891.15 37891.15 46.62509657268254 46.62509657268254 46.62509657268254 23.31254828634127 23.31254828634127 23.31254828634127
 3795592 256 41687.012 41687.012 41687.012 46.61747174395708 46.61747174395708 46.61747174395708 23.30873587197854 23.30873587197854 23.30873587197854
 4175144 256 45865.059 45865.059 45865.059 46.607892251921015 46.607892251921015 46.607892251921015 23.303946125960508 23.303946125960508 23.303946125960508
 4592656 128 25273.085 25273.085 25273.085 46.52063394714179 46.52063394714179 46.52063394714179 23.260316973570895 23.260316973570895 23.260316973570895
 5051920 128 27758.837 27758.837 27758.837 46.590263129539615 46.590263129539615 46.590263129539615 23.295131564769807 23.295131564769807 23.295131564769807
 5557112 128 30606.031 30606.031 30606.031 46.481710483793215 46.481710483793215 46.481710483793215 23.240855241896607 23.240855241896607 23.240855241896607
 6112816 128 33574.104 33574.104 33574.104 46.60975899758933 46.60975899758933 46.60975899758933 23.304879498794666 23.304879498794666 23.304879498794666
 6724096 128 36936.045 36936.045 36936.045 46.60403072391752 46.60403072391752 46.60403072391752 23.30201536195876 23.30201536195876 23.30201536195876
 7396504 128 40634.155 40634.155 40634.155 46.59885320612672 46.59885320612672 46.59885320612672 23.29942660306336 23.29942660306336 23.29942660306336
 8136152 128 44673.92 44673.92 44673.92 46.623509018237044 46.623509018237044 46.623509018237044 23.311754509118522 23.311754509118522 23.311754509118522
 8949760 64 24643.898 24643.898 24643.898 46.48490591869841 46.48490591869841 46.48490591869841 23.242452959349205 23.242452959349205 23.242452959349205
 9844736 64 27028.799 27028.799 27028.799 46.62161304318405 46.62161304318405 46.62161304318405 23.310806521592024 23.310806521592024 23.310806521592024
 10829208 64 29793.024 29793.024 29793.024 46.525610290516326 46.525610290516326 46.525610290516326 23.262805145258163 23.262805145258163 23.262805145258163
 11912128 64 32763.004 32763.004 32763.004 46.53884558326825 46.53884558326825 46.53884558326825 23.269422791634124 23.269422791634124 23.269422791634124
 13103336 64 36072.969 36072.969 36072.969 46.49539681638071 46.49539681638071 46.49539681638071 23.247698408190356 23.247698408190356 23.247698408190356
 14413664 64 39592.028 39592.028 39592.028 46.599002001109916 46.599002001109916 46.599002001109916 23.299501000554958 23.299501000554958 23.299501000554958
 15855024 64 43545.961 43545.961 43545.961 46.60462245855591 46.60462245855591 46.60462245855591 23.302311229277954 23.302311229277954 23.302311229277954
 17440520 32 24076.939 24076.939 24076.939 46.35943464407997 46.35943464407997 46.35943464407997 23.179717322039984 23.179717322039984 23.179717322039984
 19184568 32 26386.023 26386.023 26386.023 46.53267951748545 46.53267951748545 46.53267951748545 23.266339758742724 23.266339758742724 23.266339758742724
 21103024 32 29068.947 29068.947 29068.947 46.46172893706814 46.46172893706814 46.46172893706814 23.23086446853407 23.23086446853407 23.23086446853407
 23213320 32 31908.035 31908.035 31908.035 46.5604503693192 46.5604503693192 46.5604503693192 23.2802251846596 23.2802251846596 23.2802251846596
 25534648 32 35237.074 35237.074 35237.074 46.377785851345095 46.377785851345095 46.377785851345095 23.188892925672548 23.188892925672548 23.188892925672548
 28088112 32 38681.03 38681.03 38681.03 46.47340487055283 46.47340487055283 46.47340487055283 23.236702435276413 23.236702435276413 23.236702435276413
 30896920 32 42719.841 42719.841 42719.841 46.28769287788314 46.28769287788314 46.28769287788314 23.14384643894157 23.14384643894157 23.14384643894157
 33986608 16 23931.026 23931.026 23931.026 45.44608559616291 45.44608559616291 45.44608559616291 22.723042798081455 22.723042798081455 22.723042798081455
 37385264 16 27958.87 27958.87 27958.87 42.78886979337863 42.78886979337863 42.78886979337863 21.394434896689315 21.394434896689315 21.394434896689315
 41123784 16 31306.982 31306.982 31306.982 42.03410881317145 42.03410881317145 42.03410881317145 21.017054406585725 21.017054406585725 21.017054406585725
 45236160 16 35105.944 35105.944 35105.944 41.23396083580604 41.23396083580604 41.23396083580604 20.61698041790302 20.61698041790302 20.61698041790302
 49759776 16 38996.935 38996.935 38996.935 40.8317431100675 40.8317431100675 40.8317431100675 20.41587155503375 20.41587155503375 20.41587155503375
 54735752 16 43328.047 43328.047 43328.047 40.425179191667695 40.425179191667695 40.425179191667695 20.212589595833848 20.212589595833848 20.212589595833848
 60209320 16 48144.102 48144.102 48144.102 40.01940341518884 40.01940341518884 40.01940341518884 20.00970170759442 20.00970170759442 20.00970170759442
 66230248 16 52989.96 52989.96 52989.96 39.99565079875509 39.99565079875509 39.99565079875509 19.997825399377547 19.997825399377547 19.997825399377547
 72853272 8 29247.046 29247.046 29247.046 39.855387515033144 39.855387515033144 39.855387515033144 19.927693757516572 19.927693757516572 19.927693757516572
 80138592 8 32240.152 32240.152 32240.152 39.77082589436923 39.77082589436923 39.77082589436923 19.885412947184616 19.885412947184616 19.885412947184616
 88152448 8 35511.017 35511.017 35511.017 39.718354672861096 39.718354672861096 39.718354672861096 19.859177336430548 19.859177336430548 19.859177336430548
 96967688 8 39205.074 39205.074 39205.074 39.57352581454125 39.57352581454125 39.57352581454125 19.786762907270624 19.786762907270624 19.786762907270624
 106664456 8 43252.945 43252.945 43252.945 39.45699641955016 39.45699641955016 39.45699641955016 19.72849820977508 19.72849820977508 19.72849820977508
 117330896 8 47641.993 47641.993 47641.993 39.40419402689556 39.40419402689556 39.40419402689556 19.70209701344778 19.70209701344778 19.70209701344778
 129063984 8 52471.876 52471.876 52471.876 39.35486781528452 39.35486781528452 39.35486781528452 19.67743390764226 19.67743390764226 19.67743390764226
 141970376 4 28799.057 28799.057 28799.057 39.43750686003365 39.43750686003365 39.43750686003365 19.718753430016825 19.718753430016825 19.718753430016825
 156167408 4 31743.05 31743.05 31743.05 39.35788350520823 39.35788350520823 39.35788350520823 19.678941752604114 19.678941752604114 19.678941752604114
 171784144 4 34992.933 34992.933 34992.933 39.272876954898294 39.272876954898294 39.272876954898294 19.636438477449147 19.636438477449147 19.636438477449147
 188962552 4 38442.135 38442.135 38442.135 39.324049405684676 39.324049405684676 39.324049405684676 19.662024702842338 19.662024702842338 19.662024702842338
 207858800 4 42428.017 42428.017 42428.017 39.19274379474299 39.19274379474299 39.19274379474299 19.596371897371494 19.596371897371494 19.596371897371494
 228644680 4 46691.895 46691.895 46691.895 39.17505254391581 39.17505254391581 39.17505254391581 19.587526271957906 19.587526271957906 19.587526271957906
 251509144 4 51183.939 51183.939 51183.939 39.31063515842343 39.31063515842343 39.31063515842343 19.655317579211715 19.655317579211715 19.655317579211715
 276660056 2 28156.996 28156.996 28156.996 39.3024960475187 39.3024960475187 39.3024960475187 19.65124802375935 19.65124802375935 19.65124802375935
 304326056 2 30952.215 30952.215 30952.215 39.328501175117836 39.328501175117836 39.328501175117836 19.664250587558918 19.664250587558918 19.664250587558918
 334758656 2 34054.995 34054.995 34054.995 39.31977156361349 39.31977156361349 39.31977156361349 19.659885781806747 19.659885781806747 19.659885781806747
 368234520 2 37490.845 37490.845 37490.845 39.28794029582422 39.28794029582422 39.28794029582422 19.64397014791211 19.64397014791211 19.64397014791211
 405057968 2 41218.042 41218.042 41218.042 39.30880248993875 39.30880248993875 39.30880248993875 19.654401244969375 19.654401244969375 19.654401244969375
 445563760 2 45377.016 45377.016 45377.016 39.27660293925012 39.27660293925012 39.27660293925012 19.63830146962506 19.63830146962506 19.63830146962506
 490120136 2 49861.908 49861.908 49861.908 39.318201461524495 39.318201461524495 39.318201461524495 19.659100730762248 19.659100730762248 19.659100730762248
 539132144 1 27466.059 27466.059 27466.059 39.25806348846771 39.25806348846771 39.25806348846771 19.629031744233856 19.629031744233856 19.629031744233856
 593045352 1 30222.893 30222.893 30222.893 39.2447772620576 39.2447772620576 39.2447772620576 19.6223886310288 19.6223886310288 19.6223886310288
 652349880 1 33348.083 33348.083 33348.083 39.123680962410944 39.123680962410944 39.123680962410944 19.561840481205472 19.561840481205472 19.561840481205472
 717584864 1 36607.027 36607.027 36607.027 39.2047605504812 39.2047605504812 39.2047605504812 19.6023802752406 19.6023802752406 19.6023802752406
 789343344 1 40254.116 40254.116 40254.116 39.2180190467976 39.2180190467976 39.2180190467976 19.6090095233988 19.6090095233988 19.6090095233988
 868277672 1 44275.999 44275.999 44275.999 39.22114425921818 39.22114425921818 39.22114425921818 19.61057212960909 19.61057212960909 19.61057212960909
 955105432 1 48864.126 48864.126 48864.126 39.09229572631669 39.09229572631669 39.09229572631669 19.546147863158346 19.546147863158346 19.546147863158346
 1050615968 1 53701.878 53701.878 53701.878 39.127717954295754 39.127717954295754 39.127717954295754 19.563858977147877 19.563858977147877 19.563858977147877
 
META_DATA
 FLOPS          8
 MPI_PROCS      1
 OPENMP_THREADS 1
 ERT_VERSION  1.1.0
 HOSTNAME  ('c3cpu-c11-u13-2.rc.int.colorado.edu', [], ['10.225.64.253'])
 UNAME  uname_result(system='Linux', node='c3cpu-c11-u13-2.rc.int.colorado.edu', release='4.18.0-305.34.2.el8_4.x86_64', version='#1 SMP Mon Jan 17 09:42:23 EST 2022', machine='x86_64', processor='x86_64')
 TIMESTAMP_DATA  1728137887.0159879
 CONFIG  {'ERT_RESULTS': ['Results.alpine'], 'ERT_DRIVER': ['driver1'], 'ERT_KERNEL': ['kernel1'], 'ERT_MPI': ['True'], 'ERT_MPI_CFLAGS': ['-I/usr/include/mpi'], 'ERT_MPI_LDFLAGS': ['-lmpi'], 'ERT_OPENMP': ['True'], 'ERT_OPENMP_CFLAGS': ['-qopenmp'], 'ERT_OPENMP_LDFLAGS': ['-qopenmp'], 'ERT_FLOPS': ['1,2,4,8,16'], 'ERT_ALIGN': ['32'], 'ERT_CC': ['icpc'], 'ERT_CFLAGS': ['-O3', '-fno-alias', '-fno-fnalias', '-DERT_INTEL'], 'ERT_LD': ['icpc'], 'ERT_LDFLAGS': [], 'ERT_LDLIBS': [], 'ERT_PRECISION': ['FP64'], 'ERT_RUN': ['export', 'OMP_NUM_THREADS=ERT_OPENMP_THREADS;', 'mpirun', '-np', 'ERT_MPI_PROCS', 'ERT_CODE'], 'ERT_PROCS_THREADS': ['1'], 'ERT_MPI_PROCS': ['1'], 'ERT_OPENMP_THREADS': ['1'], 'ERT_NUM_EXPERIMENTS': ['1'], 'ERT_MEMORY_MAX': ['1073741824'], 'ERT_WORKING_SET_MIN': ['1'], 'ERT_TRIALS_MIN': ['1'], 'ERT_GNUPLOT': ['gnuplot'], 'ERT_GPU': [False], 'ERT_HIP': [False], 'ERT_OCL': [False], 'ERT_SYCL': [False], 'ERT_WSS_MULT': [1.1]}
 