fp64
 8 134217728 1304775.0 1336661.1 1339313.03 1.6034217542108136 1.606602936226692 1.6458651093100343 0.8017108771054068 0.803301468113346 0.8229325546550171
 16 67108864 674077.988 674180.984 721133.947 2.9779261632790672 3.185322189390023 3.1858088918933816 1.4889630816395336 1.5926610946950115 1.5929044459466908
 24 33554432 337198.973 337225.914 337280.989 4.775284669246508 4.77606455831268 4.7764461489033065 2.387642334623254 2.38803227915634 2.3882230744516533
 32 33554432 341098.07 341104.984 341175.079 6.294374296898748 6.295667752541546 6.295795364658615 3.147187148449374 3.147833876270773 3.1478976823293077
 40 16777216 170078.039 170104.027 170104.027 7.890332190665893 7.890332190665893 7.891537836933786 3.9451660953329464 3.9451660953329464 3.945768918466893
 48 16777216 170479.774 170480.013 170500.04 9.446406792631837 9.44751650153851 9.447529746255999 4.723203396315919 4.723758250769255 4.723764873127999
 56 16777216 170783.043 170826.912 170831.203 10.999443655501272 10.999719950449025 11.002545445919944 5.499721827750636 5.4998599752245125 5.501272722959972
 64 16777216 171741.009 171744.108 171813.011 12.498958230817573 12.503972759286741 12.504198388632968 6.2494791154087865 6.251986379643371 6.252099194316484
 72 8388608 86177.111 86180.21 86205.959 14.012483197362261 14.016669859588411 14.017173910599068 7.006241598681131 7.008334929794206 7.008586955299534
 80 8388608 86909.056 86973.906 87168.932 15.397427147552984 15.431953579272385 15.443468630012505 7.698713573776492 7.715976789636192 7.721734315006253
 88 8388608 87579.012 87690.115 87918.043 16.792855682649805 16.836504411015994 16.8578632515288 8.396427841324902 8.418252205507997 8.4289316257644
 96 8388608 87587.118 87629.795 87646.961 18.3761389741739 18.37973871786417 18.388694282645535 9.18806948708695 9.189869358932086 9.194347141322767
 104 8388608 88111.162 88140.011 88152.885 19.793231543131007 19.796122603161464 19.802604169492174 9.896615771565504 9.898061301580732 9.901302084746087
 112 8388608 88653.803 88686.943 88706.97 21.182644295031157 21.187427691582513 21.19534784085912 10.591322147515578 10.593713845791257 10.59767392042956
 120 8388608 89323.997 89346.886 89364.052 22.528811920927666 22.533140326793255 22.538914374823594 11.264405960463833 11.266570163396628 11.269457187411797
 128 8388608 90583.086 90612.888 90666.056 23.685640941522816 23.699538723453998 23.70733591478657 11.842820470761408 11.849769361726999 11.853667957393284
 136 4194304 45580.149 45608.044 45614.004 25.01097443671027 25.014242838390526 25.029551526915807 12.505487218355135 12.507121419195263 12.514775763457903
 144 4194304 46032.906 46052.933 46074.867 26.217320431983016 26.229807165593556 26.241218662145723 13.108660215991508 13.114903582796778 13.120609331072862
 152 4194304 47032.118 47038.078 47049.999 27.10028571945347 27.1071538254603 27.11058889586899 13.550142859726735 13.55357691273015 13.555294447934495
 160 4194304 47464.848 47494.888 47508.001 28.251605029645432 28.2594050963969 28.2772901748258 14.125802514822716 14.12970254819845 14.1386450874129
 176 4194304 49019.098 49041.033 49053.192 30.0978376289967 30.105299943416767 30.11877142251781 15.04891881449835 15.052649971708384 15.059385711258905
 192 4194304 51321.983 51331.997 51337.004 31.373329382447018 31.376389584063908 31.3825117786271 15.686664691223509 15.688194792031954 15.69125588931355
 208 4194304 54606.915 55094.957 55565.119 31.401542827614573 31.66951312803457 31.95255516631914 15.700771413807287 15.834756564017285 15.97627758315957
 224 4194304 57810.068 57821.989 57872.057 32.46900644986578 32.4971213287042 32.50382255215476 16.23450322493289 16.2485606643521 16.25191127607738
 240 4194304 61661.959 61681.032 61688.9 32.635788934476054 32.639951938547334 32.65004798177106 16.317894467238027 16.319975969273667 16.32502399088553
 264 2097152 33419.847 33444.881 33484.221 33.069195666818715 33.108093761792716 33.132894234973605 16.534597833409357 16.554046880896358 16.566447117486803
 288 2097152 36523.819 36527.157 36550.045 33.049468256468636 33.0701771287593 33.073199492090346 16.524734128234318 16.53508856437965 16.536599746045173
 312 2097152 39180.994 39187.193 39198.16 33.38480296013894 33.39414609257672 33.39942952953159 16.69240148006947 16.69707304628836 16.699714764765794
 336 2097152 41876.793 41905.88 41938.066 33.60398507646967 33.62979476865776 33.653153525868134 16.801992538234835 16.81489738432888 16.826576762934067
 368 2097152 45771.122 45772.076 45791.864 33.70694567052348 33.72151772185295 33.72222057392432 16.85347283526174 16.860758860926474 16.86111028696216
 400 2097152 47662.973 47682.047 47902.822 35.02343974640993 35.185603503977084 35.19968424965853 17.511719873204964 17.592801751988542 17.599842124829266
 440 2097152 53429.842 53557.158 53931.952 34.2189312932712 34.45839601869838 34.54050565973974 17.1094656466356 17.22919800934919 17.27025282986987
 480 2097152 57356.119 57549.0 57572.842 34.96902098388681 34.9835083146536 35.10115320041093 17.484510491943404 17.4917541573268 17.550576600205464
 528 1048576 30933.857 31027.079 31324.863 35.34879804582066 35.68805996851975 35.795609192865925 17.67439902291033 17.844029984259876 17.897804596432962
 576 1048576 34774.065 34796.0 34818.888 34.69265164355622 34.71547166340959 34.737369703541994 17.34632582177811 17.357735831704794 17.368684851770997
 632 1048576 37863.016 37930.965 38048.983 34.834047049299585 34.942429331813734 35.00513704455028 17.417023524649792 17.471214665906867 17.50256852227514
 688 1048576 40470.123 40494.919 40511.847 35.61527510705695 35.630163280484645 35.65199384246991 17.807637553528476 17.815081640242322 17.825996921234957
 752 1048576 44482.946 44764.996 45145.035 34.93315054468337 35.229720650483245 35.453099351828 17.466575272341686 17.614860325241622 17.726549675914
 824 1048576 48291.922 48341.036 48464.06 35.656386361357264 35.747128960992896 35.783484616743976 17.828193180678632 17.873564480496448 17.891742308371988
 904 1048576 52679.062 52690.029 52824.974 35.88880910760126 35.98072432262279 35.98821497618921 17.94440455380063 17.990362161311396 17.994107488094606
 992 1048576 57853.222 57897.806 58589.935 35.50737484177103 35.93184142418109 35.95953193410732 17.753687420885516 17.965920712090544 17.97976596705366
 1088 524288 31679.153 31759.024 31808.853 35.865822888992575 35.92209533894996 36.012663848683076 17.932911444496288 17.96104766947498 18.006331924341538
 1192 524288 34845.114 34971.952 35072.088 35.63810036060585 35.740143758632634 35.87023971280449 17.819050180302924 17.870071879316317 17.935119856402245
 1304 524288 37981.033 37987.947 37992.954 35.98938645307759 35.99413003287595 36.000682340577725 17.994693226538796 17.997065016437976 18.000341170288863
 1432 524288 41650.057 41653.872 41728.973 35.9836517423997 36.048529462038964 36.05183138164733 17.99182587119985 18.024264731019482 18.025915690823666
 1568 524288 45432.806 45575.857 45601.13 36.05540406564487 36.075397726476105 36.18898572982704 18.027702032822436 18.037698863238052 18.09449286491352
 1720 524288 50053.835 50057.173 50073.862 36.01780745411648 36.029815746886065 36.03221851032993 18.00890372705824 18.014907873443033 18.016109255164967
 1888 524288 54572.105 54629.087 54668.903 36.21275312584926 36.239146519142814 36.27698598029158 18.10637656292463 18.119573259571407 18.13849299014579
 2072 262144 30053.854 30062.914 30072.927 36.12301310078663 36.13504452695437 36.145937755603654 18.061506550393315 18.067522263477183 18.072968877801827
 2272 262144 32819.986 32867.908 32881.975 36.225997252294 36.241501467023696 36.29441938214112 18.112998626147 18.120750733511848 18.14720969107056
 2496 262144 36031.961 36037.922 36047.935 36.302297149614816 36.312383605247824 36.31839099737036 18.151148574807408 18.156191802623912 18.15919549868518
 2744 262144 39597.988 39652.824 39759.874 36.1833710036405 36.28105458516649 36.331297236617175 18.09168550182025 18.140527292583243 18.165648618308587
 3016 262144 43514.967 43520.927 43643.951 36.230739238067606 36.33315549551598 36.33813184323454 18.115369619033803 18.16657774775799 18.16906592161727
 3312 262144 47708.988 47714.949 47719.955 36.388170441485116 36.3919880958062 36.39653509313591 18.194085220742558 18.1959940479031 18.198267546567955
 3640 262144 52409.172 52486.181 52537.203 36.32489380905945 36.36020536529415 36.41363233137894 18.162446904529727 18.180102682647075 18.20681616568947
 4000 262144 57518.959 57547.092 57549.0 36.441154494430826 36.442362717476676 36.460186979392304 18.220577247215413 18.221181358738338 18.230093489696152
 4400 131072 31664.133 31672.001 31674.147 36.41561681203286 36.41808422524362 36.42713350149205 18.20780840601643 18.20904211262181 18.213566750746025
 4840 131072 34780.025 34795.046 34915.209 36.338804673917316 36.46429896945674 36.48004738351971 18.169402336958658 18.23214948472837 18.240023691759855
 5320 131072 38217.068 38229.942 38249.016 36.46122765615721 36.479419194515124 36.49170784111434 18.230613828078607 18.239709597257562 18.24585392055717
 5848 131072 42011.976 42017.937 42116.165 36.39975558078471 36.484849601254815 36.49002636771953 18.199877790392357 18.242424800627408 18.245013183859765
 6432 131072 46154.976 46157.122 46190.023 36.503775025182385 36.52979507691143 36.53149354903792 18.251887512591193 18.264897538455713 18.26574677451896
 7072 131072 50748.11 50752.163 50804.853 36.49026143230844 36.52814497778154 36.53106229966003 18.24513071615422 18.26407248889077 18.265531149830014
 7776 131072 55764.198 55775.881 55791.14 36.53683620732611 36.546831846546716 36.55448867031137 18.268418103663056 18.273415923273358 18.277244335155686
 8552 65536 30658.007 30664.206 30680.895 36.535040584702635 36.554924787551975 36.56231613490075 18.267520292351318 18.277462393775988 18.281158067450374
 9400 65536 33684.969 33715.01 33718.109 36.54050706105731 36.54386577373104 36.57645640107314 18.270253530528656 18.27193288686552 18.28822820053657
 10336 65536 37050.962 37054.062 37077.904 36.53820863228946 36.56171871251255 36.56477777823961 18.26910431614473 18.280859356256276 18.282388889119805
 11368 65536 40746.927 40755.033 40760.04 36.556060690813844 36.560551821906266 36.56782500432487 18.278030345406922 18.280275910953133 18.283912502162433
 12504 65536 44809.103 44826.031 44826.984 36.561109888633155 36.56188717667196 36.5756995403367 18.280554944316577 18.28094358833598 18.28784977016835
 13752 65536 49257.04 49264.908 49269.915 36.584234902779926 36.58795311258878 36.59379743484383 18.292117451389963 18.29397655629439 18.296898717421914
 15120 65536 54117.918 54141.045 54166.079 36.58763337844705 36.60455094651387 36.62019370368239 18.293816689223526 18.302275473256934 18.310096851841195
 16632 32768 29940.128 29946.089 29947.996 36.39625008631629 36.39856783969353 36.405814697919794 18.198125043158146 18.199283919846764 18.202907348959897
 18288 32768 32896.996 32896.996 32911.062 36.417006780273454 36.43257785604497 36.43257785604497 18.208503390136727 18.216288928022486 18.216288928022486
 20112 32768 36141.157 36168.098 36175.966 36.434687936183934 36.4426139300994 36.46977964761892 18.217343968091967 18.2213069650497 18.23488982380946
 22120 32768 39765.835 39792.061 39803.982 36.41988180981491 36.43079256437609 36.454819067674556 18.209940904907455 18.215396282188046 18.227409533837278
 24328 32768 43671.846 43671.846 43700.933 36.483427207377936 36.50772646523804 36.50772646523804 18.241713603688968 18.25386323261902 18.25386323261902
 26760 32768 48033.953 48053.98 48086.166 36.47085026491819 36.495278018594924 36.510494149836056 18.235425132459095 18.247639009297462 18.255247074918028
 29432 32768 52820.921 52837.133 52849.054 36.497447087699996 36.50568156300229 36.51688602703463 18.248723543849998 18.252840781501146 18.258443013517315
 32368 32768 58090.925 58099.985 58102.846 36.50886994416762 36.51066773941508 36.51636203073027 18.25443497208381 18.25533386970754 18.258181015365135
 35600 16384 32130.003 32153.13 32206.059 36.221159502937006 36.280785105524714 36.30689981572675 18.110579751468503 18.140392552762357 18.153449907863376
 39160 16384 35468.102 35473.108 35542.011 36.1036093315035 36.173737017912266 36.178842611877 18.05180466575175 18.086868508956133 18.0894213059385
 43072 16384 39016.008 39024.115 39033.175 36.158557329758594 36.16695205003368 36.174467054651 18.079278664879297 18.08347602501684 18.0872335273255
 47376 16384 42890.072 42911.053 42949.915 36.144815839565695 36.17755005918872 36.1952474222939 18.072407919782847 18.08877502959436 18.09762371114695
 52112 16384 47155.857 47170.162 47189.951 36.185797607630484 36.200978406646136 36.211960181319576 18.092898803815242 18.100489203323068 18.105980090659788
 57320 16384 51871.061 51876.783 51877.975 36.205379257767866 36.20621116772025 36.21020514695082 18.102689628883933 18.103105583860124 18.10510257347541
 63048 16384 57039.022 57039.022 57060.957 36.20613765731268 36.220061136391855 36.220061136391855 18.10306882865634 18.110030568195928 18.110030568195928
 69352 8192 31345.129 31358.957 31368.017 36.2236212764103 36.23408673955578 36.250071518289175 18.11181063820515 18.11704336977789 18.125035759144588
 76280 8192 34471.989 34475.088 34482.956 36.243166624114245 36.25143813991134 36.254697110746925 18.121583312057123 18.12571906995567 18.127348555373462
 83904 8192 37893.057 37897.11 37919.044 36.2531063810575 36.27408886851794 36.277968705454406 18.12655319052875 18.13704443425897 18.138984352727203
 92288 8192 41667.938 41692.019 41708.946 36.25233282087732 36.26705130303236 36.288010988208725 18.12616641043866 18.13352565151618 18.144005494104363
 101512 8192 45826.912 45832.872 45851.946 36.27267222202521 36.28776760923906 36.292486999778646 18.136336111012604 18.14388380461953 18.146243499889323
 111656 8192 50392.151 50415.039 50426.006 36.278342250623616 36.286234034253155 36.30271515895402 18.139171125311808 18.143117017126578 18.15135757947701
 122816 8192 55428.982 55438.042 55438.995 36.29606460218119 36.29668854466397 36.30262132542864 18.148032301090595 18.148344272331986 18.15131066271432
 135096 4096 30464.888 30482.054 30488.968 36.2985861640184 36.30681948139059 36.3272772248498 18.1492930820092 18.153409740695295 18.1636386124249
 148600 4096 33524.036 33524.99 33525.944 36.31012448150602 36.311157736363235 36.31219105002751 18.15506224075301 18.155578868181617 18.156095525013754
 163456 4096 36885.023 36885.977 36994.934 36.19499772590485 36.30191365135862 36.302852569727285 18.097498862952424 18.15095682567931 18.151426284863643
 179800 4096 40555.0 40581.226 40596.962 36.281572005314096 36.29564074776844 36.319112316607075 18.140786002657048 18.14782037388422 18.159556158303538
 197776 4096 44616.938 44624.09 44633.865 36.29936578425374 36.30731723604896 36.31313722156371 18.14968289212687 18.15365861802448 18.156568610781854
 217552 4096 49060.822 49066.782 49114.943 36.28602366493635 36.321639841797655 36.32605226223075 18.143011832468176 18.160819920898827 18.163026131115377
 239304 4096 53971.052 53979.158 53994.894 36.306736114714845 36.31732025164231 36.32277480898463 18.153368057357422 18.158660125821154 18.161387404492316
 263232 2048 29678.106 29685.974 29701.948 36.30059119354731 36.320124514021344 36.32975338790151 18.150295596773656 18.160062257010672 18.164876693950756
 289552 2048 32648.087 32660.961 32678.127 36.293542527697504 36.312617745693395 36.326936766616676 18.146771263848752 18.156308872846697 18.163468383308338
 318504 2048 35930.872 35936.117 35948.038 36.291059445302686 36.30309818948998 36.30839752511433 18.145529722651343 18.15154909474499 18.154198762557165
 350352 2048 39527.893 39555.073 39960.146 35.91182554738413 36.27958901757052 36.304535432738604 17.955912773692067 18.13979450878526 18.152267716369302
 385384 2048 43477.058 43524.981 43971.062 35.89935726364762 36.267284390083944 36.307260348664805 17.94967863182381 18.133642195041972 18.153630174332402
 423920 2048 47938.824 48269.987 48470.974 35.82301275810963 35.97217293636313 36.22066991046756 17.911506379054813 17.986086468181565 18.11033495523378
 466312 2048 53171.873 53206.921 53259.134 35.86265507058376 35.89784780066488 35.92150970495246 17.93132753529188 17.94892390033244 17.96075485247623
 512936 2048 58386.087 58514.118 58571.815 35.870253568205115 35.905622913089104 35.984357985833164 17.935126784102557 17.952811456544552 17.992178992916582
 564224 1024 32072.067 32165.051 32227.039 35.85593923164955 35.9250402556489 36.029194875403576 17.927969615824775 17.96252012782445 18.014597437701788
 620640 1024 35288.095 35339.832 35479.069 35.82593218553733 35.967084393610016 36.019816881585704 17.912966092768666 17.983542196805008 18.009908440792852
 682704 1024 38794.041 38913.965 38962.126 35.88556209689379 35.92997506165204 36.04104537601536 17.942781048446896 17.96498753082602 18.02052268800768
 750968 1024 42788.029 42792.082 42979.002 35.78450853744812 35.94081877109882 35.94422318447993 17.89225426872406 17.97040938554941 17.972111592239965
 826064 1024 47096.014 47096.014 47173.977 35.86254921860839 35.921916279369206 35.921916279369206 17.931274609304197 17.960958139684603 17.960958139684603
 908664 1024 51728.964 51749.945 51838.875 35.89861608686531 35.960306276654016 35.97489159071502 17.949308043432655 17.980153138327008 17.98744579535751
 999528 1024 56957.006 56960.106 57011.843 35.90540554880852 35.93801851422116 35.93997451340753 17.95270277440426 17.96900925711058 17.969987256703764
 1099480 512 31178.951 31302.929 31304.121 35.96547304426788 35.96684259163096 36.109858859587675 17.98273652213394 17.98342129581548 18.054929429793837
 1209424 512 34331.083 34406.185 34437.895 35.961843080130194 35.99498683158275 36.073728754784696 17.980921540065097 17.997493415791375 18.036864377392348
 1330360 512 37862.062 37910.938 37934.065 35.91201312066081 35.93392070647263 35.980307675794315 17.956006560330405 17.966960353236313 17.990153837897157
 1463392 512 41590.929 41702.032 41753.054 35.88991138229074 35.93382231350261 36.02981332780521 17.94495569114537 17.966911156751305 18.014906663902604
 1609728 512 45810.938 45845.032 45858.86 35.944231321929934 35.955072994604954 35.98183193716749 17.972115660964967 17.977536497302477 17.990915968583746
 1770696 512 50230.026 50457.954 50504.923 35.90130617563757 35.934725058412 36.09778549587054 17.950653087818786 17.967362529206 18.04889274793527
 1947760 512 55344.82 55507.898 55519.104 35.92468351074254 35.93193602827475 36.03781239147584 17.96234175537127 17.965968014137374 18.01890619573792
 2142536 256 30470.133 30480.146 30503.988 35.96180381397999 35.989933644018635 36.001760543677314 17.980901906989995 17.994966822009317 18.000880271838657
 2356784 256 33541.918 33544.064 33555.984 35.96000665633885 35.97278516997821 35.97508669599633 17.980003328169424 17.986392584989105 17.987543347998166
 2592456 256 36849.976 36905.05 36916.971 35.954668978665666 35.96628298837151 36.020036268137595 17.977334489332833 17.983141494185755 18.010018134068797
 2851696 256 40556.908 40599.823 40617.943 35.9463883239976 35.96243146183175 36.00048484958469 17.9731941619988 17.981215730915874 18.000242424792344
 3136864 256 44641.972 44644.117 44674.158 35.95085928648056 35.975050598492075 35.9767791619958 17.97542964324028 17.987525299246037 17.9883895809979
 3450544 256 49114.943 49160.004 49218.178 35.89483804134318 35.93731456978726 35.97028562162843 17.94741902067159 17.96865728489363 17.985142810814214
 3795592 256 53970.098 54014.921 54110.05 35.91464254791855 35.97789403413179 36.007774230834265 17.957321273959273 17.988947017065897 18.003887115417132
 4175144 256 59277.058 59328.794 59429.169 35.97010969478641 36.030965470156026 36.062412679117784 17.985054847393204 18.015482735078013 18.031206339558892
 4592656 128 32556.057 32619.953 32675.028 35.98221663344864 36.04296842487786 36.11370799602667 17.99110831672432 18.02148421243893 18.056853998013334
 5051920 128 35890.102 35938.025 35950.899 35.97382975040485 35.98671657666218 36.03476858327123 17.986914875202427 17.99335828833109 18.017384291635615
 5557112 128 39401.054 39540.052 39556.026 35.9647016108241 35.97923118563425 36.106157769282014 17.98235080541205 17.989615592817124 18.053078884641007
 6112816 128 43313.98 43337.822 43495.893 35.977670259580606 36.10889573546174 36.12877172681892 17.988835129790303 18.05444786773087 18.06438586340946
 6724096 128 47775.03 47837.019 47955.99 35.89475633805078 35.984026847492316 36.03071679913126 17.94737816902539 17.992013423746158 18.01535839956563
 7396504 128 52555.799 52652.121 52700.996 35.9292075618457 35.962559305065795 36.02846993154837 17.96460378092285 17.981279652532898 18.014234965774186
 8136152 128 57674.885 57698.965 57868.004 35.99320467317311 36.09865293077615 36.11372457873128 17.996602336586555 18.049326465388074 18.05686228936564
 8949760 64 31720.161 31727.076 31850.1 35.96752537668641 36.10699202157804 36.11486335141868 17.983762688343205 18.05349601078902 18.05743167570934
 9844736 64 35014.153 35015.821 35025.12 35.9777841731877 35.98733863758328 35.98905299808337 17.98889208659385 17.99366931879164 17.994526499041687
 10829208 64 38387.06 38535.118 38537.979 35.968119241540926 35.97078965737175 36.10952815870765 17.984059620770463 17.985394828685877 18.054764079353824
 11912128 64 42212.009 42214.87 42347.908 36.00537679452784 36.118845894823316 36.12129391898879 18.00268839726392 18.059422947411658 18.060646959494395
 13103336 64 46451.092 46622.992 46632.051 35.96725797027457 35.97424652626327 36.10737521520485 17.983628985137283 17.987123263131636 18.053687607602424
 14413664 64 51103.83 51255.941 51315.069 35.95335693692626 35.9948321307768 36.10197106557375 17.97667846846313 17.9974160653884 18.050985532786875
 15855024 64 56161.88 56375.98 56406.975 35.97858371238663 35.99836440980715 36.1355971701802 17.989291856193315 17.999182204903576 18.0677985850901
 17440520 32 30896.187 31006.813 31025.887 35.976192397013506 35.99832333622937 36.12721789908897 17.988096198506753 17.999161668114684 18.063608949544484
 19184568 32 34095.049 34122.944 34152.031 35.951371442594436 35.982017026432416 36.01145585683129 17.975685721297218 17.991008513216208 18.005727928415645
 21103024 32 37504.911 37537.098 37570.953 35.94781149149983 35.980233101663856 36.01111161149003 17.973905745749914 17.990116550831928 18.005555805745015
 23213320 32 41296.005 41311.026 41358.948 35.92094460429699 35.96261395202336 35.97569498550768 17.960472302148496 17.98130697601168 17.98784749275384
 25534648 32 45421.124 45433.044 45501.947 35.91533065607061 35.969799250078864 35.97923891095253 17.957665328035304 17.984899625039432 17.989619455476266
 28088112 32 49896.955 49963.951 50112.963 35.8717397732 35.97872329992478 36.02703146915478 17.9358698866 17.98936164996239 18.01351573457739
 30896920 32 55104.017 55352.926 55376.053 35.70862805985829 35.72354747786956 35.88491343562122 17.854314029929146 17.86177373893478 17.94245671781061
 33986608 16 30947.924 31003.952 31027.079 35.052331416695715 35.07847825335299 35.14198419254229 17.526165708347857 17.539239126676495 17.570992096271144
 37385264 16 35144.091 35160.065 35253.048 33.93546135358282 34.02520581233282 34.04067124683919 16.96773067679141 17.01260290616641 17.020335623419594
 41123784 16 39129.019 39171.934 39210.796 33.561192891876 33.59448854376197 33.63133351234796 16.780596445938 16.797244271880984 16.81566675617398
 45236160 16 43102.026 43119.192 43559.074 33.23204529095361 33.57106320545153 33.58443336283079 16.616022645476804 16.785531602725765 16.792216681415393
 49759776 16 47345.877 47772.169 48681.021 32.7091092029479 33.33139075179944 33.631499359490164 16.35455460147395 16.66569537589972 16.815749679745082
 54735752 16 52208.9 52244.186 54010.153 32.42990376272402 33.52610497175704 33.5487639846846 16.21495188136201 16.76305248587852 16.7743819923423
 60209320 16 57593.107 57900.19 58018.923 33.20810074326957 33.27619892093618 33.45362562224677 16.604050371634784 16.63809946046809 16.726812811123384
 66230248 16 63497.066 63653.946 63727.14 33.25691276903373 33.29515401920252 33.37741520214493 16.628456384516866 16.64757700960126 16.688707601072466
 72853272 8 34927.13 35135.031 38115.025 30.582489503811157 33.17635757885057 33.37383724342653 15.291244751905579 16.588178789425285 16.686918621713264
 80138592 8 38426.876 38659.811 40882.826 31.363229929359576 33.166677198706424 33.367726067557506 15.681614964679788 16.583338599353212 16.683863033778753
 88152448 8 42348.862 42588.949 45779.943 30.80910712361525 33.117491769989435 33.305243668649226 15.404553561807624 16.558745884994718 16.652621834324613
 96967688 8 46669.96 46815.157 50383.091 30.793724188140818 33.14061315654671 33.243718400444315 15.396862094070409 16.570306578273357 16.621859200222158
 106664456 8 51352.978 51572.8 55376.053 30.818940743212593 33.09169360593181 33.23334619464523 15.409470371606297 16.545846802965904 16.616673097322614
 117330896 8 56581.02 56959.152 61298.847 30.625279721819236 32.958607529831205 33.17887051170163 15.312639860909618 16.479303764915603 16.589435255850816
 129063984 8 62214.851 62488.079 67718.983 30.49401589507037 33.04668309614703 33.19181370377307 15.247007947535185 16.523341548073514 16.595906851886536
 141970376 4 34254.074 34364.939 37385.941 30.379414764496634 33.05005162383673 33.15701974603079 15.189707382248317 16.525025811918365 16.578509873015395
 156167408 4 37533.045 37837.982 41008.949 30.46503981362702 33.01812617808211 33.28638174707115 15.23251990681351 16.509063089041057 16.643190873535573
 171784144 4 41396.856 41601.896 44682.026 30.756733188418984 33.03390672386662 33.197524758885066 15.378366594209492 16.51695336193331 16.598762379442533
 188962552 4 45455.933 45954.943 49777.985 30.368855147511493 32.89527344207565 33.256393967317756 15.184427573755746 16.447636721037824 16.628196983658878
 207858800 4 50035.0 50220.013 53591.013 31.028904044041862 33.11170787630023 33.23414409913061 15.514452022020931 16.555853938150115 16.617072049565305
 228644680 4 54988.861 55414.915 59504.032 30.740058757698975 33.008395663874964 33.2641448965455 15.370029378849488 16.504197831937482 16.63207244827275
 251509144 4 60429.096 60842.991 66251.04 30.37043874330124 33.069925046912964 33.296429786075244 15.18521937165062 16.534962523456482 16.648214893037622
 276660056 2 33217.907 33423.901 34401.894 32.16800284309927 33.10924790017778 33.31456807317812 16.084001421549637 16.55462395008889 16.65728403658906
 304326056 2 36525.011 36708.832 36870.956 33.01526068377506 33.161072082053714 33.32796324140738 16.50763034188753 16.580536041026857 16.66398162070369
 334758656 2 40150.881 40456.057 40515.184 33.05019234270292 33.09849558497507 33.3500683085883 16.52509617135146 16.549247792487535 16.67503415429415
 368234520 2 44530.869 44534.922 44627.905 33.004867246177035 33.0737770237927 33.07678725065976 16.502433623088518 16.53688851189635 16.53839362532988
 405057968 2 48713.923 48943.996 49031.019 33.0450377137787 33.10379217912653 33.26013944719664 16.52251885688935 16.551896089563265 16.63006972359832
 445563760 2 53576.946 53725.004 53848.982 33.097283807519325 33.17366044309647 33.26533468331696 16.548641903759663 16.586830221548237 16.63266734165848
 490120136 2 58970.928 59221.029 59285.164 33.06865346615218 33.104466050395715 33.24486506300189 16.53432673307609 16.552233025197857 16.622432531500944
 539132144 1 32391.071 32552.004 32631.874 33.04328424411053 33.1243596553994 33.288935953985586 16.521642122055265 16.5621798276997 16.644467976992793
 593045352 1 35636.902 35867.929 35868.168 33.06805923291092 33.068279576442784 33.28265470438479 16.53402961645546 16.534139788221392 16.641327352192395
 652349880 1 39285.183 39419.174 39449.215 33.072895366865986 33.098099924671175 33.210988478786014 16.536447683432993 16.549049962335587 16.605494239393007
 717584864 1 43178.082 43339.968 43367.147 33.093478065319815 33.11423137183673 33.23838534560196 16.546739032659907 16.557115685918365 16.61919267280098
 789343344 1 47425.985 47583.103 47599.077 33.16632984290851 33.17746402541255 33.287377963789254 16.583164921454255 16.588732012706274 16.643688981894627
 868277672 1 52285.194 52409.887 52459.002 33.10309532766178 33.13411730881999 33.213137623626295 16.55154766383089 16.567058654409994 16.606568811813148
 955105432 1 57471.037 57620.049 57731.867 33.08763362875481 33.151843796592395 33.237800528986455 16.543816814377404 16.575921898296198 16.618900264493227
 1050615968 1 63170.91 63392.162 63408.136 33.13820699602335 33.1465573930102 33.26265105251769 16.569103498011675 16.5732786965051 16.631325526258845
 
META_DATA
 FLOPS          8
 MPI_PROCS      1
 OPENMP_THREADS 1
 ERT_VERSION  1.1.0
 HOSTNAME  ('c3cpu-c11-u13-2.rc.int.colorado.edu', [], ['10.225.64.253'])
 UNAME  uname_result(system='Linux', node='c3cpu-c11-u13-2.rc.int.colorado.edu', release='4.18.0-305.34.2.el8_4.x86_64', version='#1 SMP Mon Jan 17 09:42:23 EST 2022', machine='x86_64', processor='x86_64')
 TIMESTAMP_DATA  1728533623.417001
 CONFIG  {'nux': ['workstation,', 'MPI', 'and', 'OpenMP', '(8-core', 'Intel', 'Xeon', 'CPU', 'E5530,', '2.40', 'GHz)'], 'ERT_RESULTS': ['Results.alpine'], 'ERT_DRIVER': ['driver1'], 'ERT_KERNEL': ['kernel1'], 'ERT_MPI': ['True'], 'ERT_MPI_CFLAGS': ['-I/usr/include/mpi'], 'ERT_MPI_LDFLAGS': ['-lmpi'], 'ERT_OPENMP': ['True'], 'ERT_OPENMP_CFLAGS': ['-qopenmp'], 'ERT_OPENMP_LDFLAGS': ['-qopenmp'], 'ERT_FLOPS': ['1,2,4,8,16'], 'ERT_ALIGN': ['32'], 'ERT_CC': ['icpc'], 'ERT_CFLAGS': ['-O3', '-fno-alias', '-fno-fnalias', '-DERT_INTEL'], 'ERT_LD': ['icpc'], 'ERT_LDFLAGS': [], 'ERT_LDLIBS': [], 'ERT_PRECISION': ['FP64'], 'ERT_RUN': ['export', 'OMP_NUM_THREADS=ERT_OPENMP_THREADS;', 'mpirun', '-np', 'ERT_MPI_PROCS', 'ERT_CODE'], 'ERT_PROCS_THREADS': ['1-8'], 'ERT_MPI_PROCS': ['1,2,4,8'], 'ERT_OPENMP_THREADS': ['1,2,4,8'], 'ERT_NUM_EXPERIMENTS': ['3'], 'ERT_MEMORY_MAX': ['1073741824'], 'ERT_WORKING_SET_MIN': ['1'], 'ERT_TRIALS_MIN': ['1'], 'ERT_GNUPLOT': ['gnuplot'], 'ERT_GPU': [False], 'ERT_HIP': [False], 'ERT_OCL': [False], 'ERT_SYCL': [False], 'ERT_WSS_MULT': [1.1]}
 HOSTNAME  ('c3cpu-a7-u1-3.rc.int.colorado.edu', [], ['10.225.64.156'])
 UNAME  uname_result(system='Linux', node='c3cpu-a7-u1-3.rc.int.colorado.edu', release='4.18.0-305.34.2.el8_4.x86_64', version='#1 SMP Mon Jan 17 09:42:23 EST 2022', machine='x86_64', processor='x86_64')
 TIMESTAMP_DATA  1728533636.8004944
 TIMESTAMP_DATA  1728533651.1583478
 TIMESTAMP_DATA  1728533669.0286999
 TIMESTAMP_DATA  1728533678.9324224
 TIMESTAMP_DATA  1728533701.234528
 