fp64
 64 16777216 97982.168 97991.943 98001.957 21.912660866558003 21.91490016684331 21.917086464141107 5.478165216639501 5.4787250417108275 5.479271616035277
 128 8388608 51680.088 51692.009 51699.877 41.53750013757286 41.54382252777214 41.55340540441804 10.384375034393216 10.385955631943036 10.38835135110451
 192 4194304 25851.965 25857.21 25858.879 62.28470832010931 62.28872859832906 62.30136610505236 15.571177080027327 15.572182149582265 15.57534152626309
 256 4194304 25899.887 25900.126 25902.987 82.90486529603709 82.91402319818832 82.91478831548571 20.726216324009272 20.72850579954708 20.728697078871427
 320 2097152 12979.031 12997.15 12998.104 103.25946614983232 103.26704546766022 103.41120843304866 25.81486653745808 25.816761366915056 25.852802108262164
 384 2097152 13045.073 13046.98 13047.934 123.43814246761212 123.44716831021432 123.46521449132557 30.85953561690303 30.86179207755358 30.866303622831392
 448 2097152 13046.026 13053.894 13054.848 143.93489621633282 143.94541521480105 144.03222805166874 35.983724054083204 35.98635380370026 36.008057012917185
 512 2097152 13108.969 13118.029 13123.989 163.63040596879503 163.70474924243575 163.8178904839885 40.90760149219876 40.92618731060894 40.95447262099712
 576 1048576 6478.071 6479.025 6479.979 186.41411523092899 186.44156366119904 186.46902017591347 46.603528807732246 46.61039091529976 46.61725504397837
 640 1048576 7758.856 8080.006 8969.784 149.63317734295498 166.11092615525286 172.98649182302134 37.408294335738745 41.527731538813214 43.246622955755335
 704 1048576 7395.029 7988.93 9291.172 158.90298963360055 184.80510005720416 199.6469531086355 39.72574740840014 46.20127501430104 49.911738277158875
 768 1048576 6674.051 6675.005 6676.912 241.22120165729308 241.29011678642937 241.3246071988362 60.30530041432327 60.32252919660734 60.33115179970905
 832 1048576 6548.882 6549.12 6560.087 265.97672622329554 266.42212449916934 266.4318068335939 66.49418155582389 66.60553112479234 66.60795170839847
 896 1048576 6765.842 6767.988 6806.135 276.08153408652635 277.6376364733507 277.7256979988596 69.02038352163159 69.40940911833768 69.4314244997149
 960 1048576 6808.996 6812.096 6812.096 295.54279916196134 295.54279916196134 295.67735390063376 73.88569979049034 73.88569979049034 73.91933847515844
 1024 1048576 6998.062 7008.076 7013.798 306.1798540533959 306.42984579505134 306.868336976723 76.54496351334897 76.60746144876283 76.71708424418075
 1088 524288 3504.038 3504.992 3506.184 325.38243514886835 325.4930932795282 325.581711157242 81.34560878721709 81.37327331988205 81.3954277893105
 1152 524288 3525.019 3525.019 3529.072 342.28815733994657 342.6817137723229 342.6817137723229 85.57203933498664 85.67042844308072 85.67042844308072
 1216 524288 3546.0 3548.861 3551.006 359.07244763878185 359.2894779479952 359.579361534123 89.76811190969546 89.8223694869988 89.89484038353075
 1280 524288 3554.106 3555.059 3560.066 377.00910039308263 377.5400858326121 377.64131964550296 94.25227509827066 94.38502145815302 94.41032991137574
 1408 524288 3614.187 3616.095 3618.956 407.96158008000094 408.2843531489079 408.4998944437573 101.99039502000024 102.07108828722697 102.12497361093932
 1536 524288 3916.979 3918.886 3925.085 410.3383075780524 410.9873918251258 411.18748300667426 102.5845768945131 102.74684795628146 102.79687075166856
 1664 524288 4684.925 4704.952 5118.132 340.9115794590683 370.84979060360234 372.4350899961045 85.22789486476708 92.71244765090059 93.10877249902613
 1792 524288 4593.849 4599.094 4600.048 408.4844749446093 408.56920776135473 409.03568924446574 102.12111873615233 102.14230194033868 102.25892231111644
 1920 524288 4936.934 4937.887 4939.079 407.61970399744564 407.7181029051495 407.79680668204185 101.90492599936141 101.92952572628738 101.94920167051046
 2112 262144 2467.871 2468.109 2470.97 448.12209618085205 448.6415535132362 448.68482023574165 112.03052404521301 112.16038837830905 112.17120505893541
 2304 262144 2552.032 2552.986 2556.801 472.44957742116026 473.155572337647 473.3324472420408 118.11239435529006 118.28889308441175 118.3331118105102
 2496 262144 2891.064 2894.878 2895.117 452.01034984078365 452.04766763918894 452.6440258672931 113.00258746019591 113.01191690979724 113.16100646682328
 2688 262144 3064.156 3065.109 3065.109 459.78336953106725 459.78336953106725 459.9263692840704 114.94584238276681 114.94584238276681 114.9815923210176
 2944 262144 3404.856 3406.048 3406.048 453.1656253816741 453.1656253816741 453.3242733319705 113.29140634541852 113.29140634541852 113.33106833299263
 3200 262144 4235.983 4298.925 4849.195 345.979404829049 390.26538029856295 396.0642901541389 86.49485120726224 97.56634507464074 99.01607253853473
 3520 262144 3915.071 3916.025 3916.979 471.15232427848093 471.2671037595521 471.3819391781145 117.78808106962023 117.81677593988803 117.84548479452863
 3840 262144 4256.01 4256.01 4258.156 472.8022928234663 473.04069304348434 473.04069304348434 118.20057320586658 118.26017326087108 118.26017326087108
 4224 131072 2212.048 2213.001 2216.101 499.6596526963346 500.3595823047526 500.5751484597079 124.91491317408365 125.08989557618816 125.14378711492698
 4608 131072 2424.955 2429.008 2469.063 489.23804374371974 497.30571163207367 498.1368940866944 122.30951093592994 124.32642790801842 124.5342235216736
 5056 131072 2764.94 2766.132 2768.04 478.822583488678 479.15286183016576 479.35943058438886 119.7056458721695 119.78821545754144 119.83985764609722
 5504 131072 2850.056 2851.009 2851.963 505.91139366113794 506.0806809098113 506.24990386153814 126.47784841528448 126.52017022745282 126.56247596538454
 6016 131072 3191.948 3191.948 3194.094 493.7419825465374 494.07393353525805 494.07393353525805 123.43549563663434 123.51848338381451 123.51848338381451
 6592 131072 3406.048 3406.048 3408.909 506.92266880694086 507.3484718947003 507.3484718947003 126.73066720173522 126.83711797367508 126.83711797367508
 7232 131072 3659.964 3663.063 3664.017 517.4171975730462 517.5519525599204 517.9901791383741 129.35429939326156 129.3879881399801 129.49754478459352
 7936 131072 4083.157 4086.018 4091.024 508.52177449948965 509.1447918242161 509.5015410869579 127.13044362487241 127.28619795605402 127.37538527173948
 8704 65536 2191.067 2191.782 2192.974 520.2299197345704 520.5128466243449 520.6827029935642 130.0574799336426 130.12821165608622 130.17067574839106
 9536 65536 2403.975 2403.975 2441.168 512.0100673120407 519.9316099377073 519.9316099377073 128.0025168280102 129.98290248442683 129.98290248442683
 10432 65536 2598.047 2600.193 2601.862 525.5248372127346 525.8621586936046 526.2965235040012 131.38120930318365 131.46553967340114 131.5741308760003
 11456 65536 2850.771 2852.917 2853.87 526.1489948736278 526.3247518241856 526.7209579443596 131.53724871840694 131.5811879560464 131.6802394860899
 12544 65536 3089.905 3089.905 3098.965 530.5536422644335 532.1092939750575 532.1092939750575 132.63841056610838 133.02732349376438 133.02732349376438
 13760 65536 3423.929 3425.121 3426.075 526.4189254467576 526.5655490711131 526.7488665798853 131.6047313616894 131.64138726777827 131.68721664497133
 15104 65536 3746.033 3746.033 3747.94 528.2132286002444 528.4821270928473 528.4821270928473 132.0533071500611 132.12053177321184 132.12053177321184
 16576 32768 2032.042 2033.949 2042.055 531.9762376625506 534.0963495151549 534.5975801681265 132.99405941563765 133.52408737878872 133.6493950420316
 18176 32768 2245.188 2248.049 2255.917 528.0257810903504 529.8738310419391 530.5490391005119 132.0064452725876 132.46845776048477 132.63725977512797
 19968 32768 2449.036 2449.989 2454.042 533.2520176916287 534.1341728473067 534.3420219220951 133.31300442290717 133.53354321182667 133.58550548052378
 21952 32768 2696.991 2701.044 2701.044 532.6260038710958 532.6260038710958 533.4264267103598 133.15650096777395 133.15650096777395 133.35660667758995
 24128 32768 2957.106 2959.013 2959.967 534.2129179142876 534.3851507242449 534.7297689024336 133.5532294785719 133.59628768106123 133.6824422256084
 26496 32768 3246.069 3247.023 3262.997 532.1616464863437 534.7796600147274 534.9368285147358 133.04041162158592 133.69491500368184 133.73420712868395
 29120 32768 3543.854 3543.854 3544.092 538.4759537844955 538.5121170341667 538.5121170341667 134.61898844612386 134.6280292585417 134.6280292585417
 32000 32768 3871.918 3872.156 3874.063 541.3314135572911 541.598014129596 541.6313052084264 135.33285338932276 135.399503532399 135.4078263021066
 35200 16384 2128.124 2140.999 2145.052 537.7182464574286 538.736169423713 541.995485225485 134.42956161435714 134.68404235592826 135.49887130637126
 38720 16384 2361.059 2367.973 2369.165 535.5376092420748 535.8071903691471 537.3762197386851 133.8844023105187 133.95179759228677 134.34405493467128
 42560 16384 2583.027 2591.133 2593.04 537.8266744824607 538.2224995783698 539.9115378972035 134.45666862061518 134.55562489459246 134.97788447430088
 46784 16384 2834.082 2835.989 2838.85 540.0137774098666 540.5585536474224 540.9222852408645 135.00344435246666 135.1396384118556 135.23057131021613
 51456 16384 3098.011 3098.011 3100.872 543.7535660936667 544.2557202024138 544.2557202024138 135.93839152341667 136.06393005060346 136.06393005060346
 56576 16384 3403.187 3403.902 3404.856 544.4818717737255 544.6344718502472 544.74889801824 136.12046794343138 136.1586179625618 136.18722450456
 62208 16384 3751.04 3751.04 3754.854 542.8790956985279 543.4310868452483 543.4310868452483 135.71977392463197 135.85777171131207 135.85777171131207
 68416 8192 2064.943 2066.851 2068.996 541.7737607999243 542.3360193840775 542.837135940314 135.44344019998107 135.58400484601938 135.7092839850785
 75200 8192 2264.023 2270.937 2271.891 542.3133416171814 542.5411625245439 544.1980050556024 135.57833540429536 135.63529063113597 136.0495012639006
 82688 8192 2488.852 2492.905 2492.905 543.4463776196847 543.4463776196847 544.3313591969311 135.86159440492116 135.86159440492116 136.08283979923277
 90944 8192 2738.953 2739.906 2742.767 543.2566805711167 543.8239472449055 544.013167075156 135.81417014277918 135.95598681122638 136.003291768789
 100032 8192 3017.902 3020.048 3029.108 541.0583868254284 542.6815361875043 543.0674316130874 135.2645967063571 135.67038404687608 135.76685790327184
 110016 8192 3304.958 3305.912 3308.058 544.8822674814045 545.2359724033792 545.3933587053148 136.22056687035112 136.3089931008448 136.3483396763287
 120960 8192 3624.916 3628.016 3631.115 545.7851486389167 546.2513506004384 546.7185005114601 136.44628715972917 136.5628376501096 136.67962512786502
 133056 4096 2025.843 2027.035 2033.949 535.9007290743277 537.7286292540582 538.0450271812771 133.97518226858193 134.43215731351455 134.51125679531927
 146304 4096 2222.776 2223.969 2223.969 538.9114542513856 538.9114542513856 539.2006967863608 134.7278635628464 134.7278635628464 134.8001741965902
 160896 4096 2435.923 2435.923 2463.818 534.9664756081821 541.0926503013437 541.0926503013437 133.74161890204553 135.27316257533593 135.27316257533593
 176960 4096 2683.163 2687.931 2918.005 496.79706511812014 539.3205108315652 540.2788872684962 124.19926627953004 134.8301277078913 135.06972181712405
 194624 4096 2938.986 2940.893 3087.044 516.4681190161203 542.1345856513651 542.4863568591345 129.11702975403009 135.53364641284128 135.62158921478363
 214080 4096 3226.042 3226.995 3330.946 526.500087362569 543.4602036879512 543.620746413097 131.62502184064226 135.8650509219878 135.90518660327425
 235456 4096 3556.967 3557.92 3787.994 509.2023778284759 542.1301074785267 542.2753576291261 127.30059445711898 135.53252686963168 135.56883940728153
 258944 4096 3905.058 3905.058 4113.197 515.7227451055712 543.2106893162662 543.2106893162662 128.9306862763928 135.80267232906655 135.80267232906655
 284800 2048 2202.034 2207.994 2514.124 463.99493421963274 528.326073349837 529.7560346479663 115.99873355490818 132.08151833745924 132.43900866199158
 313280 2048 2470.97 2513.17 2634.048 487.15698423111496 510.5881735019915 519.3081583345812 121.78924605777874 127.64704337549787 129.8270395836453
 344576 2048 2730.846 2734.9 2820.969 500.3186125051356 516.0639496873742 516.8300577916148 125.0796531262839 129.01598742184356 129.2075144479037
 379008 2048 2982.14 2995.014 3316.879 468.0353935129982 518.3337266536984 520.5713910145064 117.00884837824955 129.5834316634246 130.1428477536266
 416896 2048 3297.091 3299.952 3485.918 489.8583431968279 517.4638952324154 517.9129165679685 122.46458579920697 129.36597380810386 129.47822914199213
 458560 2048 3628.969 3635.883 3843.069 488.740056449676 516.5902643181863 517.5744846539059 122.185014112419 129.14756607954658 129.39362116347647
 504384 2048 3988.981 4029.989 4394.054 470.1710229323536 512.6457824078427 517.9159449493492 117.5427557330884 128.16144560196068 129.4789862373373
 554816 1024 2166.986 2194.881 2301.931 493.6130440052286 517.6878236223286 524.351873062401 123.40326100130714 129.42195590558214 131.08796826560024
 610240 1024 2385.139 2411.127 2490.997 501.71538544606835 518.3350026771712 523.982677739117 125.42884636151709 129.5837506692928 130.99566943477924
 671232 1024 2619.028 2636.194 2961.159 464.2382040275446 521.4650879260024 524.8829474140789 116.05955100688615 130.3662719815006 131.22073685351972
 738304 1024 2929.926 2931.118 3156.9 478.96562830624976 515.8600206474116 516.0698911849651 119.74140707656244 128.9650051618529 129.01747279624126
 812096 1024 3210.783 3214.121 3354.073 495.86655031062236 517.4579948919161 517.9959555036886 123.96663757765559 129.36449872297902 129.49898887592215
 893248 1024 3532.171 3533.125 3746.033 488.3491159848299 517.7772946046348 517.9171404781932 122.08727899620747 129.4443236511587 129.4792851195483
 982528 1024 3883.839 3886.938 4105.091 490.17606284489193 517.6870184191258 518.1000922025862 122.54401571122298 129.42175460478146 129.52502305064655
 1080768 512 2133.131 2138.138 2486.944 445.0065751380007 517.6029012159178 518.8178466301413 111.25164378450017 129.40072530397944 129.70446165753532
 1188800 512 2346.992 2372.98 2465.963 493.65347330839916 512.996822560662 518.6771833904845 123.41336832709979 128.2492056401655 129.66929584762113
 1307648 512 2595.901 2596.855 3060.102 437.57742454336494 515.635856449436 515.8253538944667 109.39435613584124 128.908964112359 128.95633847361668
 1438400 512 2843.142 2847.91 2985.954 493.283419637409 517.1938719973595 518.0612153736957 123.32085490935225 129.29846799933986 129.51530384342394
 1582208 512 3129.959 3145.933 3638.983 445.2290631750684 515.0081047498469 517.6364904460411 111.3072657937671 128.75202618746172 129.40912261151027
 1740416 512 3445.864 3459.93 3793.955 469.74357471293155 515.0930752934308 517.1956827083135 117.43589367823289 128.7732688233577 129.29892067707837
 1914432 512 3794.909 3800.154 3849.03 509.3175080474821 515.868137975461 516.5811269782754 127.32937701187052 128.96703449386524 129.14528174456885
 2105856 256 2053.022 2083.063 2182.961 493.9154991774934 517.6023346389428 525.1761900262151 123.47887479437335 129.4005836597357 131.29404750655377
 2316416 256 2254.963 2264.023 2286.911 518.6056615233387 523.8484732708104 525.9531939104987 129.65141538083466 130.9621183177026 131.48829847762468
 2548032 256 2479.076 2523.184 2693.892 484.2779086912171 517.0421118713498 526.2413834832009 121.06947717280427 129.26052796783745 131.56034587080023
 2802816 256 2769.947 2779.007 2873.898 499.336368931674 516.3865337510845 518.0755415175814 124.8340922329185 129.09663343777112 129.51888537939536
 3083072 256 3000.021 3047.943 3377.914 467.3099623021782 517.9010447373852 526.1739381157665 116.82749057554454 129.4752611843463 131.54348452894163
 3391360 256 3306.15 3358.841 3460.884 501.7146833005671 516.9569860556066 525.1958683060358 125.42867082514178 129.23924651390166 131.29896707650894
 3730496 256 3646.135 3668.07 3695.965 516.783560450383 520.7136047022003 523.8461965889907 129.19589011259575 130.17840117555008 130.96154914724767
 4103488 256 4030.943 4040.003 4087.925 513.949217757175 520.0456177879075 521.2144790933535 128.48730443929375 130.01140444697688 130.30361977333837
 4513792 128 2220.869 2254.009 2256.87 512.0058984345576 512.6557844267703 520.3056785429486 128.0014746086394 128.16394610669258 130.07641963573715
 4965120 128 2489.09 2509.832 2789.974 455.58514882217537 506.4365742408257 510.6567942501074 113.89628720554384 126.60914356020642 127.66419856252685
 5461632 128 2695.084 2732.992 2796.173 500.0326489097778 511.592347141887 518.7882054882149 125.00816222744444 127.89808678547175 129.69705137205372
 6007744 128 2960.92 3005.028 3286.123 468.02340143689077 511.8030394392332 519.4272266727909 117.00585035922269 127.9507598598083 129.85680666819772
 6608512 128 3302.097 3348.112 3365.04 502.7515488671754 505.2934525487798 512.3347593968317 125.68788721679385 126.32336313719495 128.08368984920793
 7269312 128 3581.047 3633.976 3688.097 504.5810541317107 512.095806906815 519.6647438584303 126.14526353292767 128.02395172670376 129.91618596460756
 7996224 128 3936.052 3992.081 4161.119 491.94299514145115 512.7734993353091 520.0727388764172 122.98574878536279 128.19337483382728 130.0181847191043
 8795840 64 2202.034 2215.147 2243.042 501.9377791410058 508.25860315365077 511.28525717586547 125.48444478525145 127.06465078841269 127.82131429396637
 9675392 64 2419.949 2441.883 2637.863 469.489953041534 507.1701535249642 511.76705624787957 117.3724882603835 126.79253838124104 127.94176406196989
 10642880 64 2660.036 2680.063 2725.84 499.76837965544564 508.3047077624668 512.1316553610552 124.94209491386141 127.0761769406167 128.0329138402638
 11707136 64 2919.912 2952.099 3038.883 493.1132287751783 507.6094697366179 513.2049897394169 123.27830719379457 126.90236743415447 128.30124743485422
 12877824 64 3221.035 3242.016 3260.136 505.61126038913716 508.4371798288472 511.7490098679462 126.40281509728429 127.1092949572118 127.93725246698655
 14165568 64 3479.958 3537.893 3572.941 507.47904989195183 512.5063714476385 521.0386746046935 126.86976247298796 128.12659286190961 130.25966865117337
 15582080 64 3886.938 3924.131 4033.804 494.4479801200058 508.26698700935316 513.1304486976638 123.61199503000145 127.06674675233829 128.28261217441596
 17140288 32 2099.991 2140.999 2159.119 508.06761090982013 512.3675592562164 522.3729206458504 127.01690272745503 128.0918898140541 130.5932301614626
 18854272 32 2375.126 2393.007 2424.955 497.6065155848253 504.24984465152 508.0460607142525 124.40162889620632 126.06246116288 127.01151517856313
 20739648 32 2601.862 2620.935 2629.042 504.8749590154893 506.43662357135906 510.14906709118316 126.21873975387233 126.60915589283977 127.53726677279579
 22813568 32 2850.056 2874.851 3319.025 439.90881418488857 507.8761828004303 512.294618772403 109.97720354622214 126.96904570010757 128.07365469310076
 25094912 32 3134.966 3163.099 3173.113 506.1510157375423 507.7534304174482 512.3099797573562 126.53775393438558 126.93835760436205 128.07749493933906
 27604352 32 3449.917 3450.871 3480.911 507.53338077302175 511.95148355299284 512.0930526734411 126.88334519325544 127.98787088824821 128.02326316836027
 30364736 32 3799.915 3823.042 3913.879 496.5261072199728 508.3237652110544 511.41751960241214 124.1315268049932 127.0809413027636 127.85437990060304
 33401152 32 4158.974 4242.897 4782.915 446.93951868264446 503.82409188816047 513.9906448080704 111.73487967066112 125.95602297204012 128.4976612020176
 36741248 16 2395.153 2402.067 2484.083 473.3013896878646 489.46175772782357 490.8746689668677 118.32534742196616 122.36543943195589 122.71866724171693
 40415360 16 2622.843 2666.95 2979.04 434.1302970084322 484.93279589043664 493.08766098466435 108.53257425210805 121.23319897260916 123.27191524616609
 44456896 16 2905.13 2918.005 3036.976 468.43329417157065 487.5319514531333 489.69260308488776 117.10832354289266 121.88298786328332 122.42315077122194
 48902528 16 3208.876 3326.178 3528.833 443.45563986734425 470.4741886934494 487.67259813093426 110.86390996683606 117.61854717336234 121.91814953273357
 53792768 16 3535.032 3546.953 4099.846 419.8617645638397 485.3091022068801 486.9456842257722 104.96544114095992 121.32727555172002 121.73642105644305
 59172032 16 4070.997 4312.992 4888.058 387.37368173618233 439.0235418938871 465.1207121990019 96.84342043404558 109.75588547347178 116.28017804975048
 65089216 16 4342.079 4410.982 4769.087 436.74080846082273 472.197554195415 479.6906993170784 109.18520211520568 118.04938854885376 119.9226748292696
 71598080 8 2710.819 2717.972 2820.969 406.0907014575488 421.4794265724591 422.5915784122805 101.5226753643872 105.36985664311477 105.64789460307013
 78757888 8 3032.923 3130.913 3309.965 380.706807473795 402.47883221284013 415.4824266887092 95.17670186844875 100.61970805321003 103.8706066721773
 86633664 8 3712.893 3746.986 4089.117 338.98238274913626 369.9342949239736 373.3311528234183 84.74559568728407 92.4835737309934 93.33278820585457
 95297024 8 3911.018 3912.21 4350.185 350.5028829808387 389.74195761474965 389.8607431620105 87.62572074520968 97.43548940368741 97.46518579050263
 104826688 8 4168.034 5273.819 5313.873 315.63174505675994 318.0289289412473 402.40242953872263 78.90793626418998 79.50723223531182 100.60060738468066
 115309312 8 4384.041 4641.056 5876.064 313.97700773851335 397.527845386912 420.8329693996931 78.49425193462834 99.381961346728 105.20824234992328
 126840192 8 4925.013 5583.048 6345.034 319.8474700056769 363.5009177782458 412.06857159564856 79.96186750141922 90.87522944456146 103.01714289891214
 139524160 4 3473.043 4326.105 4923.105 226.7254669563213 258.0134508986722 321.38769373140497 56.681366739080325 64.50336272466805 80.34692343285124
 153476544 4 3566.027 4232.883 4414.082 278.15802968771305 290.0652704078993 344.3082040601487 69.53950742192826 72.51631760197482 86.07705101503717
 168824192 4 4563.093 4951.0 5000.114 270.11254863389115 272.79206948091297 295.98203148609946 67.52813715847279 68.19801737022824 73.99550787152486
 185706560 4 5366.087 5846.024 6572.962 226.02480890654772 254.13041068596365 276.8595589299987 56.50620222663693 63.53260267149091 69.21488973249967
 204277184 4 7436.991 7776.022 8282.9 197.3001571913219 210.16111734251783 219.74175738548024 49.32503929783047 52.54027933562946 54.93543934637006
 224704896 4 8503.914 8540.154 8887.053 202.27618401735646 210.4925939274631 211.3896222374779 50.569046004339114 52.623148481865776 52.84740555936948
 247175360 4 8138.18 8428.812 9209.871 214.70473147778077 234.60042530311512 242.97851362343914 53.67618286944519 58.65010632577878 60.744628405859785
 271892864 2 6299.973 6707.907 7084.131 153.5222112634563 162.13275705820013 172.6311296889685 38.38055281586408 40.53318926455003 43.15778242224213
 299082112 2 6155.968 7090.092 7319.927 163.43447796678848 168.73242942404698 194.33636562113387 40.85861949169712 42.183107356011746 48.584091405283466
 328990272 2 5769.968 5896.091 6128.788 214.71799775094195 223.19212644445275 228.07077751557722 53.67949943773549 55.79803161111319 57.017694378894305
 361889280 2 6264.925 6515.98 6561.995 220.59710804412376 222.1549360188337 231.05737419043322 55.14927701103094 55.538734004708424 57.764343547608306
 398078208 2 7074.118 7475.853 7696.152 206.89726918075422 212.99413351225604 225.08994506452956 51.724317295188555 53.24853337806401 56.27248626613239
 437886016 2 7811.069 8478.165 8651.972 202.44449057394084 206.5947128889329 224.23871354868328 50.61112264348521 51.64867822223322 56.05967838717082
 481674560 2 9539.843 9778.023 10032.177 192.05185873415112 197.04374186888293 201.9633069433113 48.01296468353778 49.26093546722073 50.490826735827824
 529841984 2 10447.979 10699.987 11688.948 181.31383046618052 198.0720103678631 202.84955932625823 45.32845761654513 49.518002591965775 50.71238983156456
 582826176 1 5886.078 6443.024 6669.998 174.76052496567465 180.91696569809454 198.03549188440925 43.69013124141866 45.229241424523636 49.50887297110231
 641108736 1 6600.857 6972.075 7196.903 178.16239457444402 183.90758447090715 194.25015145760617 44.540598643611006 45.97689611772679 48.56253786440154
 705219584 1 7617.95 8403.063 8474.112 166.4409401244638 167.84822010735846 185.14681351282167 41.61023503111595 41.962055026839614 46.28670337820542
 775741504 1 8407.831 9492.874 9829.044 157.84678632021587 163.43659549257686 184.52832936342324 39.46169658005397 40.859148873144214 46.13208234085581
 853315648 1 9250.164 9776.115 11008.024 155.0352084988187 174.5715241688544 184.49740955944134 38.75880212470467 43.6428810422136 46.124352389860334
 938647168 1 10288.0 11640.787 12245.893 153.29991336687328 161.26867848367985 182.47417729393467 38.32497834171832 40.31716962091996 45.61854432348367
 1032511872 1 11627.913 13146.162 13164.043 156.86850491144702 157.08187256478354 177.5919499913699 39.217126227861755 39.270468141195884 44.39798749784247
 
META_DATA
 FLOPS          4
 MPI_PROCS      4
 OPENMP_THREADS 2
 ERT_VERSION  1.1.0
 HOSTNAME  ('c3cpu-a7-u1-3.rc.int.colorado.edu', [], ['10.225.64.156'])
 UNAME  uname_result(system='Linux', node='c3cpu-a7-u1-3.rc.int.colorado.edu', release='4.18.0-305.34.2.el8_4.x86_64', version='#1 SMP Mon Jan 17 09:42:23 EST 2022', machine='x86_64', processor='x86_64')
 TIMESTAMP_DATA  1728533602.5025523
 CONFIG  {'nux': ['workstation,', 'MPI', 'and', 'OpenMP', '(8-core', 'Intel', 'Xeon', 'CPU', 'E5530,', '2.40', 'GHz)'], 'ERT_RESULTS': ['Results.alpine'], 'ERT_DRIVER': ['driver1'], 'ERT_KERNEL': ['kernel1'], 'ERT_MPI': ['True'], 'ERT_MPI_CFLAGS': ['-I/usr/include/mpi'], 'ERT_MPI_LDFLAGS': ['-lmpi'], 'ERT_OPENMP': ['True'], 'ERT_OPENMP_CFLAGS': ['-qopenmp'], 'ERT_OPENMP_LDFLAGS': ['-qopenmp'], 'ERT_FLOPS': ['1,2,4,8,16'], 'ERT_ALIGN': ['32'], 'ERT_CC': ['icpc'], 'ERT_CFLAGS': ['-O3', '-fno-alias', '-fno-fnalias', '-DERT_INTEL'], 'ERT_LD': ['icpc'], 'ERT_LDFLAGS': [], 'ERT_LDLIBS': [], 'ERT_PRECISION': ['FP64'], 'ERT_RUN': ['export', 'OMP_NUM_THREADS=ERT_OPENMP_THREADS;', 'mpirun', '-np', 'ERT_MPI_PROCS', 'ERT_CODE'], 'ERT_PROCS_THREADS': ['1-8'], 'ERT_MPI_PROCS': ['1,2,4,8'], 'ERT_OPENMP_THREADS': ['1,2,4,8'], 'ERT_NUM_EXPERIMENTS': ['3'], 'ERT_MEMORY_MAX': ['1073741824'], 'ERT_WORKING_SET_MIN': ['1'], 'ERT_TRIALS_MIN': ['1'], 'ERT_GNUPLOT': ['gnuplot'], 'ERT_GPU': [False], 'ERT_HIP': [False], 'ERT_OCL': [False], 'ERT_SYCL': [False], 'ERT_WSS_MULT': [1.1]}
 TIMESTAMP_DATA  1728533607.190399
 TIMESTAMP_DATA  1728533611.897519
 