fp64
 64 16777216 65326.929 65343.857 65355.062 32.8587194669022 32.86435399734668 32.87287005332824 4.107339933362775 4.108044249668335 4.10910875666603
 128 8388608 35379.171 35381.079 35885.096 59.84333016693059 60.695821289113326 60.69909461699937 7.480416270866324 7.586977661139166 7.587386827124921
 192 4194304 17693.996 17702.103 17703.056 90.97936175539408 90.98425966677519 91.02594665444708 11.37242021942426 11.373032458346898 11.378243331805885
 256 4194304 17816.067 17816.067 17817.974 120.5234471663277 120.53634778091036 120.53634778091036 15.065430895790962 15.067043472613795 15.067043472613795
 320 2097152 8994.818 8998.871 9027.958 148.6689769713151 149.1495188674224 149.21672456296503 18.583622121414386 18.6436898584278 18.65209057037063
 384 2097152 8893.013 8897.066 8898.02 181.00799233986885 181.02740116798054 181.1099045958889 22.625999042483606 22.628425145997568 22.638738074486113
 448 2097152 8868.933 8873.94 8876.801 211.68078365167813 211.74903053209735 211.86857449481238 26.460097956459766 26.46862881651217 26.483571811851547
 512 2097152 8846.045 8846.998 8848.906 242.68351907004097 242.73585774519222 242.76200810644758 30.33543988375512 30.341982218149028 30.345251013305948
 576 1048576 4426.956 4429.102 4432.917 272.497669593182 272.7323850297419 272.8645940912898 34.06220869914775 34.09154812871774 34.108074261411225
 640 1048576 4433.87 4436.97 4445.076 301.94698133395246 302.49861504585334 302.71011103167217 37.74337266674406 37.81232688073167 37.83876387895902
 704 1048576 4429.102 4429.817 4433.155 333.0348268896531 333.28577862245777 333.33958170301787 41.62935336120664 41.66072232780722 41.667447712877234
 768 1048576 4448.891 4448.891 4458.189 361.27062715376127 362.02566796983785 362.02566796983785 45.15882839422016 45.25320849622973 45.25320849622973
 832 1048576 4436.016 4436.016 4444.838 392.55209391208416 393.33277066629165 393.33277066629165 49.06901173901052 49.166596333286456 49.166596333286456
 896 1048576 4476.786 4481.792 4482.985 419.1511218529618 419.2626949220312 419.7315198894921 52.393890231620226 52.4078368652539 52.466439986186515
 960 1048576 4656.076 4664.183 4717.112 426.8005338859878 431.6438527390542 432.3954162260237 53.35006673574848 53.95548159238177 54.049427028252964
 1024 1048576 4513.979 4514.933 4516.125 475.5146609095187 475.6402028557235 475.7407263082083 59.439332613689835 59.455025356965436 59.46759078852604
 1088 524288 2382.994 2382.994 2385.139 478.3162272722889 478.7467731769362 478.7467731769362 59.789528409036116 59.84334664711702 59.84334664711702
 1152 524288 2364.159 2374.887 2404.928 502.28512121776623 508.6387487067806 510.94683225620605 62.78564015222078 63.57984358834757 63.868354032025756
 1216 524288 2496.958 2499.104 2501.011 509.82119470885976 510.21022574490706 510.6487237670798 63.72764933860747 63.77627821811338 63.83109047088497
 1280 524288 2581.835 2583.981 2696.991 497.6573077181199 519.4222712937905 519.8540108101408 62.20716346476499 64.92778391172381 64.9817513512676
 1408 524288 2736.807 2765.894 2778.053 531.4495468588972 533.7858240409792 539.4589417521952 66.43119335736215 66.7232280051224 67.4323677190244
 1536 524288 2890.825 2896.07 2897.024 555.9542261299872 556.1373640830504 557.1463980005708 69.4942782662484 69.5171705103813 69.64329975007135
 1664 524288 3062.963 3062.963 3065.109 569.2556003717976 569.6544372230419 569.6544372230419 71.1569500464747 71.20680465288024 71.20680465288024
 1792 524288 3233.194 3233.91 3234.148 581.0025366804488 581.0452956328407 581.1739697648826 72.6253170850561 72.6306619541051 72.64674622061032
 1920 524288 3404.14 3406.048 3407.955 590.7548427135921 591.0855983239227 591.4168982474281 73.84435533919901 73.88569979049034 73.92711228092851
 2112 262144 1871.824 1873.016 1873.97 590.8825947053581 591.1835542248436 591.5600270110865 73.86032433816976 73.89794427810546 73.94500337638581
 2304 262144 1960.039 1961.946 1964.092 615.021878812194 615.6945970990026 616.2936308920384 76.87773485152425 76.96182463737533 77.0367038615048
 2496 262144 2127.886 2127.886 2127.886 614.9872916124266 614.9872916124266 614.9872916124266 76.87341145155332 76.87341145155332 76.87341145155332
 2688 262144 2296.925 2297.878 2299.786 612.790122211371 613.2989410229785 613.5534003069321 76.59876527642137 76.66236762787231 76.69417503836651
 2944 262144 2467.871 2467.871 2470.97 624.6550431611878 625.4394463892157 625.4394463892157 78.08188039514847 78.17993079865197 78.17993079865197
 3200 262144 2724.171 2725.84 2774.954 604.594382465439 615.4879229888768 615.8650099424743 75.57429780817988 76.9359903736096 76.98312624280929
 3520 262144 2894.878 2895.832 2897.024 637.0308841072771 637.2931026385509 637.5031210296255 79.62886051340963 79.66163782981886 79.68789012870319
 3840 262144 3148.079 3148.079 3154.039 638.3135782404719 639.5220450312713 639.5220450312713 79.78919728005899 79.94025562890891 79.94025562890891
 4224 131072 2022.982 2058.983 2120.972 522.0701904598458 537.7879545387211 547.3584322549582 65.25877380748072 67.22349431734014 68.41980403186977
 4608 131072 2122.879 2263.069 2331.018 518.2111643925529 533.7705354984757 569.0195022891083 64.77639554906911 66.72131693730947 71.12743778613854
 5056 131072 2295.971 2300.978 2311.945 573.2835616764239 576.0159653851537 577.2721275660713 71.66044520955299 72.00199567314421 72.15901594575891
 5504 131072 2317.905 2318.144 2319.098 622.155931314675 622.4119709560753 622.4761480733679 77.76949141433437 77.80149636950941 77.80951850917099
 6016 131072 2489.805 2490.044 2493.143 632.5583025121302 633.3455569459817 633.4063527063364 79.06978781401628 79.16819461824771 79.17579408829205
 6592 131072 2765.894 2767.086 2768.993 624.0728120294995 624.502905945099 624.7720440479643 78.00910150368743 78.06286324313737 78.09650550599554
 7232 131072 3062.01 3063.917 3067.017 618.1333223780631 618.7587353051666 619.1440942387516 77.26666529725789 77.34484191314583 77.39301177984395
 7936 131072 3317.118 3319.979 3320.932 626.4430539378704 626.622874421796 627.1633339543544 78.3053817422338 78.3278593027245 78.3954167442943
 8704 65536 1828.909 1829.147 1832.008 622.732372347719 623.7063986656076 623.7875629678676 77.84154654346487 77.96329983320095 77.97344537098346
 9536 65536 2016.068 2017.021 2017.021 619.6775303777205 619.6775303777205 619.9704533775646 77.45969129721506 77.45969129721506 77.49630667219557
 10432 65536 2213.001 2213.001 2213.955 617.6020307549159 617.8682720884445 617.8682720884445 77.20025384436448 77.23353401105557 77.23353401105557
 11456 65536 2425.194 2426.863 2426.863 618.7250091991184 618.7250091991184 619.1508110279013 77.3406261498898 77.3406261498898 77.39385137848767
 12544 65536 2658.129 2659.082 2700.09 608.9305052794537 618.3213484954583 618.5430308310846 76.1163131599317 77.29016856193229 77.31787885388557
 13760 65536 2902.985 2904.177 2906.084 620.612040119969 621.0195590695746 621.2745570507598 77.57650501499613 77.62744488369682 77.65931963134497
 15104 65536 3179.073 3181.934 3182.888 621.9859096518633 622.172392010645 622.7323147345154 77.74823870648291 77.77154900133063 77.84153934181442
 16576 32768 1760.006 1761.913 1763.105 616.142961423171 616.5598051663163 617.2278594504791 77.01787017789637 77.06997564578954 77.15348243130988
 18176 32768 1919.031 1919.985 1922.131 619.7196424177124 620.412313637867 620.7207366634516 77.46495530221405 77.55153920473337 77.59009208293145
 19968 32768 2116.919 2117.157 2117.872 617.8951551368543 618.1038288610622 618.1733207553053 77.23689439210679 77.26297860763277 77.27166509441317
 21952 32768 2323.866 2324.104 2326.965 618.2500690813999 619.0111423585175 619.0745387212515 77.28125863517499 77.37639279481469 77.38431734015644
 24128 32768 2552.986 2552.986 2554.893 618.9114800502409 619.3737874003227 619.3737874003227 77.36393500628012 77.42172342504034 77.42172342504034
 26496 32768 2804.041 2804.041 2804.041 619.2640749546814 619.2640749546814 619.2640749546814 77.40800936933518 77.40800936933518 77.40800936933518
 29120 32768 3090.143 3091.097 3092.051 617.1982027463325 617.3886875759641 617.5792900199117 77.14977534329157 77.17358594699552 77.19741125248896
 32000 32768 3401.995 3407.001 3407.001 615.5419384966426 615.5419384966426 616.447702010144 76.94274231208033 76.94274231208033 77.055962751268
 35200 16384 1869.917 1870.155 1872.063 616.1296922165546 616.7582900882547 616.8367900821266 77.01621152706933 77.09478626103184 77.10459876026583
 38720 16384 2053.976 2053.976 2055.883 617.144535948787 617.7175195815335 617.7175195815335 77.14306699359838 77.21468994769168 77.21468994769168
 42560 16384 2257.109 2257.109 2258.062 617.6119521961754 617.8727212553758 617.8727212553758 77.20149402452192 77.23409015692198 77.23409015692198
 46784 16384 2485.037 2491.951 2532.005 605.4561945967721 615.187903774994 616.8995117577726 75.68202432459651 76.89848797187425 77.11243896972158
 51456 16384 2737.999 2737.999 2738.953 615.6039216445116 615.8184162959885 615.8184162959885 76.95049020556395 76.97730203699857 76.97730203699857
 56576 16384 3010.988 3010.988 3013.134 615.2671497517202 615.7056647186904 615.7056647186904 76.90839371896503 76.9632080898363 76.9632080898363
 62208 16384 3304.958 3305.912 3306.15 616.5575500204164 616.6019373776435 616.7799239808796 77.06969375255206 77.07524217220544 77.09749049760995
 68416 8192 1816.988 1819.134 1819.134 616.187561773899 616.187561773899 616.9153258029222 77.02344522173738 77.02344522173738 77.11441572536528
 75200 8192 1998.186 1999.14 2000.809 615.7893132228013 616.3034104665006 616.5976540722436 76.97366415285016 77.03792630831258 77.07470675903045
 82688 8192 2195.835 2197.027 2197.981 616.3657429249843 616.6333832037568 616.9681201000986 77.04571786562303 77.0791729004696 77.12101501251233
 90944 8192 2413.988 2416.849 2417.088 616.4552122223104 616.5161729177123 617.2468529255325 77.0569015277888 77.06452161471404 77.15585661569156
 100032 8192 2658.129 2659.082 2660.036 616.1286117932237 616.3496605219395 616.570635962363 77.01607647415297 77.04370756524244 77.07132949529537
 110016 8192 2925.873 2925.873 2926.111 616.0060722235075 616.0561801554613 616.0561801554613 77.00075902793844 77.00702251943267 77.00702251943267
 120960 8192 3217.936 3218.889 3221.035 615.2707561389429 615.6809507876786 615.8632862803983 76.90884451736787 76.96011884845983 76.98291078504978
 133056 4096 1783.133 1783.848 1785.04 610.6276341146418 611.0356667159982 611.2806795679289 76.32845426433022 76.37945833949978 76.41008494599112
 146304 4096 1957.893 1961.946 1963.139 610.5132484250987 610.8844830591667 612.1490643257828 76.31415605313734 76.36056038239583 76.51863304072285
 160896 4096 2154.112 2154.112 2154.112 611.8809198407511 611.8809198407511 611.8809198407511 76.48511498009388 76.48511498009388 76.48511498009388
 176960 4096 2367.973 2443.075 2444.029 593.1420290021109 593.3736459175425 612.1929261862361 74.14275362526386 74.17170573969281 76.52411577327952
 194624 4096 2605.915 2608.061 2609.015 611.0964513427482 611.3199836967003 611.8234125057802 76.38705641784352 76.41499796208754 76.47792656322252
 214080 4096 2865.076 2866.983 2866.983 611.7034387716983 611.7034387716983 612.1105897365376 76.46292984646229 76.46292984646229 76.5138237170672
 235456 4096 3144.026 3144.979 3145.933 613.1267105815667 613.3126968415369 613.4986008385426 76.64083882269584 76.66408710519211 76.68732510481783
 258944 4096 3530.979 3530.979 3535.032 600.0707342960403 600.7595196686245 600.7595196686245 75.00884178700504 75.09493995857807 75.09493995857807
 284800 2048 1907.11 1909.971 1920.938 607.2766533849608 610.7636189240569 611.679871638238 75.9095816731201 76.34545236550711 76.45998395477974
 313280 2048 2099.991 2100.945 2100.945 610.7703343019449 610.7703343019449 611.0477997286655 76.34629178774311 76.34629178774311 76.38097496608319
 344576 2048 2315.998 2317.905 2318.144 608.8419425195328 608.9047204264194 609.4060944784926 76.1052428149416 76.11309005330243 76.17576180981158
 379008 2048 2539.158 2541.065 2545.118 609.9586612487122 610.9315456314578 611.3903774400807 76.24483265608903 76.36644320393222 76.42379718001008
 416896 2048 2791.882 2796.888 2804.995 608.7732833748368 610.5378606508376 611.6325890564143 76.0966604218546 76.3172325813547 76.45407363205179
 458560 2048 3079.176 3084.898 3086.09 608.6218353968937 608.8570059690791 609.9884384653557 76.07772942461172 76.10712574613488 76.24855480816946
 504384 2048 3386.021 3390.074 3394.127 608.6857869490447 609.4135007082441 610.1429565853252 76.08572336863058 76.17668758853051 76.26786957316565
 554816 1024 1863.956 1867.056 1868.01 608.2746709064726 608.5854778860408 609.5976342789207 76.03433386330907 76.0731847357551 76.19970428486509
 610240 1024 2052.069 2056.122 2056.837 607.6181632282966 607.8294575905516 609.029969265166 75.95227040353707 75.97868219881894 76.12874615814574
 671232 1024 2263.069 2263.069 2268.076 606.1010019064618 607.441989616755 607.441989616755 75.76262523830772 75.93024870209437 75.93024870209437
 738304 1024 2480.984 2485.991 2491.951 606.7722005769776 608.2268970402548 609.4543906772474 75.8465250721222 76.02836213003185 76.18179883465592
 812096 1024 2725.124 2732.038 2748.013 605.2273435387679 608.7662792391613 610.3107998021375 75.65341794234598 76.09578490489517 76.28884997526718
 893248 1024 3004.074 3005.028 3005.028 608.7703355842275 608.7703355842275 608.9636620136521 76.09629194802844 76.09629194802844 76.12045775170651
 982528 1024 3301.859 3303.051 3304.005 609.0236982086892 609.1995987951746 609.419525182632 76.12796227608615 76.14994984939682 76.177440647829
 1080768 512 1816.988 1820.087 1821.041 607.7328473109611 608.051390949993 609.0884650861756 75.96660591387014 76.00642386874912 76.13605813577195
 1188800 512 1993.895 1997.948 2002.001 608.0572387326481 609.2907322913309 610.5292405066466 76.00715484158101 76.16134153641636 76.31615506333083
 1307648 512 2196.074 2198.935 2200.127 608.6155717374497 608.9454904305949 609.7388120801029 76.07694646718122 76.11818630382436 76.21735151001286
 1438400 512 2413.988 2418.041 2420.187 608.5982612087414 609.138389299437 610.1611109914384 76.07478265109268 76.14229866242962 76.2701388739298
 1582208 512 2657.89 2658.129 2766.132 585.7207797747902 609.5193243066834 609.5741328647913 73.21509747184878 76.18991553833543 76.19676660809891
 1740416 512 2921.104 2926.111 2931.833 607.8743175344571 609.0630136724137 610.1069951634724 75.98428969180713 76.13287670905171 76.26337439543406
 1914432 512 3212.929 3214.121 3216.028 609.5650809010369 609.9267476240004 610.153031081608 76.19563511262962 76.24084345300005 76.269128885201
 2105856 256 1769.066 1770.973 1771.927 608.4891036707495 608.8168887950297 609.473175110482 76.06113795884369 76.10211109937872 76.18414688881025
 2316416 256 1945.019 1948.118 1953.125 607.234555904 608.7952536755987 609.7652475374276 75.904319488 76.09940670944984 76.22065594217845
 2548032 256 2146.006 2147.913 2161.026 603.6912022344942 607.3767345325439 607.9164662167767 75.46140027931177 75.92209181656798 75.98955827709709
 2802816 256 2358.913 2363.205 2382.994 602.2011771745963 607.2438878556876 608.3487572453923 75.27514714682454 75.90548598196095 76.04359465567404
 3083072 256 2598.047 2619.028 2655.029 594.544490474492 602.7170629714536 607.5844139848125 74.3180613093115 75.3396328714317 75.94805174810156
 3391360 256 2851.009 2865.076 2882.957 602.2900514992073 606.0489564674724 609.0392278663448 75.28625643740091 75.75611955843405 76.1299034832931
 3730496 256 3142.118 3158.092 3169.06 602.7067811906369 604.7999716284389 607.8746730708395 75.33834764882961 75.59999645355487 75.98433413385494
 4103488 256 3468.99 3485.918 3502.131 599.9164097516626 602.7066201786731 605.6477118700255 74.98955121895783 75.33832752233414 75.7059639837532
 4513792 128 1922.846 1930.952 1933.098 597.7610819523893 598.4254150284419 600.9481528941996 74.72013524404866 74.80317687855523 75.11851911177494
 4965120 128 2123.117 2127.886 2131.939 596.2040752573128 597.3396695123705 598.6814292382378 74.5255094071641 74.66745868904631 74.83517865477972
 5461632 128 2324.104 2326.965 2336.979 598.2842772656494 600.8589695160863 601.5986341402967 74.78553465820617 75.10737118951079 75.19982926753708
 6007744 128 2553.94 2554.893 2557.039 601.4700847347264 601.975293681575 602.1999201234171 75.1837605918408 75.24691171019687 75.27499001542714
 6608512 128 2804.041 2808.094 2811.193 601.8011114854086 602.4652565049461 603.3360681958644 75.22513893567607 75.30815706311826 75.41700852448305
 7269312 128 3085.852 3087.044 3087.997 602.6378497129369 602.8238897793489 603.0567480229123 75.32973121411712 75.35298622241861 75.38209350286404
 7996224 128 3396.034 3396.988 3398.895 602.2643665073501 602.6024654782414 602.7717461014819 75.28304581341877 75.32530818478017 75.34646826268524
 8795840 64 1868.01 1869.917 1873.97 600.7927127968964 602.0949165123371 602.7095786425126 75.09908909961204 75.26186456404214 75.33869733031408
 9675392 64 2053.976 2058.029 2059.221 601.4168348127763 601.765172405248 602.9526031462879 75.17710435159704 75.220646550656 75.36907539328598
 10642880 64 2256.155 2263.069 2263.069 601.9651367236262 601.9651367236262 603.8098623543152 75.24564209045327 75.24564209045327 75.4762327942894
 11707136 64 2482.891 2485.037 2525.091 593.4492689570396 603.0145257394558 603.535720255138 74.18115861962995 75.37681571743198 75.44196503189225
 12877824 64 2727.985 2732.038 2732.992 603.1343933681474 603.3450017898726 604.2413986880426 75.39179917101842 75.41812522373408 75.53017483600533
 14165568 64 3005.028 3011.942 3015.041 601.3824369220849 602.0012018823735 603.3862925736466 75.17280461526062 75.25015023529669 75.42328657170583
 15582080 64 3301.144 3323.078 3324.032 600.0261850668104 600.1984425282825 604.1863790249683 75.0032731333513 75.02480531603531 75.52329737812104
 17140288 32 1818.895 1825.809 1829.147 599.7213083475522 600.8177372331936 603.1015710087718 74.96516354344402 75.1022171541492 75.38769637609647
 18854272 32 2023.22 2023.935 2050.877 588.3694673059379 596.2016606264528 596.412356540564 73.54618341324223 74.5252075783066 74.5515445675705
 20739648 32 2212.048 2212.048 2225.876 596.3213907692971 600.0491273245427 600.0491273245427 74.54017384616213 75.00614091556784 75.00614091556784
 22813568 32 2417.088 2422.81 2423.048 602.5750839438592 602.6342767282617 604.060899727275 75.3218854929824 75.32928459103272 75.50761246590938
 25094912 32 2676.01 2678.871 2765.894 580.6709758219224 599.534045499018 600.1750247570076 72.5838719777403 74.94175568737725 75.02187809462595
 27604352 32 2935.171 2943.039 2951.145 598.641723127803 600.2905595202782 601.899694430069 74.83021539097537 75.03631994003477 75.23746180375862
 30364736 32 3223.896 3243.923 3247.023 598.4999502621324 599.0718965894074 602.7933605798697 74.81249378276655 74.88398707367593 75.34917007248372
 33401152 32 3551.006 3565.073 3574.133 598.095741820464 599.6156959478811 601.9910211359825 74.761967727558 74.95196199348514 75.24887764199781
 36741248 16 2123.117 2151.012 2193.928 535.8972290795322 546.5892035934712 553.7706758506478 66.98715363494152 68.3236504491839 69.22133448133097
 40415360 16 2305.984 2372.026 2382.04 542.9344259542241 545.2265363027218 560.8414975992895 67.86680324427802 68.15331703784022 70.10518719991119
 44456896 16 2618.074 2636.909 2660.036 534.8125634389911 539.5031349204694 543.3844390953044 66.85157042987389 67.43789186505867 67.92305488691305
 48902528 16 2853.155 2874.851 2912.998 537.2063063551709 544.3346093414928 548.4738459705134 67.15078829439636 68.0418261676866 68.55923074631417
 53792768 16 3207.922 3384.113 3557.205 483.9104229303625 508.6616717585967 536.5992614533644 60.48880286629531 63.58270896982459 67.07490768167055
 59172032 16 3498.077 3523.111 3574.133 529.7802359341413 537.4525593999167 541.2988404772108 66.22252949176766 67.18156992498959 67.66235505965135
 65089216 16 3855.944 3873.11 4038.095 515.801364752439 537.7732395929886 540.1673136331856 64.47517059405487 67.22165494912358 67.5209142041482
 71598080 8 2566.814 2834.082 2921.82 392.07387176485884 404.21176239784165 446.3000747229834 49.009233970607355 50.52647029973021 55.78750934037293
 78757888 8 2864.122 2958.059 3584.146 351.58339197119756 425.9976585997777 439.96945940151994 43.947923996399695 53.24970732497221 54.99618242518999
 86633664 8 3232.002 3271.818 3630.877 381.76413687381864 423.66006422117607 428.87925935689395 47.72051710922733 52.95750802764701 53.609907419611744
 95297024 8 3659.01 3661.156 4088.879 372.90230011697577 416.46747202249776 416.71172912891734 46.61278751462197 52.05843400281222 52.08896614111467
 104826688 8 4153.013 4587.889 5095.005 329.1904537875821 365.5770677974118 403.85787571577555 41.14880672344776 45.69713347467648 50.482234464471944
 115309312 8 5174.16 5262.852 5460.978 337.84223119009084 350.56068306689986 356.5697605021878 42.230278898761355 43.82008538336248 44.57122006277348
 126840192 8 5553.007 5625.963 5938.053 341.7691071467365 360.72812281204125 365.4674074785067 42.72113839334206 45.091015351505156 45.683425934813336
 139524160 4 3368.855 3721.952 3817.081 292.4206428944002 299.89459294477734 331.3271957386115 36.552580361800025 37.48682411809717 41.41589946732644
 153476544 4 3435.85 3613.949 3813.028 322.0045465178855 339.74257854773265 357.35330471353524 40.25056831473569 42.46782231846658 44.669163089191905
 168824192 4 4040.003 4379.034 4399.061 307.01859692329793 308.422710579548 334.305082446721 38.37732461541224 38.5528388224435 41.78813530584012
 185706560 4 5637.884 5856.991 6597.996 225.16722956485575 253.65456084873614 263.51242416481074 28.145903695606968 31.706820106092017 32.93905302060134
 204277184 4 6674.051 6875.038 7062.912 231.38012649739937 237.7030457140746 244.86140007021223 28.92251581217492 29.712880714259324 30.60767500877653
 224704896 4 8073.807 8220.911 8265.018 217.49972813126357 218.66666212540187 222.65074803001852 27.187466016407946 27.333332765675234 27.831343503752315
 247175360 4 7529.02 7603.168 7651.091 258.4471783174452 260.0761787717962 262.63748535665997 32.30589728968065 32.509522346474526 32.829685669582496
 271892864 2 5939.96 6054.878 6227.97 174.62695806177615 179.61905359612533 183.09407066714255 21.82836975772202 22.452381699515666 22.88675883339282
 299082112 2 6097.078 6340.027 6730.08 177.75842902313198 188.6945352125472 196.213407143553 22.219803627891498 23.5868169015684 24.526675892944127
 328990272 2 5393.028 5586.147 6271.839 209.82061050993178 235.5758070813389 244.01154379320855 26.227576313741473 29.44697588516736 30.501442974151068
 361889280 2 5998.85 6160.021 6201.029 233.43821162584464 234.9922378511372 241.30577027263558 29.17977645323058 29.37402973139215 30.163221284079448
 398078208 2 7448.912 7573.843 7643.938 208.3105373172833 210.23842612000274 213.76448426293663 26.03881716466041 26.279803265000343 26.72056053286708
 437886016 2 7806.063 7831.097 9082.794 192.84198937023123 223.6652239143507 224.38251702554794 24.105248671278904 27.958152989293836 28.047814628193493
 481674560 2 9211.063 9304.047 10164.022 189.56061291484806 207.08173980634444 209.17219217803634 23.695076614356008 25.885217475793056 26.146524022254543
 529841984 2 10502.815 11064.053 11385.918 186.139399212255 191.55439114400485 201.79046627023328 23.267424901531875 23.944298893000607 25.22380828377916
 582826176 1 5791.187 5949.974 6010.056 193.95033124483365 195.90881439145784 201.2803855237277 24.243791405604206 24.48860179893223 25.16004819046596
 641108736 1 6453.037 6584.883 6617.069 193.7742332745812 194.72137500392944 198.6998481490188 24.22177915932265 24.34017187549118 24.83748101862735
 705219584 1 7258.892 7325.172 7354.021 191.79156110650214 192.5469010147475 194.3050217581416 23.973945138312768 24.068362626843438 24.2881277197677
 775741504 1 8128.881 8157.969 8171.082 189.87485476219672 190.1800568254182 190.86058806864065 23.73435684527459 23.772507103177276 23.85757350858008
 853315648 1 9052.038 9100.914 9106.159 187.41505567825033 187.52306592502688 188.53558679272007 23.42688195978129 23.44038324062836 23.56694834909001
 938647168 1 10102.987 10123.014 10133.982 185.24745119934101 185.44816158507734 185.81577270167725 23.155931399917627 23.181020198134668 23.226971587709656
 1032511872 1 11285.067 11286.974 11313.915 182.52070516704427 182.9563658071685 182.98728257439677 22.815088145880534 22.869545725896064 22.873410321799597
 
META_DATA
 FLOPS          2
 MPI_PROCS      1
 OPENMP_THREADS 8
 ERT_VERSION  1.1.0
 HOSTNAME  ('c3cpu-a7-u1-3.rc.int.colorado.edu', [], ['10.225.64.156'])
 UNAME  uname_result(system='Linux', node='c3cpu-a7-u1-3.rc.int.colorado.edu', release='4.18.0-305.34.2.el8_4.x86_64', version='#1 SMP Mon Jan 17 09:42:23 EST 2022', machine='x86_64', processor='x86_64')
 TIMESTAMP_DATA  1728533233.960003
 CONFIG  {'nux': ['workstation,', 'MPI', 'and', 'OpenMP', '(8-core', 'Intel', 'Xeon', 'CPU', 'E5530,', '2.40', 'GHz)'], 'ERT_RESULTS': ['Results.alpine'], 'ERT_DRIVER': ['driver1'], 'ERT_KERNEL': ['kernel1'], 'ERT_MPI': ['True'], 'ERT_MPI_CFLAGS': ['-I/usr/include/mpi'], 'ERT_MPI_LDFLAGS': ['-lmpi'], 'ERT_OPENMP': ['True'], 'ERT_OPENMP_CFLAGS': ['-qopenmp'], 'ERT_OPENMP_LDFLAGS': ['-qopenmp'], 'ERT_FLOPS': ['1,2,4,8,16'], 'ERT_ALIGN': ['32'], 'ERT_CC': ['icpc'], 'ERT_CFLAGS': ['-O3', '-fno-alias', '-fno-fnalias', '-DERT_INTEL'], 'ERT_LD': ['icpc'], 'ERT_LDFLAGS': [], 'ERT_LDLIBS': [], 'ERT_PRECISION': ['FP64'], 'ERT_RUN': ['export', 'OMP_NUM_THREADS=ERT_OPENMP_THREADS;', 'mpirun', '-np', 'ERT_MPI_PROCS', 'ERT_CODE'], 'ERT_PROCS_THREADS': ['1-8'], 'ERT_MPI_PROCS': ['1,2,4,8'], 'ERT_OPENMP_THREADS': ['1,2,4,8'], 'ERT_NUM_EXPERIMENTS': ['3'], 'ERT_MEMORY_MAX': ['1073741824'], 'ERT_WORKING_SET_MIN': ['1'], 'ERT_TRIALS_MIN': ['1'], 'ERT_GNUPLOT': ['gnuplot'], 'ERT_GPU': [False], 'ERT_HIP': [False], 'ERT_OCL': [False], 'ERT_SYCL': [False], 'ERT_WSS_MULT': [1.1]}
 TIMESTAMP_DATA  1728533238.247656
 TIMESTAMP_DATA  1728533242.5528128
 