fp64
 64 16777216 293734.074 294167.042 316393.137 6.787390107011077 7.3002183840839665 7.310979004771506 6.787390107011077 7.3002183840839665 7.310979004771506
 128 8388608 149595.976 149612.904 161854.029 13.26802713079203 14.353599125380253 14.35522335172973 13.26802713079203 14.353599125380253 14.35522335172973
 192 4194304 74816.942 74862.957 80197.096 20.083180268771823 21.514147991776497 21.527379934881594 20.083180268771823 21.514147991776497 21.527379934881594
 256 4194304 75081.11 75129.032 80001.831 26.842931232411416 28.583938736226493 28.602182999159176 26.842931232411416 28.583938736226493 28.602182999159176
 320 2097152 37544.966 37551.88 40348.053 33.26498257549131 35.741946341967434 35.748528311358704 33.26498257549131 35.741946341967434 35.748528311358704
 384 2097152 37876.129 37884.951 40529.966 39.73881290697357 42.513259051067536 42.523161118180795 39.73881290697357 42.513259051067536 42.523161118180795
 448 2097152 37919.998 37930.965 39156.914 47.98764764761595 49.53863398940681 49.55296126334184 47.98764764761595 49.53863398940681 49.55296126334184
 512 2097152 38144.827 38158.178 41272.163 52.032253507042995 56.27846402938841 56.298161949980795 52.032253507042995 56.27846402938841 56.298161949980795
 576 1048576 19138.098 19145.012 20789.862 58.10329823257123 63.0952622019772 63.118056559225465 58.10329823257123 63.0952622019772 63.118056559225465
 640 1048576 19246.817 19256.83 20764.112 64.63928146794815 69.69876558083547 69.73502579673304 64.63928146794815 69.69876558083547 69.73502579673304
 704 1048576 19382.0 19389.868 21233.082 69.53277004252139 76.14260231168154 76.17351191827468 69.53277004252139 76.14260231168154 76.17351191827468
 768 1048576 19439.936 19453.049 21114.826 76.27875957869603 82.79487374961118 82.85072214229511 76.27875957869603 82.79487374961118 82.85072214229511
 832 1048576 19737.005 19742.012 20488.024 85.16343323299505 88.3815927170949 88.40401388153876 85.16343323299505 88.3815927170949 88.40401388153876
 896 1048576 19848.108 19851.923 19856.215 94.63274808416408 94.65320775221625 94.67140102220323 94.63274808416408 94.65320775221625 94.67140102220323
 960 1048576 21358.967 21363.02 21370.888 94.2060021090373 94.24069817844105 94.25858095103568 94.2060021090373 94.24069817844105 94.25858095103568
 1024 1048576 19829.035 19829.988 19833.088 108.27782582319003 108.29475277544294 108.29995751180026 108.27782582319003 108.29475277544294 108.29995751180026
 1088 524288 10372.162 10375.023 10375.977 109.95115814154174 109.96126832682685 109.99159943703154 109.95115814154174 109.96126832682685 109.99159943703154
 1152 524288 10878.086 10880.947 10881.901 111.00629862374231 111.01603123331084 111.04522909636862 111.00629862374231 111.01603123331084 111.04522909636862
 1216 524288 12434.006 12436.867 12445.211 102.45454384019686 102.52328146630498 102.5468715392288 102.45454384019686 102.52328146630498 102.5468715392288
 1280 524288 12418.985 12419.939 12428.999 107.98756038197445 108.06633430325222 108.07463572908736 107.98756038197445 108.06633430325222 108.07463572908736
 1408 524288 13221.979 13223.171 13228.893 111.6038211209358 111.6521149125274 111.66218067658403 111.6038211209358 111.6521149125274 111.66218067658403
 1536 524288 13993.979 13993.979 14015.198 114.91901405888095 115.09326518211869 115.09326518211869 114.91901405888095 115.09326518211869 115.09326518211869
 1664 524288 14745.235 14750.957 14752.865 118.27061821551271 118.2859162290284 118.33181797373864 118.27061821551271 118.2859162290284 118.33181797373864
 1792 524288 16271.114 16273.975 16283.989 115.39237664677863 115.46338199487218 115.48368427631937 115.39237664677863 115.46338199487218 115.48368427631937
 1920 524288 17980.814 17981.052 17982.006 111.96002937603289 111.96596951057144 111.96745152916881 111.96002937603289 111.96596951057144 111.96745152916881
 2112 262144 8981.943 8987.904 9018.898 122.775116871263 123.198496112108 123.28025862555575 122.775116871263 123.198496112108 123.28025862555575
 2304 262144 10131.121 10132.074 10143.995 119.08124481528232 119.22135112712361 119.23256587301641 119.08124481528232 119.22135112712361 119.23256587301641
 2496 262144 11844.158 11850.119 11864.185 110.30027330153736 110.43119887656823 110.48677736315237 110.30027330153736 110.43119887656823 110.48677736315237
 2688 262144 12325.048 12328.148 12336.016 114.24159501738649 114.31450563377403 114.34325805465423 114.24159501738649 114.31450563377403 114.34325805465423
 2944 262144 13153.791 13155.937 13159.99 117.28761739180653 117.32375063820997 117.34289164241702 117.28761739180653 117.32375063820997 117.34289164241702
 3200 262144 13328.791 13329.983 13334.036 125.82248915482153 125.86074565886543 125.87200144409196 125.82248915482153 125.86074565886543 125.87200144409196
 3520 262144 15742.064 15749.216 15752.792 117.15343921255358 117.18003994611541 117.2332776693069 117.15343921255358 117.18003994611541 117.2332776693069
 3840 262144 16446.114 16450.882 16452.074 122.37155753128754 122.38042434442116 122.41590445013331 122.37155753128754 122.38042434442116 122.41590445013331
 4224 131072 8746.862 8754.015 8755.922 126.46255368652209 126.49010265575282 126.59354360455212 126.46255368652209 126.49010265575282 126.59354360455212
 4608 131072 9867.907 9868.86 9872.913 122.35087577496124 122.4011235340252 122.41294450788806 122.35087577496124 122.4011235340252 122.41294450788806
 5056 131072 10971.069 10977.03 10981.083 120.69848338274103 120.74304834732163 120.80865264816036 120.69848338274103 120.74304834732163 120.80865264816036
 5504 131072 11540.174 11542.082 11543.036 124.99662792353763 125.0069594029916 125.02762748637932 124.99662792353763 125.0069594029916 125.02762748637932
 6016 131072 12687.922 12688.875 12692.928 124.2470062069209 124.2866923978682 124.2960276710402 124.2470062069209 124.2866923978682 124.2960276710402
 6592 131072 14093.876 14105.082 14106.989 122.49624976669365 122.51281119811993 122.6102207795783 122.49624976669365 122.51281119811993 122.6102207795783
 7232 131072 14786.959 14791.965 14795.065 128.13903879435475 128.16589330761667 128.2092827876239 128.13903879435475 128.16589330761667 128.2092827876239
 7936 131072 16541.958 16545.057 16560.078 125.62590490213873 125.73995870790894 125.76351505668192 125.62590490213873 125.73995870790894 125.76351505668192
 8704 65536 9052.992 9056.091 9058.952 125.9362769556567 125.97606274053561 126.0191865849434 125.9362769556567 125.97606274053561 126.0191865849434
 9536 65536 9917.974 9920.12 9922.981 125.96039355512221 125.99672100740716 126.02398352728088 125.96039355512221 125.99672100740716 126.02398352728088
 10432 65536 10761.976 10763.168 10766.983 126.99408032872346 127.03909332270943 127.05316421445279 126.99408032872346 127.03909332270943 127.05316421445279
 11456 65536 11818.886 11819.124 11822.939 127.00402429548186 127.0450189032622 127.0475772420514 127.00402429548186 127.0450189032622 127.0475772420514
 12544 65536 12861.013 12867.928 12871.981 127.73225566445446 127.77248738102979 127.84118700447624 127.73225566445446 127.77248738102979 127.84118700447624
 13760 65536 14328.003 14328.957 14332.056 125.84033442236061 125.86755058306059 125.87593120967381 125.84033442236061 125.86755058306059 125.87593120967381
 15104 65536 15502.93 15512.943 15527.01 127.50114078628144 127.61675769710493 127.69918254162278 127.50114078628144 127.61675769710493 127.69918254162278
 16576 32768 8501.053 8502.96 8502.96 127.75842012663826 127.75842012663826 127.78707955355648 127.75842012663826 127.75842012663826 127.78707955355648
 18176 32768 9263.039 9270.906 9273.052 128.45634166615264 128.4860763338556 128.59519818495852 128.45634166615264 128.4860763338556 128.59519818495852
 19968 32768 10226.965 10232.925 10233.879 127.87163576977994 127.88355704747178 127.95808414324289 127.87163576977994 127.88355704747178 127.95808414324289
 21952 32768 11255.98 11257.887 11267.185 127.68462326659233 127.79007925732421 127.81172958729493 127.68462326659233 127.79007925732421 127.81172958729493
 24128 32768 12351.036 12352.943 12355.089 127.98391075936402 128.00614460861675 128.02590875777548 127.98391075936402 128.00614460861675 128.02590875777548
 26496 32768 13497.114 13501.167 13504.982 128.57787266950817 128.61420468319517 128.65282578186714 128.57787266950817 128.61420468319517 128.65282578186714
 29120 32768 14872.074 14875.889 14878.035 128.27018621746757 128.2886905112024 128.3215992604663 128.27018621746757 128.2886905112024 128.3215992604663
 32000 32768 16206.026 16213.179 16213.894 129.34289566713585 129.34859967931027 129.40569143848097 129.34289566713585 129.34859967931027 129.40569143848097
 35200 16384 8939.981 8939.981 8946.18 128.93029203525975 129.01969254744503 129.01969254744503 128.93029203525975 129.01969254744503 129.01969254744503
 38720 16384 9841.919 9845.972 9847.879 128.83758624572866 128.86253993003433 128.91560680391703 128.83758624572866 128.86253993003433 128.91560680391703
 42560 16384 10807.991 10815.859 10820.15 128.88971779503981 128.94085250186785 129.034718848304 128.88971779503981 128.94085250186785 129.034718848304
 46784 16384 11878.967 11885.166 11896.849 128.85917203790683 128.98583932273223 129.05315016027907 128.85917203790683 128.98583932273223 129.05315016027907
 51456 16384 13020.039 13027.906 13031.96 129.3827028321143 129.42296390532755 129.50116416701977 129.3827028321143 129.42296390532755 129.50116416701977
 56576 16384 14302.969 14306.784 14307.022 129.57849425268236 129.58064985114754 129.61521261774394 129.57849425268236 129.58064985114754 129.61521261774394
 62208 16384 15745.878 15749.931 15752.077 129.4071724001857 129.4248047181921 129.45811875336514 129.4071724001857 129.4248047181921 129.45811875336514
 68416 8192 8658.886 8659.84 8661.985 129.40772167118737 129.43977533072206 129.45403646612277 129.40772167118737 129.43977533072206 129.45403646612277
 75200 8192 9513.14 9514.093 9523.869 129.36725610148562 129.50018462085663 129.51315759044857 129.36725610148562 129.50018462085663 129.51315759044857
 82688 8192 10452.032 10460.138 10463.953 129.46925430571028 129.51647406563853 129.6169196573451 129.46925430571028 129.51647406563853 129.6169196573451
 90944 8192 11502.028 11513.948 11518.955 129.3543117409522 129.41056325771143 129.54467646922785 129.3543117409522 129.41056325771143 129.54467646922785
 100032 8192 12639.046 12643.814 12656.927 129.4883258787856 129.62261925080517 129.6715185623978 129.4883258787856 129.62261925080517 129.6715185623978
 110016 8192 13916.969 13928.89 13931.99 129.37865617187495 129.4074505577975 129.51829841684636 129.37865617187495 129.4074505577975 129.51829841684636
 120960 8192 15250.206 15251.875 15253.067 129.92853437279206 129.9386888497316 129.9529094885669 129.92853437279206 129.9386888497316 129.9529094885669
 133056 4096 8419.037 8420.944 8430.004 129.29943473336428 129.4385465572506 129.4678657428397 129.29943473336428 129.4385465572506 129.4678657428397
 146304 4096 9245.157 9253.025 9255.886 129.48758962675208 129.52762669505378 129.63785990870682 129.48758962675208 129.52762669505378 129.63785990870682
 160896 4096 10166.168 10166.883 10174.99 129.5391967952794 129.64249042700698 129.6516083542983 129.5391967952794 129.64249042700698 129.6516083542983
 176960 4096 11180.878 11188.03 11196.136 129.4782700031511 129.57208016067173 129.65496269613175 129.4782700031511 129.57208016067173 129.65496269613175
 194624 4096 12287.14 12290.001 12296.2 129.66280704607928 129.72820815881138 129.75841473280195 129.66280704607928 129.72820815881138 129.75841473280195
 214080 4096 13520.956 13520.956 13524.055 129.67585239782005 129.70557407331256 129.70557407331256 129.67585239782005 129.70557407331256 129.70557407331256
 235456 4096 14873.028 14878.988 14889.002 129.54901557538912 129.63620590325095 129.68815442289224 129.54901557538912 129.63620590325095 129.68815442289224
 258944 4096 16340.971 16351.938 16355.038 129.7012729655535 129.72586172966163 129.81292531514805 129.7012729655535 129.72586172966163 129.81292531514805
 284800 2048 9027.004 9039.164 9039.164 129.05405853904188 129.05405853904188 129.22790329992097 129.05405853904188 129.05405853904188 129.22790329992097
 313280 2048 9945.869 9961.128 9969.95 128.7062502820977 128.82023802926733 129.01787465730746 128.7062502820977 128.82023802926733 129.01787465730746
 344576 2048 10936.022 10945.082 10946.989 128.92890419456893 128.95136792944996 129.05819831013505 128.92890419456893 128.95136792944996 129.05819831013505
 379008 2048 12019.157 12029.886 12042.999 128.90616099860176 129.04667326024537 129.16186784148007 128.90616099860176 129.04667326024537 129.16186784148007
 416896 2048 13216.019 13233.9 13236.046 129.01179219232088 129.03271265462183 129.20729124254436 129.01179219232088 129.03271265462183 129.20729124254436
 458560 2048 14535.189 14545.918 14548.063 129.10734301879225 129.12638171066274 129.22169501889516 129.10734301879225 129.12638171066274 129.22169501889516
 504384 2048 15980.959 16000.032 16003.847 129.09126561882277 129.1220457559085 129.27615069909135 129.09126561882277 129.1220457559085 129.27615069909135
 554816 1024 8787.87 8796.93 8799.076 129.1343736546883 129.1658758225881 129.29904151973113 129.1343736546883 129.1658758225881 129.29904151973113
 610240 1024 9661.913 9675.026 9683.847 129.05733847302628 129.17500376743172 129.35031809953162 129.05733847302628 129.17500376743172 129.35031809953162
 671232 1024 10630.131 10637.045 10643.959 129.15148733661977 129.23543484116126 129.3194915471879 129.15148733661977 129.23543484116126 129.3194915471879
 738304 1024 11687.04 11693.954 11708.975 129.13569223608386 129.30156831470347 129.37806253764853 129.13569223608386 129.30156831470347 129.37806253764853
 812096 1024 12858.152 12859.106 12867.928 129.2494493285943 129.33812101712203 129.3477171525115 129.2494493285943 129.33812101712203 129.3477171525115
 893248 1024 14130.831 14140.844 14142.036 129.3570391137457 129.36794324299171 129.45961238939168 129.3570391137457 129.36794324299171 129.45961238939168
 982528 1024 15542.984 15552.998 15570.164 129.2354623881932 129.37810086518368 129.4614563072316 129.2354623881932 129.37810086518368 129.4614563072316
 1080768 512 8553.982 8554.935 8558.035 129.3178202706579 129.3646803862332 129.37909291836246 129.3178202706579 129.3646803862332 129.37909291836246
 1188800 512 9404.898 9407.043 9416.103 129.28184834001925 129.40636074481642 129.43587479630295 129.28184834001925 129.40636074481642 129.43587479630295
 1307648 512 10342.836 10344.982 10354.996 129.31260929506877 129.43778461866825 129.46464122606218 129.31260929506877 129.43778461866825 129.46464122606218
 1438400 512 11378.05 11380.911 11397.123 129.23626427476478 129.42036011001227 129.45290273816693 129.23626427476478 129.42036011001227 129.45290273816693
 1582208 512 12516.975 12519.121 12525.797 129.34753708686162 129.41651350761768 129.43870160322282 129.34753708686162 129.41651350761768 129.43870160322282
 1740416 512 13757.944 13765.097 13767.004 129.45343692788933 129.4713712515066 129.53868572222711 129.45343692788933 129.4713712515066 129.53868572222711
 1914432 512 15136.003 15137.911 15146.971 129.42378829404242 129.501248091629 129.51757263790182 129.42378829404242 129.501248091629 129.51757263790182
 2105856 256 8327.007 8327.961 8332.014 129.40427992559785 129.4672575916242 129.48209026364458 129.40427992559785 129.4672575916242 129.48209026364458
 2316416 256 9156.942 9157.896 9165.049 129.4051992520716 129.50627436695066 129.5197667518261 129.4051992520716 129.50627436695066 129.5197667518261
 2548032 256 10070.086 10073.9 10075.808 129.4776938980973 129.50221701624992 129.5512654013084 129.4776938980973 129.50221701624992 129.5512654013084
 2802816 256 11079.073 11080.98 11093.855 129.35465552776742 129.50495281103298 129.52724402122814 129.35465552776742 129.50495281103298 129.52724402122814
 3083072 256 12187.004 12190.819 12192.965 129.46259289680566 129.485382729413 129.52591662397091 129.46259289680566 129.485382729413 129.52591662397091
 3391360 256 13401.985 13423.92 13453.007 129.06975518558787 129.34942401325395 129.56112993709513 129.06975518558787 129.34942401325395 129.56112993709513
 3730496 256 14789.104 14796.972 14842.987 128.68123862130986 129.0814061147105 129.15007913934474 128.68123862130986 129.0814061147105 129.15007913934474
 4103488 256 16288.042 16301.87 16358.137 128.4367441108972 128.88005216579447 128.9894669967084 128.4367441108972 128.88005216579447 128.9894669967084
 4513792 128 8960.009 8972.883 8991.957 128.50714833267108 128.7803208846031 128.96535617319134 128.50714833267108 128.7803208846031 128.96535617319134
 4965120 128 9862.185 9862.9 9867.907 128.80854268286072 128.87393363006825 128.88327688032624 128.80854268286072 128.87393363006825 128.88327688032624
 5461632 128 10842.085 10848.999 10853.052 128.82807453608442 128.87620249573257 128.9583868785386 128.82807453608442 128.87620249573257 128.9583868785386
 6007744 128 11930.943 11932.85 11933.804 128.87612901971576 128.88643232756633 128.90703308196174 128.87612901971576 128.88643232756633 128.90703308196174
 6608512 128 13119.936 13121.843 13134.003 128.8090974244486 128.9284646981373 128.94720462051035 128.8090974244486 128.9284646981373 128.94720462051035
 7269312 128 14430.046 14433.146 14438.868 128.8843330377423 128.93542904644627 128.96312818406815 128.8843330377423 128.93542904644627 128.96312818406815
 7996224 128 15871.048 15876.055 15879.869 128.90744526922734 128.9384134786633 128.97909098378378 128.90744526922734 128.9384134786633 128.97909098378378
 8795840 64 8728.027 8732.08 8741.856 128.79044450057287 128.93463184029463 128.99450471452482 128.79044450057287 128.93463184029463 128.99450471452482
 9675392 64 9598.97 9604.931 9606.123 128.92299796702582 128.93899768775017 129.0190693376477 128.92299796702582 128.93899768775017 129.0190693376477
 10642880 64 10558.128 10563.85 10563.85 128.9575902724859 128.9575902724859 129.02747911372168 128.9575902724859 128.9575902724859 129.02747911372168
 11707136 64 11612.177 11617.184 11632.919 128.81662874124714 128.9911055897884 129.04672465808952 128.81662874124714 128.9911055897884 129.04672465808952
 12877824 64 12776.136 12781.143 12783.051 128.94898659169866 128.96823640890332 129.0187793868193 128.94898659169866 128.96823640890332 129.0187793868193
 14165568 64 14050.961 14055.014 14057.875 128.98056811573585 129.0068230454982 129.04403506635597 128.98056811573585 129.0068230454982 129.04403506635597
 15582080 64 15462.875 15464.067 15498.877 128.6871455267372 128.97682349669074 128.9867660444775 128.6871455267372 128.97682349669074 128.9867660444775
 17140288 32 8499.861 8500.814 8500.814 129.04392826381095 129.04392826381095 129.058396602015 129.04392826381095 129.04392826381095 129.058396602015
 18854272 32 9349.823 9355.068 9364.128 128.86126802196637 128.98606487948564 129.0584226032942 128.86126802196637 128.98606487948564 129.0584226032942
 20739648 32 10285.854 10290.861 10316.133 128.6661845092536 128.98215921874757 129.0449458061528 128.6661845092536 128.98215921874757 129.0449458061528
 22813568 32 11317.015 11317.968 11347.055 128.67377059510156 129.00446016458076 129.01532356367824 128.67377059510156 129.00446016458076 129.01532356367824
 25094912 32 12445.927 12449.026 12479.067 128.70147808325734 129.01205025999624 129.04417388917676 128.70147808325734 129.01205025999624 129.04417388917676
 27604352 32 13694.048 13695.002 13716.936 128.79541961849208 129.00169916002932 129.01068610245852 128.79541961849208 129.00169916002932 129.01068610245852
 30364736 32 15054.941 15169.144 15185.118 127.97681940963514 128.11158652063688 129.08340882903494 127.97681940963514 128.11158652063688 129.08340882903494
 33401152 32 16563.892 16566.992 16598.94 128.783749323752 129.03209755880852 129.05624644256315 128.783749323752 129.03209755880852 129.05624644256315
 36741248 16 9118.08 9119.034 9140.968 128.6209443026165 128.93031608391854 128.94380571348353 128.6209443026165 128.93031608391854 128.94380571348353
 40415360 16 10031.939 10139.942 10163.069 127.25403320591447 127.54427194948452 128.91740270749253 127.25403320591447 127.54427194948452 128.91740270749253
 44456896 16 11031.866 11034.966 11059.999 128.6275588270849 128.9193525381048 128.95557940968465 128.6275588270849 128.9193525381048 128.95557940968465
 48902528 16 12137.175 12145.042 12156.963 128.72301215361108 128.84936058681396 128.93287737879697 128.72301215361108 128.84936058681396 128.93287737879697
 53792768 16 13350.964 13464.928 13494.015 127.56533737364305 127.84090460788205 128.93215620984373 127.56533737364305 127.84090460788205 128.93215620984373
 59172032 16 14683.962 14690.161 14718.056 128.65184260747478 128.8961383064488 128.9505532634857 128.65184260747478 128.8961383064488 128.9505532634857
 65089216 16 16155.958 16159.058 16186.953 128.6749218336521 128.89705031072975 128.92178303508837 128.6749218336521 128.89705031072975 128.92178303508837
 71598080 8 8910.894 8919.001 8939.028 128.15367397887107 128.4414341920132 128.5582883154036 128.15367397887107 128.4414341920132 128.5582883154036
 78757888 8 9813.07 9827.137 9843.111 128.02113153046835 128.22922973394995 128.41304586638023 128.02113153046835 128.22922973394995 128.41304586638023
 86633664 8 10792.971 10796.07 10818.958 128.12126861015636 128.39288963483935 128.42975525460042 128.12126861015636 128.39288963483935 128.42975525460042
 95297024 8 11879.921 11904.001 11906.147 128.06430023079673 128.08738708943318 128.3470137553945 128.06430023079673 128.08738708943318 128.3470137553945
 104826688 8 13093.948 13093.948 13103.962 127.99388520815307 128.09177247381766 128.09177247381766 127.99388520815307 128.09177247381766 128.09177247381766
 115309312 8 14381.17 14399.052 14408.112 128.0493233256377 128.12989299573334 128.28921374269268 128.0493233256377 128.12989299573334 128.28921374269268
 126840192 8 15825.987 15846.968 15850.067 128.04003112415865 128.06507036551093 128.234850186595 128.04003112415865 128.06507036551093 128.234850186595
 139524160 4 8763.79 8970.976 8985.996 124.21475371233196 124.4227250189946 127.36422027456157 124.21475371233196 124.4227250189946 127.36422027456157
 153476544 4 9644.032 9655.952 9656.906 127.14345070771112 127.1560123745437 127.31317689530687 127.14345070771112 127.1560123745437 127.31317689530687
 168824192 4 10624.17 10630.131 10856.152 124.40812693116308 127.0533294462693 127.12461641709423 124.40812693116308 127.0533294462693 127.12461641709423
 185706560 4 11691.093 11711.836 11722.088 126.73957745411909 126.85051942325696 127.07558480631364 126.73957745411909 126.85051942325696 127.07558480631364
 204277184 4 12976.885 13015.032 13028.86 125.43058041916177 125.56384586684075 125.93295478845654 125.43058041916177 125.56384586684075 125.93295478845654
 224704896 4 14338.97 14369.011 14371.872 125.08037700307935 125.10528163698947 125.36738468662672 125.08037700307935 125.10528163698947 125.36738468662672
 247175360 4 15845.06 15866.041 15977.144 123.76447755618904 124.63114648449478 124.79617495926175 123.76447755618904 124.63114648449478 124.79617495926175
 271892864 2 8863.926 8879.185 8899.927 122.20004231495382 122.48550469440609 122.69636005535246 122.20004231495382 122.48550469440609 122.69636005535246
 299082112 2 9732.008 9747.982 9767.056 122.48608465027743 122.72575472543959 122.92719529207127 122.48608465027743 122.72575472543959 122.92719529207127
 328990272 2 10576.01 10586.977 10596.037 124.19370449536933 124.29998553883699 124.42888083502189 124.19370449536933 124.29998553883699 124.42888083502189
 361889280 2 11630.058 11680.126 11703.968 123.68088497849617 123.93334797929404 124.46688743942634 123.68088497849617 123.93334797929404 124.46688743942634
 398078208 2 12755.871 12794.971 12825.012 124.15682979477913 124.4483345839549 124.82980048951578 124.15682979477913 124.4483345839549 124.82980048951578
 437886016 2 14066.935 14094.114 14162.064 123.67858696303024 124.27486140668367 124.51497529490256 123.67858696303024 124.27486140668367 124.51497529490256
 481674560 2 15480.042 15500.069 15513.182 124.19748830381799 124.30255891118935 124.46337290299341 124.19748830381799 124.30255891118935 124.46337290299341
 529841984 2 17028.093 17073.154 17089.128 124.0184950338016 124.13452933183875 124.46302331094856 124.0184950338016 124.13452933183875 124.46302331094856
 582826176 1 9421.11 9442.091 9449.959 123.34999040736577 123.45277672074967 123.72770851842299 123.34999040736577 123.45277672074967 123.72770851842299
 641108736 1 10354.996 10377.884 10399.818 123.29229915369672 123.55288149299027 123.8259746309897 123.29229915369672 123.55288149299027 123.8259746309897
 705219584 1 11425.018 11426.21 11476.994 122.89273375937984 123.4389327694835 123.45181145447647 122.89273375937984 123.4389327694835 123.45181145447647
 775741504 1 12588.978 12613.058 12622.118 122.9178025431231 123.00609479477536 123.24137892686763 122.9178025431231 123.00609479477536 123.24137892686763
 853315648 1 13870.001 13877.869 13890.982 122.85893797861088 122.97502563253767 123.04478536086624 122.85893797861088 122.97502563253767 123.04478536086624
 938647168 1 15284.061 15305.042 15308.142 122.63371583566445 122.65855500429205 122.82693297285323 122.63371583566445 122.65855500429205 122.82693297285323
 1032511872 1 16843.081 16860.008 16880.989 122.32836263325565 122.48059099378835 122.60368183232035 122.32836263325565 122.48059099378835 122.60368183232035
 
META_DATA
 FLOPS          16
 MPI_PROCS      1
 OPENMP_THREADS 8
 ERT_VERSION  1.1.0
 HOSTNAME  ('c3cpu-a7-u1-3.rc.int.colorado.edu', [], ['10.225.64.156'])
 UNAME  uname_result(system='Linux', node='c3cpu-a7-u1-3.rc.int.colorado.edu', release='4.18.0-305.34.2.el8_4.x86_64', version='#1 SMP Mon Jan 17 09:42:23 EST 2022', machine='x86_64', processor='x86_64')
 TIMESTAMP_DATA  1728534252.115256
 CONFIG  {'nux': ['workstation,', 'MPI', 'and', 'OpenMP', '(8-core', 'Intel', 'Xeon', 'CPU', 'E5530,', '2.40', 'GHz)'], 'ERT_RESULTS': ['Results.alpine'], 'ERT_DRIVER': ['driver1'], 'ERT_KERNEL': ['kernel1'], 'ERT_MPI': ['True'], 'ERT_MPI_CFLAGS': ['-I/usr/include/mpi'], 'ERT_MPI_LDFLAGS': ['-lmpi'], 'ERT_OPENMP': ['True'], 'ERT_OPENMP_CFLAGS': ['-qopenmp'], 'ERT_OPENMP_LDFLAGS': ['-qopenmp'], 'ERT_FLOPS': ['1,2,4,8,16'], 'ERT_ALIGN': ['32'], 'ERT_CC': ['icpc'], 'ERT_CFLAGS': ['-O3', '-fno-alias', '-fno-fnalias', '-DERT_INTEL'], 'ERT_LD': ['icpc'], 'ERT_LDFLAGS': [], 'ERT_LDLIBS': [], 'ERT_PRECISION': ['FP64'], 'ERT_RUN': ['export', 'OMP_NUM_THREADS=ERT_OPENMP_THREADS;', 'mpirun', '-np', 'ERT_MPI_PROCS', 'ERT_CODE'], 'ERT_PROCS_THREADS': ['1-8'], 'ERT_MPI_PROCS': ['1,2,4,8'], 'ERT_OPENMP_THREADS': ['1,2,4,8'], 'ERT_NUM_EXPERIMENTS': ['3'], 'ERT_MEMORY_MAX': ['1073741824'], 'ERT_WORKING_SET_MIN': ['1'], 'ERT_TRIALS_MIN': ['1'], 'ERT_GNUPLOT': ['gnuplot'], 'ERT_GPU': [False], 'ERT_HIP': [False], 'ERT_OCL': [False], 'ERT_SYCL': [False], 'ERT_WSS_MULT': [1.1]}
 TIMESTAMP_DATA  1728534260.3729029
 TIMESTAMP_DATA  1728534269.0679848
 