fp64
 8 134217728 783102.036 783218.861 783226.967 2.7418407926191852 2.7418691695679174 2.7422782080469528 0.6854601981547963 0.6854672923919793 0.6855695520117382
 16 67108864 413178.921 413206.1 413386.822 5.1948526990054855 5.197124747190325 5.197466615195503 1.2987131747513714 1.2992811867975813 1.2993666537988757
 24 33554432 206728.935 206737.995 206768.99 7.789430784567841 7.790598607672479 7.790940034591674 1.9473576961419603 1.9476496519181197 1.9477350086479186
 32 33554432 207009.077 207059.86 207068.92 10.37086419342893 10.371317975391273 10.373862243731468 2.5927160483572327 2.5928294938478182 2.593465560932867
 40 16777216 103837.967 103862.047 103870.869 12.921594792857658 12.922692347860234 12.925689117160777 3.2303986982144144 3.2306730869650586 3.2314222792901943
 48 16777216 104336.023 104372.025 108800.888 14.80330506126016 15.431460067963615 15.436784819754918 3.70082626531504 3.8578650169909037 3.8591962049387294
 56 16777216 104333.878 104348.183 112343.073 16.72598177904569 18.007483580236368 18.00995254868222 4.181495444761422 4.501870895059092 4.502488137170555
 64 16777216 104872.942 104875.088 112265.825 19.128560699571754 20.476584944558045 20.477003953984624 4.782140174892938 5.119146236139511 5.119250988496156
 72 8388608 51799.059 51813.126 55327.892 21.832741287161276 23.31377481451322 23.3201061046302 5.458185321790319 5.828443703628305 5.83002652615755
 80 8388608 58438.063 66275.835 69668.055 19.26531866003723 20.25138242317128 22.96751827657258 4.816329665009308 5.06284560579282 5.741879569143145
 88 8388608 65464.02 68431.139 75074.911 19.665624485389 21.57490039731766 22.55277033093904 4.91640612134725 5.393725099329415 5.63819258273476
 96 8388608 53336.859 53338.051 56539.059 28.48672695454659 30.196317746968298 30.196992590058596 7.1216817386366476 7.549079436742074 7.549248147514649
 104 8388608 52261.114 52338.123 56433.916 30.91811782120525 33.33765836424818 33.38678283819208 7.7295294553013125 8.334414591062044 8.34669570954802
 112 8388608 54057.121 54071.903 58254.004 32.256120832483894 34.75091660820593 34.76041929794966 8.064030208120974 8.687729152051482 8.690104824487415
 120 8388608 54422.14 54436.922 58621.883 34.34324891952038 36.983463539690945 36.99350889178558 8.585812229880094 9.245865884922736 9.248377222946395
 128 8388608 55900.812 55915.833 60773.849 35.3356531359401 38.405645284762194 38.41596519206197 8.833913283985025 9.601411321190549 9.603991298015492
 136 4194304 28003.931 28012.991 28012.991 40.72577212479738 40.72577212479738 40.73894797126875 10.181443031199345 10.181443031199345 10.184736992817188
 144 4194304 28181.076 28187.037 28250.933 42.758218002924 42.85514479581518 42.86420972712327 10.689554500731 10.713786198953795 10.716052431780817
 152 4194304 28341.055 28342.009 28345.823 44.98258582931249 44.98863916104184 44.990153542272864 11.245646457328123 11.24715979026046 11.247538385568216
 160 4194304 28409.004 28414.965 28430.939 47.208334554127816 47.234873595656374 47.24478478724562 11.802083638531954 11.808718398914094 11.811196196811405
 176 4194304 28898.954 28901.1 28908.014 51.07217009096509 51.084388068274215 51.08818153072252 12.768042522741272 12.771097017068554 12.77204538268063
 192 4194304 31275.988 31279.087 31291.008 51.47206302845852 51.491679920197164 51.49678200413684 12.86801575711463 12.872919980049291 12.87419550103421
 208 4194304 35391.092 36644.936 39256.811 44.44656658433106 47.61450433424143 49.30140228507219 11.111641646082765 11.903626083560358 12.325350571268048
 224 4194304 36730.051 36737.919 36738.873 51.146048818645035 51.14737696492825 51.15833332221619 12.786512204661259 12.786844241232062 12.789583330554047
 240 4194304 39439.917 39442.062 39456.129 51.02542928121509 51.043627485804365 51.0464035712854 12.756357320303772 12.760906871451091 12.76160089282135
 264 2097152 19721.031 19721.985 19735.813 56.10593574229752 56.14527422062231 56.1479902343848 14.02648393557438 14.036318555155578 14.0369975585962
 288 2097152 20415.068 20416.021 20423.889 59.14444364635941 59.16723694592594 59.16999894391731 14.786110911589853 14.791809236481486 14.792499735979327
 312 2097152 23118.973 23123.026 23128.033 56.5816750607369 56.59392710971306 56.6038486225145 14.145418765184225 14.148481777428264 14.150962155628624
 336 2097152 24481.058 24487.972 24493.933 57.536131253400576 57.550137022371636 57.56639047217649 14.384032813350144 14.387534255592909 14.391597618044122
 368 2097152 27197.123 27205.944 27215.958 56.71319275257554 56.73406781988525 56.75246870781149 14.178298188143884 14.183516954971312 14.188117176952872
 400 2097152 30319.929 32768.965 33610.106 49.917176696794705 51.19849223190296 55.33395543241542 12.479294174198676 12.79962305797574 13.833488858103856
 440 2097152 31286.001 31286.955 31292.915 58.974811391012956 58.98604578170038 58.98784443559917 14.743702847753239 14.746511445425096 14.746961108899793
 480 2097152 33993.959 34008.98 34027.1 59.16654431320918 59.198068274908564 59.22422628091066 14.791636078302295 14.799517068727141 14.806056570227666
 528 1048576 17683.029 17684.937 17692.089 62.587083752517856 62.61239471760628 62.61915059914226 15.646770938129464 15.65309867940157 15.654787649785565
 576 1048576 19379.139 19397.974 19401.073 62.262512594019924 62.272459587789946 62.332983524190624 15.565628148504981 15.568114896947487 15.583245881047656
 632 1048576 22104.025 22107.124 22107.124 59.95352737877619 59.95352737877619 59.96193290588479 14.988381844694047 14.988381844694047 14.990483226471197
 688 1048576 22794.962 22803.068 22803.068 63.27396716968086 63.27396716968086 63.29646770194221 15.818491792420215 15.818491792420215 15.824116925485553
 752 1048576 25495.052 25497.913 25507.927 61.82620422271084 61.8504857240669 61.85742645278778 15.45655105567771 15.462621431016725 15.464356613196944
 824 1048576 27210.951 27212.858 27213.097 63.50079331286695 63.5013510157588 63.505801322416104 15.875198328216738 15.8753377539397 15.876450330604026
 904 1048576 29253.006 29254.913 29281.855 64.74403373693367 64.80365906403482 64.8078836069018 16.18600843423342 16.200914766008705 16.20197090172545
 992 1048576 32650.948 32656.908 32669.067 63.68026316760133 63.7039729542062 63.71560127442548 15.920065791900333 15.92599323855155 15.92890031860637
 1088 524288 17515.898 17516.136 17519.951 65.11723052193467 65.13141300113222 65.13229798437968 16.279307630483668 16.282853250283054 16.28307449609492
 1192 524288 19210.1 19217.968 19231.081 64.99388110319957 65.03822839126383 65.0648665025169 16.248470275799892 16.259557097815957 16.266216625629227
 1304 524288 20744.085 20748.138 20755.053 65.88001023172525 65.90196691385029 65.9148429058211 16.470002557931313 16.475491728462572 16.478710726455276
 1432 524288 22790.909 22794.962 22796.869 65.86697638171277 65.87248673632358 65.8842011084332 16.466744095428194 16.468121684080895 16.4710502771083
 1568 524288 24653.912 24656.057 24661.064 66.67056895841964 66.68410800640183 66.68990982039686 16.66764223960491 16.671027001600457 16.672477455099216
 1720 524288 27362.108 27378.082 27381.897 65.86653656611153 65.87571474144903 65.91417298696432 16.466634141527884 16.468928685362258 16.47854324674108
 1888 524288 29914.856 29915.094 29922.962 66.1602781168522 66.17767900044038 66.17820550431532 16.54006952921305 16.544419750110094 16.54455137607883
 2072 262144 16235.113 16242.027 16242.981 66.87964087380266 66.88356915057462 66.91205266018167 16.719910218450664 16.720892287643654 16.728013165045418
 2272 262144 17929.077 17940.998 17945.051 66.37943441899385 66.39443000885458 66.43857550503017 16.594858604748463 16.598607502213646 16.609643876257543
 2496 262144 19556.046 19562.006 19563.913 66.8896272437932 66.89614797173664 66.91653558188604 16.7224068109483 16.72403699293416 16.72913389547151
 2744 262144 21508.217 21509.886 21516.8 66.86153480071386 66.88302634425864 66.88821635005822 16.715383700178464 16.72075658606466 16.722054087514554
 3016 262144 23631.096 23639.917 23646.116 66.87155759533616 66.88909305392231 66.91406137066177 16.71788939883404 16.722273263480577 16.728515342665442
 3312 262144 25930.882 25936.127 25946.14 66.92486265779803 66.95069992524327 66.96424194132693 16.731215664449508 16.737674981310818 16.741060485331733
 3640 262144 28307.915 28320.074 28321.028 67.38485340292026 67.38712335285564 67.41606790892229 16.846213350730064 16.84678083821391 16.85401697723057
 4000 262144 30934.095 30948.162 30951.977 67.7550257936674 67.76337799963693 67.7941927830764 16.93875644841685 16.940844499909232 16.9485481957691
 4400 131072 16997.814 17008.066 17010.927 67.80545234248552 67.8168581895202 67.85776100385614 16.95136308562138 16.95421454738005 16.964440250964035
 4840 131072 18826.962 18836.021 18840.79 67.34202546708498 67.35907546503584 67.39148674119596 16.835506366771245 16.83976886625896 16.84787168529899
 5320 131072 20625.114 20627.022 20721.912 67.30103283905463 67.61063618393386 67.61689074785235 16.825258209763657 16.902659045983466 16.904222686963088
 5848 131072 22655.964 22665.024 23204.088 66.06672548388887 67.63805376954376 67.66510186898249 16.51668137097222 16.90951344238594 16.916275467245622
 6432 131072 24734.02 24734.974 24742.842 68.14537343769967 68.16704994312911 68.1696791706322 17.03634335942492 17.04176248578228 17.04241979265805
 7072 131072 27209.997 27211.905 27214.05 68.12225185152522 68.12762164207174 68.13239883855923 17.030562962881305 17.031905410517936 17.033099709639806
 7776 131072 29963.017 29967.07 29968.023 68.02022756055679 68.0223907108703 68.03159187874839 17.005056890139198 17.005597677717574 17.007897969687097
 8552 65536 16490.936 16492.844 16505.003 67.91442231182873 67.96449078157777 67.97235426782325 16.978605577957183 16.99112269539444 16.993088566955812
 9400 65536 18085.957 18105.984 18132.925 67.9469418199215 68.04804422670426 68.12339540561774 16.986735454980376 17.012011056676066 17.030848851404436
 10336 65536 19872.904 19876.003 21469.116 63.10274684807702 68.1605950653157 68.17122409487814 15.775686712019255 17.040148766328926 17.042806023719535
 11368 65536 21859.884 21871.805 23566.961 63.22522857317072 68.12544716816925 68.16259848405417 15.80630714329268 17.03136179204231 17.040649621013543
 12504 65536 24033.07 24060.011 25119.066 65.24622722835315 68.11818531587538 68.19454559904331 16.311556807088287 17.029546328968845 17.048636399760827
 13752 65536 26400.089 26429.892 28291.941 63.710798209285116 68.19937607009518 68.27636618952307 15.927699552321279 17.049844017523796 17.06909154738077
 15120 65536 28980.97 28983.116 30848.98 64.24227446093842 68.37803913147226 68.38310242893871 16.060568615234605 17.094509782868066 17.09577560723468
 16632 32768 16180.992 16183.853 17334.938 62.878491518112156 67.3507570786759 67.36266552755232 15.719622879528039 16.837689269668974 16.84066638188808
 18288 32768 17742.872 17751.932 19582.987 61.20222456359696 67.5150382504845 67.54951329187293 15.30055614089924 16.878759562621124 16.88737832296823
 20112 32768 19462.109 19465.923 21254.778 62.012411138803714 67.71114999273345 67.72441938332582 15.503102784700928 16.927787498183363 16.931104845831456
 22120 32768 21425.962 21430.016 23074.865 62.82404339093642 67.64606801973457 67.65886731246887 15.706010847734104 16.911517004933643 16.914716828117218
 24328 32768 23477.077 23481.131 25490.046 62.548329963782734 67.89961727141677 67.91134211469341 15.637082490945684 16.974904317854193 16.977835528673353
 26760 32768 25804.043 25810.003 27695.894 63.32142085754661 67.94820442291308 67.963898525514 15.830355214386653 16.98705110572827 16.9909746313785
 29432 32768 28398.991 28407.812 30048.132 64.19219510883404 67.89877207016154 67.91986208242398 16.04804877720851 16.974693017540385 16.979965520605994
 32368 32768 31194.925 31204.939 33571.959 63.18574522267228 67.97863786883224 68.00045994660991 15.79643630566807 16.99465946720806 17.000114986652477
 35600 16384 17444.134 17535.925 18743.992 62.23545123151995 66.52291225013792 66.87295568814136 15.558862807879988 16.63072806253448 16.71823892203534
 39160 16384 19429.922 19658.089 21404.028 59.951093317575555 65.27566743644309 66.04220438970367 14.987773329393889 16.31891685911077 16.510551097425918
 43072 16384 21376.133 21517.038 22953.033 61.490056499287036 65.59375393583447 66.02612811213328 15.372514124821759 16.398438483958618 16.50653202803332
 47376 16384 23420.095 23519.993 25773.048 60.234116197665095 66.00413392980177 66.28567339287052 15.058529049416274 16.501033482450442 16.57141834821763
 52112 16384 25890.827 26001.93 28084.04 60.80343198485688 65.67227955770976 65.95409316202993 15.20085799621422 16.41806988942744 16.488523290507484
 57320 16384 28513.908 28525.829 32274.008 58.19735063584294 65.84424803219565 65.87177597683207 14.549337658960734 16.461062008048913 16.467943994208017
 63048 16384 31301.975 31322.002 33565.998 61.54909691646886 65.95864670463912 66.0008470392044 15.387274229117216 16.48966167615978 16.5002117598011
 69352 8192 17220.02 17243.862 17500.877 64.92607016208387 65.89377530393132 65.98500861206898 16.23151754052097 16.47344382598283 16.496252153017245
 76280 8192 18937.826 19104.958 19319.057 64.69112441668348 65.41608309214813 65.99339966477672 16.17278110417087 16.354020773037032 16.49834991619418
 83904 8192 20816.088 21111.965 21239.042 64.72434754825571 65.11393591264479 66.03945640506517 16.181086887063927 16.278483978161198 16.50986410126629
 92288 8192 23128.033 23297.071 23411.989 64.58428593999425 64.90286233836004 65.3772239083194 16.14607148499856 16.22571558459001 16.34430597707985
 101512 8192 24547.1 25166.035 25691.986 64.73507373077348 66.08798755942286 67.75434197929695 16.18376843269337 16.521996889855714 16.93858549482424
 111656 8192 27024.031 28162.956 28802.156 63.51510296659737 64.95667230385902 67.6942645603093 15.878775741649342 16.239168075964756 16.923566140077327
 122816 8192 30772.924 31020.164 31098.127 64.70541920418552 64.86804337978356 65.38921501252206 16.17635480104638 16.21701084494589 16.347303753130515
 135096 4096 16758.919 16902.208 17091.99 64.75000465130157 65.47703305982272 66.03686264012613 16.18750116282539 16.36925826495568 16.509215660031533
 148600 4096 18419.981 18445.015 18588.066 65.48993316464446 65.99784277757433 66.08753830962151 16.372483291161114 16.499460694393584 16.521884577405377
 163456 4096 20272.97 20742.893 20745.039 64.54707325447785 64.55375110887378 66.05009290695936 16.136768313619463 16.138437777218446 16.51252322673984
 179800 4096 22057.056 22269.011 22306.919 66.02980895748085 66.14220990775028 66.77779663795567 16.507452239370213 16.53555247693757 16.69444915948892
 197776 4096 24498.94 24509.907 24528.027 66.05427301592583 66.10310647037544 66.13269765957222 16.513568253981457 16.52577661759386 16.533174414893054
 217552 4096 26956.081 27445.078 27507.782 64.7884291070796 64.93645177470438 66.11443199031788 16.1971072767699 16.234112943676095 16.52860799757947
 239304 4096 29630.899 30285.12 31110.048 63.01431511773946 64.73074460329033 66.1599355456613 15.753578779434864 16.182686150822583 16.539983886415325
 263232 2048 16291.142 16622.066 16749.144 64.37333585525326 64.86547893625259 66.18309950278501 16.093333963813315 16.216369734063147 16.545774875696253
 289552 2048 17922.163 17930.984 18036.842 65.75458120662142 66.14277230965126 66.17532671698164 16.438645301655356 16.535693077412816 16.54383167924541
 318504 2048 19709.11 19828.081 20248.175 64.43012192456851 65.79519137530254 66.19235389117011 16.107530481142128 16.448797843825634 16.54808847279253
 350352 2048 21716.833 21811.008 22312.164 64.31656705284166 65.79438199279923 66.07969919002463 16.079141763210416 16.448595498199808 16.519924797506157
 385384 2048 23899.794 23906.946 24038.076 65.66802035237761 66.02821054600618 66.04796945111744 16.417005088094403 16.507052636501545 16.51199236277936
 423920 2048 26391.029 26872.158 27837.038 62.37647554312351 64.61618452823923 65.79418786588427 15.594118885780878 16.154046132059808 16.448546966471067
 466312 2048 29728.889 29759.169 31399.965 60.828537611427265 64.18236853320735 64.24774070770017 15.207134402856816 16.045592133301838 16.061935176925044
 512936 2048 32775.164 32911.062 35148.859 59.77394190804316 63.83828805038257 64.10298529703772 14.94348547701079 15.959572012595643 16.02574632425943
 564224 1024 17776.966 18043.995 18704.891 61.77693053651047 64.03962936145793 65.0015729343241 15.444232634127617 16.00990734036448 16.250393233581025
 620640 1024 19510.984 20078.182 20771.027 61.19440892354529 63.306066256397116 65.14641803816762 15.298602230886322 15.826516564099279 16.286604509541906
 682704 1024 21492.004 22173.166 23104.906 60.51432505286973 63.05720130359372 65.05571988540481 15.128581263217432 15.76430032589843 16.263929971351203
 750968 1024 23589.849 24053.097 25346.994 60.677114769506794 63.941140885100985 65.1967913825985 15.169278692376698 15.985285221275246 16.299197845649626
 826064 1024 25909.901 26428.938 28240.204 59.906758180642036 64.0123743148514 65.29469456483064 14.976689545160509 16.00309357871285 16.32367364120766
 908664 1024 28575.182 28980.017 30339.003 61.33833310211281 64.21472672013961 65.12448011704701 15.334583275528203 16.053681680034902 16.281120029261754
 999528 1024 31301.022 32036.066 34035.206 60.14458510990061 63.89777521372318 65.39829095676173 15.036146277475153 15.974443803430795 16.34957273919043
 1099480 512 17310.858 17586.946 19077.063 59.01681616294919 64.01722732303834 65.03822745238854 14.754204040737298 16.004306830759585 16.259556863097135
 1209424 512 19049.883 19480.944 20701.885 59.82306326211357 63.57239033180322 65.01090720609675 14.955765815528393 15.893097582950805 16.252726801524187
 1330360 512 20932.198 21406.889 22292.137 61.110724377837805 63.63786162482555 65.08101251478703 15.277681094459451 15.909465406206387 16.27025312869676
 1463392 512 23015.022 23577.929 24292.946 61.68512489181016 63.555768956637365 65.11023139582487 15.42128122295254 15.888942239159341 16.277557848956217
 1609728 512 25255.919 25711.06 27159.929 60.69093450133835 64.11098850066858 65.26634299072624 15.172733625334587 16.027747125167146 16.31658574768156
 1770696 512 27615.07 27955.055 28301.954 64.0659900726289 64.86099576623977 65.65953676742446 16.016497518157227 16.215248941559942 16.414884191856114
 1947760 512 30364.037 31139.851 32928.228 60.57132014513504 64.04996093269682 65.68646455015188 15.14283003628376 16.012490233174205 16.42161613753797
 2142536 256 16908.169 17196.894 17990.828 60.9743160236983 63.78933498107274 64.87860583839681 15.243579005924575 15.947333745268185 16.219651459599202
 2356784 256 18594.027 18944.979 19999.981 60.33372771704133 63.69357326814666 64.8957543193844 15.083431929260332 15.923393317036664 16.2239385798461
 2592456 256 20443.916 20826.817 21692.038 61.19007683833119 63.73213304750313 64.92579366888418 15.297519209582797 15.933033261875783 16.231448417221046
 2851696 256 22240.877 22356.987 22758.007 64.1562484799306 65.30702692630273 65.64796666965965 16.03906211998265 16.32675673157568 16.411991667414913
 3136864 256 24445.057 25004.864 25171.041 63.80643406842013 64.23047803819289 65.70139591001977 15.951608517105033 16.05761950954822 16.425348977504942
 3450544 256 26899.099 27075.052 27395.01 64.48906308119618 65.25115918521597 65.6779815561852 16.122265770299045 16.312789796303992 16.4194953890463
 3795592 256 29545.069 29701.948 29954.91 64.87561151076734 65.42813636331194 65.7755479941509 16.218902877691836 16.357034090827984 16.443886998537725
 4175144 256 32523.155 32768.965 32878.876 65.01663037386074 65.23470387300912 65.72774775386952 16.254157593465184 16.30867596825228 16.43193693846738
 4592656 128 17997.026 18430.948 18463.85 63.676856993530606 63.79052971122267 65.32856795339406 15.919214248382652 15.947632427805667 16.332141988348514
 5051920 128 19691.944 20251.036 20300.15 63.708471119671515 63.86298063960777 65.6761729568193 15.927117779917879 15.965745159901942 16.419043239204825
 5557112 128 21763.802 22120.953 22301.197 63.79122483873847 64.31100287587067 65.36636714485824 15.947806209684618 16.077750718967668 16.34159178621456
 6112816 128 23914.099 24024.01 24550.915 63.74022703430809 65.13820532042736 65.43758541770694 15.935056758577023 16.28455133010684 16.359396354426735
 6724096 128 26185.036 26433.945 26962.996 63.8418881937304 65.11962463415884 65.73863698335187 15.9604720484326 16.27990615853971 16.434659245837967
 7396504 128 28975.01 29325.008 29677.868 63.80192215963761 64.5696336723932 65.34959000876962 15.950480539909403 16.1424084180983 16.337397502192406
 8136152 128 31683.922 32628.059 32674.074 63.74640982939563 63.8363107042316 65.73854436328938 15.936602457348908 15.9590776760579 16.434636090822345
 8949760 64 17422.915 17950.058 17953.157 63.808793071881446 63.819809384459916 65.75072426169788 15.952198267970362 15.954952346114979 16.43768106542447
 9844736 64 19175.053 19670.01 19774.914 63.72347348767231 64.0633232011575 65.716960886627 15.930868371918077 16.015830800289375 16.42924022165675
 10829208 64 20773.888 21677.971 21729.946 63.78932667389049 63.942267659643974 66.72504559570169 15.947331668472623 15.985566914910994 16.68126139892542
 11912128 64 23005.009 23567.915 23886.919 63.83210760667794 64.69610841688795 66.2791474674059 15.958026901669484 16.174027104221988 16.569786866851477
 13103336 64 25429.964 26262.045 26266.098 63.85520255045115 63.865057271815665 65.95475353405928 15.963800637612788 15.966264317953916 16.48868838351482
 14413664 64 27421.951 28918.982 28965.95 63.6937159665055 63.797162431236345 67.28000469404967 15.923428991626375 15.949290607809086 16.820001173512416
 15855024 64 31629.801 31657.934 31791.925 63.83517424629053 64.10535419020079 64.16237244110388 15.958793561572632 16.026338547550196 16.04059311027597
 17440520 32 17385.96 17397.881 17411.947 64.10502398152258 64.15685220516222 64.20084251890607 16.026255995380644 16.039213051290556 16.050210629726518
 19184568 32 19131.899 19230.127 19287.109 63.659740399662795 63.84837458431762 64.17618826024535 15.914935099915699 15.962093646079405 16.04404706506134
 21103024 32 20514.965 20603.895 21061.897 64.12497107929073 65.55039889302483 65.83455228902415 16.031242769822683 16.38759972325621 16.458638072256036
 23213320 32 22597.075 22659.063 23133.039 64.22210588068432 65.56548609269501 65.74534447489332 16.05552647017108 16.391371523173753 16.43633611872333
 25534648 32 24883.986 24916.887 25448.084 64.21770189064135 65.58674331990188 65.67346051392249 16.054425472660338 16.39668582997547 16.418365128480623
 28088112 32 26783.943 28029.919 28069.973 64.04135721826309 64.13287059445301 67.11630053872202 16.010339304565772 16.033217648613252 16.779075134680504
 30896920 32 30696.154 31297.922 31579.018 62.61761781192816 63.18000536904655 64.41858742303678 15.65440445298204 15.795001342261637 16.104646855759196
 33986608 16 19411.087 19610.882 19685.03 55.248656263160385 55.457549334089094 56.02836440844349 13.812164065790096 13.864387333522274 14.007091102110872
 37385264 16 25845.051 26297.092 28974.056 41.28964367294658 45.49280384310174 46.288492446774434 10.322410918236645 11.373200960775435 11.572123111693609
 41123784 16 29448.986 30089.14 32626.152 40.33454781918505 43.73541709733146 44.68612562755131 10.083636954796262 10.933854274332864 11.171531406887828
 45236160 16 33451.08 34209.013 34287.93 42.217687681933555 42.31507994691341 43.27385304151615 10.554421920483389 10.578769986728352 10.818463260379037
 49759776 16 37286.997 38881.063 39916.992 39.89060177680723 40.95342845950482 42.704239013938285 9.972650444201808 10.238357114876205 10.676059753484571
 54735752 16 41635.036 41797.876 44034.004 39.7770791863488 41.90509737863235 42.0689936235434 9.9442697965872 10.476274344658087 10.51724840588585
 60209320 16 46038.866 46464.92 49783.945 38.70119654037059 41.465652797852655 41.84938525636144 9.675299135092647 10.366413199463164 10.46234631409036
 66230248 16 51266.193 51430.941 51432.133 41.20707838424667 41.208033428748664 41.3404587307663 10.301769596061668 10.302008357187166 10.335114682691575
 72853272 8 28367.996 28389.931 28718.948 40.588267787524806 41.058653929099016 41.09040173299517 10.147066946881202 10.264663482274754 10.272600433248792
 80138592 8 31131.983 31363.964 31450.033 40.7699881268805 40.88186914128583 41.18650174002729 10.192497031720125 10.220467285321458 10.296625435006822
 88152448 8 34302.95 34337.997 34538.031 40.837277840187234 41.075173021885924 41.11713913817908 10.209319460046808 10.268793255471481 10.27928478454477
 96967688 8 37550.211 37610.054 38075.924 40.747087529642094 41.2518154852955 41.317557656333804 10.186771882410524 10.312953871323876 10.329389414083451
 106664456 8 41412.115 41692.019 41997.91 40.636100605958724 40.934244417378785 41.210918495710736 10.159025151489681 10.233561104344696 10.302729623927684
 117330896 8 45797.11 45812.13 46139.956 40.6869554882107 40.978106366152375 40.99154588575567 10.171738872052675 10.244526591538094 10.247886471438918
 129063984 8 50431.967 50563.812 50642.967 40.77612087775189 40.839953759815415 40.94672222481427 10.194030219437973 10.209988439953854 10.236680556203568
 141970376 4 27775.049 27826.786 27982.95 40.58767956916623 40.815457739172615 40.891485303950326 10.146919892291557 10.203864434793154 10.222871325987581
 156167408 4 30575.037 30630.827 30648.947 40.76287723685907 40.78699096175235 40.86141462396268 10.190719309214767 10.196747740438088 10.21535365599067
 171784144 4 33682.823 33699.989 33703.089 40.775881166263424 40.77963206456833 40.80041485833893 10.193970291565856 10.194908016142083 10.200103714584733
 188962552 4 37039.995 37109.852 37215.948 40.61969390112003 40.73582443821118 40.81265172956962 10.154923475280007 10.183956109552796 10.203162932392406
 207858800 4 40810.823 40959.835 41267.872 40.294551655098665 40.597585415077965 40.74581882359981 10.073637913774666 10.149396353769491 10.186454705899953
 228644680 4 45008.183 45075.178 45309.067 40.370671062372566 40.580149012389924 40.64055285235576 10.092667765593141 10.145037253097481 10.16013821308894
 251509144 4 49345.016 49583.197 49662.113 40.515254596597615 40.579738172187646 40.775610489213335 10.128813649149404 10.144934543046912 10.193902622303334
 276660056 2 27240.038 27254.105 27338.982 40.478472241577975 40.60453366566247 40.62550221112026 10.119618060394494 10.151133416415618 10.156375552780066
 304326056 2 29936.075 30105.114 30303.955 40.16981361013769 40.4351308551763 40.663454510987165 10.042453402534422 10.108782713794074 10.165863627746791
 334758656 2 32955.17 33004.999 33118.963 40.431055283947146 40.57066094745223 40.632004750696176 10.107763820986786 10.142665236863058 10.158001187674044
 368234520 2 36229.134 36289.93 36307.096 40.56887612272819 40.58806616601355 40.656176876874845 10.142219030682048 10.147016541503387 10.164044219218711
 405057968 2 39913.177 39913.893 39922.953 40.58396862576773 40.59318072531787 40.59390892386241 10.145992156441933 10.148295181329468 10.148477230965602
 445563760 2 43890.953 43896.914 43957.949 40.54454496955715 40.60091877984863 40.60643294758261 10.136136242389288 10.150229694962157 10.151608236895653
 490120136 2 48348.904 48379.898 48381.09 40.52162826426606 40.522626649605584 40.548603625017016 10.130407066066516 10.130656662401396 10.137150906254254
 539132144 1 26622.057 26629.925 26631.832 40.48780001315719 40.490699391755705 40.502666191421646 10.121950003289298 10.122674847938926 10.125666547855412
 593045352 1 29278.994 29302.12 29335.976 40.4312678739579 40.47798261695741 40.50995413298695 10.107816968489475 10.119495654239353 10.127488533246737
 652349880 1 32248.02 32267.094 32288.79 40.40720510121315 40.43437441252069 40.45829046248421 10.101801275303288 10.108593603130172 10.114572615621052
 717584864 1 35523.891 35524.845 35595.894 40.31840661172887 40.399042641846854 40.40012756485487 10.079601652932217 10.099760660461714 10.100031891213717
 789343344 1 39052.01 39073.944 39197.206 40.275490247952874 40.4025426253362 40.42523516715272 10.068872561988218 10.10063565633405 10.10630879178818
 868277672 1 42927.98 42958.975 42987.108 40.39711962014285 40.42357491071424 40.452761671991084 10.099279905035713 10.10589372767856 10.113190417997771
 955105432 1 47209.024 47245.026 47277.927 40.40386254668061 40.4319994236007 40.462833207481694 10.100965636670152 10.107999855900175 10.115708301870423
 1050615968 1 51954.985 52017.927 52033.901 40.38197974047727 40.39438049886147 40.4433171523387 10.095494935119318 10.098595124715368 10.110829288084675
 
META_DATA
 FLOPS          4
 MPI_PROCS      1
 OPENMP_THREADS 1
 ERT_VERSION  1.1.0
 HOSTNAME  ('c3cpu-c11-u13-2.rc.int.colorado.edu', [], ['10.225.64.253'])
 UNAME  uname_result(system='Linux', node='c3cpu-c11-u13-2.rc.int.colorado.edu', release='4.18.0-305.34.2.el8_4.x86_64', version='#1 SMP Mon Jan 17 09:42:23 EST 2022', machine='x86_64', processor='x86_64')
 TIMESTAMP_DATA  1728533350.996399
 CONFIG  {'nux': ['workstation,', 'MPI', 'and', 'OpenMP', '(8-core', 'Intel', 'Xeon', 'CPU', 'E5530,', '2.40', 'GHz)'], 'ERT_RESULTS': ['Results.alpine'], 'ERT_DRIVER': ['driver1'], 'ERT_KERNEL': ['kernel1'], 'ERT_MPI': ['True'], 'ERT_MPI_CFLAGS': ['-I/usr/include/mpi'], 'ERT_MPI_LDFLAGS': ['-lmpi'], 'ERT_OPENMP': ['True'], 'ERT_OPENMP_CFLAGS': ['-qopenmp'], 'ERT_OPENMP_LDFLAGS': ['-qopenmp'], 'ERT_FLOPS': ['1,2,4,8,16'], 'ERT_ALIGN': ['32'], 'ERT_CC': ['icpc'], 'ERT_CFLAGS': ['-O3', '-fno-alias', '-fno-fnalias', '-DERT_INTEL'], 'ERT_LD': ['icpc'], 'ERT_LDFLAGS': [], 'ERT_LDLIBS': [], 'ERT_PRECISION': ['FP64'], 'ERT_RUN': ['export', 'OMP_NUM_THREADS=ERT_OPENMP_THREADS;', 'mpirun', '-np', 'ERT_MPI_PROCS', 'ERT_CODE'], 'ERT_PROCS_THREADS': ['1-8'], 'ERT_MPI_PROCS': ['1,2,4,8'], 'ERT_OPENMP_THREADS': ['1,2,4,8'], 'ERT_NUM_EXPERIMENTS': ['3'], 'ERT_MEMORY_MAX': ['1073741824'], 'ERT_WORKING_SET_MIN': ['1'], 'ERT_TRIALS_MIN': ['1'], 'ERT_GNUPLOT': ['gnuplot'], 'ERT_GPU': [False], 'ERT_HIP': [False], 'ERT_OCL': [False], 'ERT_SYCL': [False], 'ERT_WSS_MULT': [1.1]}
 HOSTNAME  ('c3cpu-a7-u1-3.rc.int.colorado.edu', [], ['10.225.64.156'])
 UNAME  uname_result(system='Linux', node='c3cpu-a7-u1-3.rc.int.colorado.edu', release='4.18.0-305.34.2.el8_4.x86_64', version='#1 SMP Mon Jan 17 09:42:23 EST 2022', machine='x86_64', processor='x86_64')
 TIMESTAMP_DATA  1728533365.1658862
 TIMESTAMP_DATA  1728533372.1332786
 TIMESTAMP_DATA  1728533388.625887
 TIMESTAMP_DATA  1728533393.221695
 TIMESTAMP_DATA  1728533414.2433348
 