fp64
 32 33554432 130624.056 130645.99 130676.985 16.433526133159564 16.437424891494945 16.440185014619363 1.0270953833224727 1.027339055718434 1.0275115634137102
 64 16777216 70741.177 70757.151 70768.833 30.345048193743708 30.35005815878596 30.356911477455345 1.8965655121089817 1.8968786349241225 1.897306967340959
 96 8388608 35364.866 35369.158 35389.185 45.51143904557283 45.53720888690649 45.5427354369164 2.8444649403483018 2.8460755554316557 2.846420964807275
 128 8388608 35624.981 35640.001 35648.108 60.24116758174095 60.25487058768602 60.28027490035714 3.7650729738588096 3.7659294117303763 3.7675171812723214
 160 4194304 17828.226 17896.891 17953.873 74.75697750563347 74.99499661701019 75.2838381115429 4.672311094102092 4.687187288563137 4.705239881971432
 192 4194304 17753.124 17758.846 17770.052 90.63635469384108 90.69354709196756 90.72277848112817 5.664772168365068 5.6683466932479725 5.670173655070511
 224 4194304 17704.964 17716.885 17717.123 106.05831386958253 106.05973860529095 106.1311501113473 6.628644616848908 6.628733662830684 6.633196881959206
 256 4194304 17690.897 17694.95 17705.202 121.29111252161937 121.3613854800381 121.38918947976465 7.5806945326012105 7.585086592502381 7.586824342485291
 288 2097152 8843.184 8847.952 8852.959 136.44698365823223 136.52419814212374 136.5978082102555 8.527936478639514 8.532762383882734 8.537363013140968
 320 2097152 8855.104 8870.84 8874.893 151.23306613386777 151.30216304205692 151.57103519055227 9.452066633366735 9.456385190128557 9.473189699409517
 352 2097152 8851.051 8852.959 8854.866 166.73262000802723 166.76853558228382 166.80448547861718 10.420788750501702 10.423033473892739 10.425280342413574
 384 2097152 8883.953 8896.112 8916.855 180.62565063579032 181.04681415881456 181.29460342710053 11.289103164736895 11.31542588492591 11.330912714193783
 416 2097152 8859.873 8867.025 8871.078 196.6875349309295 196.77743820503497 196.93628384966695 12.292970933183094 12.298589887814686 12.308517740604184
 448 2097152 8944.988 8960.009 8965.969 209.57558430103876 209.71498934878304 210.06715626672727 13.098474018814922 13.10718683429894 13.129197266670454
 480 2097152 9110.928 9188.175 9302.139 216.43042745329865 219.11488625325484 220.97265174304968 13.526901715831166 13.694680390828427 13.810790733940605
 512 2097152 9027.004 9027.004 9031.057 237.78873812888128 237.8955019849332 237.8955019849332 14.86179613305508 14.868468874058324 14.868468874058324
 544 1048576 4765.987 4765.987 4770.994 239.12222232935108 239.3734368138226 239.3734368138226 14.945138895584442 14.960839800863912 14.960839800863912
 576 1048576 4697.084 4717.112 4722.118 255.80884509874593 256.0803203315927 257.17222685393745 15.98805281867162 16.005020020724544 16.07326417837109
 608 1048576 4970.789 4989.862 5002.022 254.91059735442988 255.5317994766188 256.51227923776287 15.931912334651868 15.970737467288675 16.03201745236018
 640 1048576 5156.04 5166.054 5207.062 257.7609561783593 259.8070558302333 260.31165002598897 16.110059761147458 16.237940989389582 16.26947812662431
 704 1048576 5465.984 5499.125 5510.092 267.94380347914336 268.47816843588754 270.1059878697047 16.74648771744646 16.77988552724297 16.881624241856542
 768 1048576 5784.988 5786.18 5797.863 277.79420382992834 278.35510405829064 278.412459282543 17.36213773937052 17.397194003643165 17.400778705158938
 832 1048576 6125.927 6129.026 6130.934 284.5945599805837 284.68315585543286 284.8271721161548 17.787159998786482 17.792697240964554 17.801698257259677
 896 1048576 6464.005 6469.965 6469.965 290.4263302815394 290.4263302815394 290.69411177745064 18.15164564259621 18.15164564259621 18.168381986090665
 960 1048576 6808.996 6809.95 6809.95 295.6359327160992 295.6359327160992 295.67735390063376 18.4772457947562 18.4772457947562 18.47983461878961
 1056 524288 3745.079 3746.033 3746.033 295.5916982044739 295.5916982044739 295.6669955426841 18.47448113777962 18.47448113777962 18.479187221417757
 1152 524288 3916.025 3921.986 3937.96 306.7475423823502 307.9969056493317 308.4657406426159 19.17172139889689 19.249806603083233 19.279108790163495
 1248 524288 4251.957 4255.056 4261.017 307.1151436382441 307.54538788678695 307.7695395320319 19.194696477390256 19.221586742924185 19.235596220751994
 1344 524288 4595.041 4595.995 4598.141 306.4904151482088 306.633524187907 306.69718594458675 19.15565094676305 19.16459526174419 19.168574121536672
 1472 524288 4935.98 4936.934 4945.04 312.131726335884 312.6442184562321 312.7046446703593 19.50823289599275 19.540263653514508 19.544040291897456
 1600 524288 5357.981 5360.842 5362.988 312.8333682641095 312.95859866789584 313.12570910572475 19.552085516506843 19.55991241674349 19.570356819107797
 1760 524288 5701.065 5704.165 5717.993 322.75201456175273 323.5344279136386 323.71035236398814 20.172000910109546 20.22090174460241 20.23189702274926
 1920 524288 6211.042 6215.096 6217.957 323.78254143603755 323.9315885064366 324.14302141251017 20.236408839752347 20.245724281652286 20.258938838281885
 2112 262144 3993.988 3996.134 4284.859 258.42069855740874 277.0918732955401 277.2407568575569 16.151293659838046 17.318242080971256 17.327547303597306
 2304 262144 4138.947 4513.025 4570.961 264.2681816799574 267.6607268960398 291.85190146189353 16.51676135499734 16.72879543100249 18.240743841368346
 2528 262144 4513.025 4899.025 4962.921 267.06047990689353 270.54364164298005 293.68329756648814 16.691279994180846 16.908977602686253 18.35520609790551
 2752 262144 4547.834 4549.026 4555.941 316.69430662073984 317.1757154168827 317.2588480582185 19.79339416379624 19.82348221355517 19.828678003638657
 3008 262144 4893.064 4893.064 4894.018 322.24203180290715 322.3048592865329 322.3048592865329 20.140126987681697 20.144053705408307 20.144053705408307
 3296 262144 5400.896 5402.803 5403.996 319.77322855161253 319.8438380966324 319.9567716171539 19.985826784475783 19.990239881039525 19.997298226072118
 3616 262144 5996.227 5997.896 5999.088 316.01893621163754 316.0817406637261 316.1697193918776 19.751183513227346 19.755108791482883 19.76060746199235
 3968 262144 6508.112 6513.119 6882.906 302.2523893250903 319.4129853914845 319.65872498813786 18.890774332818143 19.96331158696778 19.978670311758616
 4352 131072 3597.975 3622.055 3724.098 306.34282126839844 314.97331984191294 317.08132713540255 19.146426329274902 19.68583249011956 19.81758294596266
 4768 131072 3958.941 3968.0 4453.897 280.63122968492536 314.9956129032258 315.71639789529576 17.539451855307835 19.68722580645161 19.732274868455985
 5216 131072 4316.092 4317.999 4554.033 300.2488352631612 316.6612831545353 316.80119515524694 18.765552203947575 19.791330197158455 19.800074697202934
 5728 131072 4746.914 4746.914 5015.135 299.4058648471078 316.3235803302946 316.3235803302946 18.712866552944238 19.770223770643412 19.770223770643412
 6272 131072 5209.923 5210.161 5660.057 290.48597355114975 315.5693591810311 315.58377503851784 18.15537334694686 19.723084948814442 19.723985939907365
 6880 131072 5683.899 5709.887 6174.803 292.0823093465492 315.86452061135367 317.30872065108827 18.255144334159326 19.741532538209604 19.831795040693017
 7552 131072 6232.023 6363.869 6856.918 288.71739285784076 311.08614712213597 317.66755161205276 18.044837053615048 19.442884195133498 19.854221975753298
 8288 65536 3438.95 3455.877 3557.92 305.3257903494176 314.34126156689024 315.88849387167596 19.0828618968386 19.64632884793064 19.743030866979748
 9088 65536 3755.093 3757.954 4261.971 279.49095289479914 316.97629507971624 317.2177988667658 17.468184555924946 19.811018442482265 19.826112429172863
 9984 65536 4138.947 4141.092 4379.988 298.7731582826254 316.00912223152733 316.1728932503847 18.673322392664087 19.750570139470458 19.760805828149042
 10976 65536 4539.013 4540.92 5038.023 285.5577022971114 316.8182377139434 316.951344268016 17.847356393569463 19.801139857121463 19.809459016751
 12064 65536 4990.101 4991.055 5398.035 292.9311514282512 316.81730776358904 316.87787641973586 18.3081969642657 19.801081735224315 19.80486727623349
 13248 65536 5475.044 5476.952 5982.161 290.26999707965064 317.0452938057518 317.1557810311661 18.141874817478165 19.815330862859486 19.82223631444788
 14560 65536 6028.891 6032.944 6644.011 287.2373811542455 316.33118424437555 316.5438419769075 17.952336322140344 19.770699015273472 19.78399012355672
 16000 65536 6648.064 6651.878 7205.009 291.06861629180474 315.2721682508308 315.45304016327157 18.191788518237797 19.704510515676926 19.715815010204473
 17600 32768 3653.049 3654.003 4153.013 277.73416553234966 315.663013960306 315.74544989678486 17.358385345771854 19.728938372519124 19.734090618549054
 19360 32768 4004.002 4006.147 4492.998 282.3898341374735 316.7075396883839 316.87720435704085 17.649364633592093 19.794221230523995 19.804825272315053
 21280 32768 4406.929 4409.075 4682.064 297.86138762733697 316.3035511983806 316.4575785087529 18.61633672670856 19.768971949898788 19.778598656797055
 23392 32768 4840.851 4843.95 4863.977 315.17791140870935 316.48099422991567 316.68359798721343 19.698619463044334 19.78006213936973 19.79272487420084
 25728 32768 5345.821 5350.113 5845.07 288.46706848677604 315.15413001557164 315.407157852835 18.029191780423503 19.697133125973227 19.712947365802187
 28288 32768 5872.965 5877.018 6135.941 302.1349729405808 315.4460932398029 315.66378617955326 18.8834358087863 19.71538082748768 19.72898663622208
 31104 32768 6451.845 6453.991 6933.928 293.9793640776195 315.84049993252233 315.9455541786884 18.37371025485122 19.740031245782646 19.746597136168024
 34208 16384 3542.9 3546.0 3817.081 293.66097916182554 316.11047490129727 316.38706822094895 18.353811197614096 19.75690468133108 19.77419176380931
 37600 16384 3901.958 3902.197 4049.063 304.28689304167403 315.7392617543399 315.75860119457974 19.017930815104627 19.733703859646244 19.734912574661234
 41344 16384 4287.958 4287.958 4642.01 291.84775388247766 315.9453035687384 315.9453035687384 18.240484617654854 19.74658147304615 19.74658147304615
 45472 16384 4713.058 4719.019 4971.981 299.6846721658832 315.74920465461145 316.14855917325866 18.7302920103677 19.734325290913215 19.759284948328666
 50016 16384 5188.942 5188.942 5685.091 288.2846181354001 315.8494136184216 315.8494136184216 18.017788633462505 19.74058835115135 19.74058835115135
 55008 16384 5709.171 5711.079 6148.815 293.14626379229173 315.61499044226144 315.72046869852034 18.321641487018233 19.72593690264134 19.73252929365752
 60480 16384 6281.853 6285.191 6948.948 285.19549146144135 315.3139880713251 315.48153705602465 17.824718216340084 19.70712425445782 19.71759606600154
 66528 8192 3480.911 3480.911 3870.964 281.58224979617484 313.13490979803845 313.13490979803845 17.598890612260927 19.570931862377403 19.570931862377403
 73152 8192 3831.148 3848.076 4033.089 297.1723083720691 311.4601603502633 312.83635296783103 18.57326927325432 19.466260021891458 19.55227206048944
 80448 8192 4202.843 4206.181 4769.087 276.37575745630136 313.3626517736636 313.6115320034558 17.273484841018835 19.585165735853973 19.600720750215988
 88480 8192 4621.029 4621.983 4951.0 292.80071096748134 313.64380180541554 313.70855279202965 18.300044435467584 19.60273761283847 19.606784549501853
 97312 8192 5083.084 5084.991 5481.005 290.8882236013286 313.5423067612116 313.65993715626183 18.180513975083038 19.596394172575724 19.603746072266365
 107040 8192 5590.916 5597.115 6089.926 287.97449427135894 313.3298779817817 313.67728651262155 17.998405891959933 19.583117373861356 19.604830407038847
 117728 8192 6138.086 6139.994 6485.939 297.39033191647343 314.1461623578134 314.24381346237243 18.58689574477959 19.634135147363338 19.640238341398277
 129472 8192 6749.153 6752.968 7375.956 287.59244876189604 314.1239893332828 314.30154983892055 17.974528047618502 19.632749333330175 19.643846864932534
 142400 4096 3724.813 3731.966 3848.076 303.1491062026841 312.5807684207198 313.18103754470354 18.946819137667756 19.536298026294986 19.57381484654397
 156640 4096 4113.913 4116.058 4301.071 298.34310570553237 311.75335235800856 311.9159009925587 18.646444106595773 19.484584522375535 19.49474381203492
 172288 4096 4546.881 4550.934 5007.982 281.8267509747439 310.13046904217896 310.4069132224925 17.614171935921494 19.383154315136185 19.40043207640578
 189504 4096 5032.063 5033.016 5526.066 280.9262082646136 308.4466188861709 308.5050342175764 17.55788801653835 19.27791368038568 19.281564638598525
 208448 4096 5563.974 5568.981 5810.022 293.9069793539508 306.6280915664823 306.90402507272677 18.369186209621926 19.164255722905143 19.181501567045423
 229280 4096 6129.026 6134.033 6612.062 284.06596308383075 306.2033999491036 306.4535474315168 17.754122692739422 19.137712496818974 19.1533467144698
 252192 4096 6752.968 6765.127 7314.92 282.4305479759177 305.38330825127156 305.93316361043026 17.651909248494857 19.086456765704472 19.12082272565189
 277408 2048 3720.999 3725.052 3864.05 294.0601617473894 305.0328339040636 305.36508287156215 18.378760109211836 19.064552119003974 19.085317679472634
 305120 2048 4096.985 4099.846 4571.915 273.3584329542434 304.8337718050873 305.04664283613437 17.084902059640214 19.052110737817955 19.065415177258398
 335616 2048 4508.972 4508.972 4734.039 290.38272308276294 304.87728377998354 304.87728377998354 18.148920192672684 19.05483023624897 19.05483023624897
 369152 2048 4951.0 4956.007 5212.069 290.10486852725853 305.0937159693278 305.40226055342356 18.13155428295366 19.068357248082986 19.087641284588972
 406048 2048 5445.004 5450.964 5899.906 281.8981536316002 305.11531685037727 305.44929039537897 17.618634601975014 19.06970730314858 19.090580649711185
 446624 2048 5988.121 5994.081 6376.028 286.91403237250523 305.19639357559566 305.5001567269599 17.932127023281577 19.07477459847473 19.093759795434995
 491264 2048 6578.922 6597.042 7162.094 280.9537746921501 305.0181193328768 305.8582156772797 17.55961091825938 19.0636324583048 19.11613847982998
 540384 1024 3623.009 3627.062 3766.06 293.8631970812998 305.12476268671446 305.46610069144185 18.366449817581238 19.070297667919654 19.091631293215116
 594400 1024 3973.961 3983.021 4430.771 274.74477918177223 305.6301234665848 306.3269116128719 17.171548698860764 19.10188271666155 19.145431975804495
 653824 1024 4382.133 4384.041 4620.79 289.7841174344647 305.43317272808355 305.56615967612123 18.111507339654043 19.08957329550522 19.097884979757577
 719200 1024 4815.102 4822.016 5256.891 280.18872751974504 305.4576343172649 305.89624061961723 17.511795469984065 19.091102144829055 19.118515038726077
 791104 1024 5293.846 5301.952 5947.828 272.3987633805147 305.58198037251185 306.0498911377475 17.02492271128217 19.09887377328199 19.12811819610922
 870208 1024 5828.142 5841.97 6296.873 283.027144425495 305.0659253642179 305.78973264549836 17.689196526593438 19.066620335263618 19.111858290343648
 957216 1024 6410.837 6429.911 6932.02 282.80044893119174 304.8842150381242 305.7913292757248 17.675028058199484 19.05526343988276 19.1119580797328
 1052928 512 3532.171 3545.046 3636.122 296.5242288350061 304.1422514686693 305.2508703570694 18.532764302187882 19.008890716791832 19.078179397316838
 1158208 512 3883.123 3901.005 4001.856 296.36373522685477 304.02549907011144 305.42555360723827 18.522733451678423 19.001593691881965 19.089097100452392
 1274016 512 4274.13 4282.951 4579.782 284.8590574835221 304.60128635606617 305.22992609022185 17.803691092720133 19.037580397254136 19.076870380638866
 1401408 512 4693.985 4709.005 5198.956 276.02499271007486 304.74416400067526 305.7192965039301 17.25156204437968 19.046510250042203 19.10745603149563
 1541536 512 5199.909 5240.202 5609.035 281.426816555789 301.23511727219676 303.5693247708758 17.589176034736813 18.827194829512298 18.97308279817974
 1695680 512 5760.193 5797.863 6242.99 278.13216423540644 299.4855725290508 301.4441217507816 17.383260264712902 18.717848283065674 18.84025760942385
 1865248 512 6376.028 6393.909 6819.963 280.0622161733135 298.723981213996 299.56172588953496 17.503888510832095 18.67024882587475 18.722607868095935
 2051744 512 7024.05 7035.017 7440.805 282.3600209923523 298.64687690164783 299.11316918302117 17.64750131202202 18.66542980635299 18.694573073938823
 2256896 256 3859.997 3875.971 4271.984 270.49042131243937 298.12677958632815 299.3605311092211 16.90565133202746 18.63292372414551 18.710033194326318
 2482560 256 4239.798 4261.017 4745.007 267.8754151469113 298.30219405367313 299.7951128803778 16.742213446681955 18.64388712835457 18.737194555023613
 2730816 256 4673.958 4674.911 4861.832 287.5824981200502 299.08115726695115 299.1421386328247 17.97390613250314 18.692572329184447 18.696383664551544
 3003872 256 5128.86 5143.881 5625.01 273.41861863356684 298.9926213300813 299.8682872997118 17.088663664597927 18.68703883313008 18.74176795623199
 3304256 256 5620.956 5649.09 6264.21 270.0706189607309 299.4781587830961 300.97710638546187 16.87941368504568 18.717384923943506 18.811069149091367
 3634656 256 6217.957 6227.97 6227.97 298.8042447217954 298.8042447217954 299.28541995385297 18.67526529511221 18.67526529511221 18.70533874711581
 3998112 256 6814.957 6829.023 6831.169 299.6607672859506 299.7549347834968 300.3736258350566 18.728797955371913 18.73468342396855 18.773351614691038
 4397920 128 3743.887 3750.086 3764.153 299.10248600415554 300.2244535191993 300.72155489735667 18.69390537525972 18.764028344949956 18.79509718108479
 4837696 128 4121.065 4129.171 4140.854 299.08086013175057 299.9270739816781 300.51702072158537 18.69255375823441 18.745442123854883 18.782313795099085
 5321440 128 4528.046 4531.145 4532.099 300.5866906261315 300.6499769925703 300.85574218989825 18.786668164133218 18.790623562035645 18.80348388686864
 5853568 128 4972.935 4984.856 4993.916 300.06780410403377 300.61317879593713 301.3338014673427 18.75423775650211 18.78832367474607 18.83336259170892
 6438912 128 5449.057 5492.926 5495.071 299.9709142975587 300.088053616597 302.5039877542114 18.74818214359742 18.755503351037312 18.90649923463821
 7082784 128 5995.035 6021.023 6036.997 300.34679560052786 301.14362692187024 302.4490605976445 18.77167472503299 18.82147668261689 18.903066287352782
 7791040 128 6593.943 6640.911 6641.865 300.2931014105225 300.33624001285364 302.4755051719434 18.768318838157658 18.771015000803352 18.90471907324646
 8570144 64 3628.969 3641.844 3654.003 300.21278909732695 301.21510751146945 302.2837704042112 18.763299318582934 18.82594421946684 18.8927356502632
 9427136 64 3974.915 4005.909 4013.062 300.6864603636824 301.2233697769969 303.57212871218627 18.79290377273015 18.826460611062306 18.973258044511642
 10369824 64 4384.041 4410.982 4412.889 300.78650788633024 300.9165469276456 302.76575241883 18.79915674289564 18.80728418297785 18.922859526176875
 11406784 64 4832.983 4837.036 4853.01 300.8583027852817 301.8518679621156 302.10500471447966 18.803643924080106 18.865741747632224 18.88156279465498
 12547456 64 5311.012 5337.0 5342.96 300.59636755656044 300.93205321341577 302.4045827800804 18.787272972285027 18.808253325838486 18.900286423755023
 13802176 64 5844.831 5856.037 5863.905 301.28020968961806 301.6850009656701 302.26340641842336 18.83001310560113 18.85531256035438 18.89146290115146
 15182368 64 6425.142 6435.871 6443.024 301.61972142273567 301.95494968746266 302.4591680619666 18.85123258892098 18.872184355466416 18.90369800387291
 16700576 64 7052.898 7068.872 7086.039 301.67399981851645 302.40662555496834 303.0915416613143 18.854624988657278 18.90041409718552 18.943221353832143
 18370624 32 3896.952 3910.78 4055.023 289.94161956664607 300.6356624509688 301.7024423190226 18.12135122291538 18.78972890318555 18.856402644938914
 20207680 32 4290.104 4297.018 4302.979 300.55724650294593 300.9741918698037 301.459246675605 18.78482790643412 18.81088699186273 18.841202917225313
 22228448 32 4710.913 4725.218 4726.887 300.9635457754755 301.06984947572795 301.98406805644686 18.81022161096722 18.816865592232997 18.87400425352793
 24451264 32 5214.93 5237.103 5299.807 295.271298747294 298.80659135403675 300.07706642275156 18.454456171705875 18.675411959627297 18.754816651421972
 26896384 32 5741.119 5893.946 5939.007 289.8411428038391 292.05706601315995 299.8315443383076 18.115071425239943 18.253566625822497 18.739471521144225
 29586016 32 6314.039 6315.947 6336.927 298.8049292661885 299.79748468440283 299.88807861338836 18.67530807913678 18.737342792775177 18.743004913336772
 32544608 32 6942.987 7019.997 7050.991 295.39888960289414 296.70310571357794 299.9940676829728 18.462430600180884 18.54394410709862 18.7496292301858
 35799040 16 4405.975 4772.186 4911.9 233.22324965899145 240.05126371855582 260.003581500122 14.576453103686966 15.003203982409739 16.250223843757624
 39378944 16 5491.972 5969.048 6160.021 204.56524547562418 211.1100812055792 229.4487677650214 12.785327842226511 13.1943800753487 14.340547985313837
 43316832 16 4568.1 6090.879 6449.223 214.93110472377836 227.5761222641264 303.4387653510212 13.433194045236148 14.2235076415079 18.964922834438823
 47648512 16 5525.827 6266.832 7773.876 196.13798625035952 243.30513152418956 275.93197977424916 12.25862414064747 15.206570720261848 17.245748735890572
 52413344 16 5533.934 5536.079 5565.882 301.34074132365726 302.9629830065648 303.080414041801 18.83379633272858 18.9351864379103 18.942525877612564
 57654656 16 6111.145 7045.031 8673.906 212.70105901539628 261.87947107684835 301.89906997788466 13.293816188462268 16.36746694230302 18.86869187361779
 63420096 16 6711.006 6716.967 6748.915 300.70656868548497 302.1368233609008 302.4051940945962 18.79416054284281 18.8835514600563 18.900324630912262
 69762080 8 4474.878 5205.154 6413.937 174.02623069107167 214.44001080467552 249.43546617360298 10.87663941819198 13.40250067529222 15.589716635850186
 76738272 8 4646.063 5175.829 5188.942 236.62094353723742 237.2204243996469 264.2694152016449 14.788808971077339 14.826276524977931 16.516838450102806
 84412096 8 5657.911 6010.056 6158.113 219.31938176516084 224.72228811179133 238.70886905078572 13.707461360322553 14.045143006986958 14.919304315674108
 92853280 8 4943.132 5101.919 5397.081 275.2696281564053 291.1948386479676 300.54881803682366 17.20435175977533 18.199677415497973 18.78430112730148
 102138592 8 5412.102 5447.865 5674.124 288.0122944087933 299.9739296036154 301.9561479070424 18.000768400549582 18.74837060022596 18.87225924419015
 112352448 8 5939.96 5983.114 6039.143 297.66461367117813 300.4521003611163 302.6348945110741 18.604038354448633 18.77825627256977 18.91468090694213
 123587680 8 6785.87 7025.003 7112.98 277.99921833043254 281.4807168053879 291.40005334614426 17.374951145652034 17.592544800336743 18.212503334134016
 135946432 4 5100.965 5314.827 5571.127 195.21569980364833 204.62970027058265 213.20896261785762 12.200981237728021 12.789356266911415 13.325560163616101
 149541056 4 7010.937 7179.022 7291.079 164.08112544110412 166.64225962812205 170.6374551646948 10.255070340069008 10.415141226757628 10.664840947793426
 164495136 4 7827.044 7905.96 8482.933 155.1304351926391 166.45177663433662 168.13002303296108 9.695652199539945 10.403236039646039 10.508126439560067
 180944640 4 8952.856 9029.865 9272.099 156.11967905001876 160.30772553078035 161.68663050092616 9.757479940626173 10.019232845673772 10.105414406307885
 199039104 4 10206.938 10298.014 10308.981 154.45879975916145 154.62329260768144 156.00298855543159 9.65367498494759 9.66395578798009 9.750186784714474
 218943008 4 11566.877 11659.145 11686.087 149.88285334517877 150.22920325632796 151.4275689107786 9.367678334073673 9.389325203520498 9.464223056923663
 240837280 4 12936.115 12956.142 12974.977 148.49338384183648 148.70925619679068 148.93947989794464 9.28083649011478 9.294328512299417 9.30871749362154
 264920992 4 14431.953 14479.16 14497.995 146.18351958322512 146.373680241119 146.85246937819159 9.13646997395157 9.148355015069937 9.178279336136974
 291413088 2 8240.938 8242.846 8261.919 141.08736142293336 141.413821391301 141.44656251509232 8.817960088933335 8.838363836956313 8.84041015719327
 320554368 2 9124.041 9158.134 9161.949 139.95029572856166 140.0085947639552 140.53175254254117 8.746893483035104 8.7505371727472 8.783234533908823
 352609792 2 10133.028 10176.897 10180.95 138.53708818921612 138.59226127571102 139.1922698723422 8.658568011826008 8.662016329731939 8.699516867021387
 387870752 2 11276.96 11285.067 11307.001 137.21436904445306 137.48106307211114 137.57989812857366 8.575898065278317 8.592566442006946 8.598743633035854
 426657824 2 12506.008 12521.029 12542.963 136.06285022127548 136.30120144278877 136.4649131841272 8.503928138829718 8.518825090174298 8.52905707400795
 469323584 2 13879.061 13887.882 13892.889 135.12627474386358 135.1749918382083 135.26090388967958 8.445392171491473 8.44843698988802 8.453806493104974
 516255936 2 15374.899 15388.012 15419.006 133.92716391705147 134.1969153650257 134.31136972021736 8.370447744815717 8.387307210314106 8.394460607513585
 567881504 1 8626.938 8634.09 8646.965 131.34816759406337 131.5440316234832 131.65308571824673 8.20926047462896 8.2215019764677 8.22831785739042
 624669632 1 9491.92 9516.001 9550.095 130.81956399386604 131.28826531228822 131.62134362700064 8.176222749616628 8.205516582018014 8.22633397668754
 687136576 1 10500.908 10535.955 10544.062 130.3362169152647 130.43650547102754 130.87184003516649 8.146013557204045 8.152281591939222 8.179490002197905
 755850208 1 11622.906 11624.813 11642.933 129.83845359240664 130.04083730207103 130.06217343579996 8.114903349525415 8.127552331379439 8.128885839737498
 831435200 1 12793.064 12805.939 12866.974 129.2355452027804 129.85150093249703 129.98218409600705 8.077221575173775 8.115718808281065 8.12388650600044
 914578720 1 14145.136 14158.01 14194.012 128.86824669445113 129.19594208508116 129.31352798587443 8.054265418403196 8.074746380317572 8.082095499117152
 1006036576 1 15621.901 15657.187 15681.982 128.30477372056671 128.50795944380047 128.79822705316082 8.01904835753542 8.03174746523753 8.049889190822551
 
META_DATA
 FLOPS          1
 MPI_PROCS      4
 OPENMP_THREADS 1
 ERT_VERSION  1.1.0
 HOSTNAME  ('c3cpu-a7-u1-3.rc.int.colorado.edu', [], ['10.225.64.156'])
 UNAME  uname_result(system='Linux', node='c3cpu-a7-u1-3.rc.int.colorado.edu', release='4.18.0-305.34.2.el8_4.x86_64', version='#1 SMP Mon Jan 17 09:42:23 EST 2022', machine='x86_64', processor='x86_64')
 TIMESTAMP_DATA  1728533054.2469506
 CONFIG  {'nux': ['workstation,', 'MPI', 'and', 'OpenMP', '(8-core', 'Intel', 'Xeon', 'CPU', 'E5530,', '2.40', 'GHz)'], 'ERT_RESULTS': ['Results.alpine'], 'ERT_DRIVER': ['driver1'], 'ERT_KERNEL': ['kernel1'], 'ERT_MPI': ['True'], 'ERT_MPI_CFLAGS': ['-I/usr/include/mpi'], 'ERT_MPI_LDFLAGS': ['-lmpi'], 'ERT_OPENMP': ['True'], 'ERT_OPENMP_CFLAGS': ['-qopenmp'], 'ERT_OPENMP_LDFLAGS': ['-qopenmp'], 'ERT_FLOPS': ['1,2,4,8,16'], 'ERT_ALIGN': ['32'], 'ERT_CC': ['icpc'], 'ERT_CFLAGS': ['-O3', '-fno-alias', '-fno-fnalias', '-DERT_INTEL'], 'ERT_LD': ['icpc'], 'ERT_LDFLAGS': [], 'ERT_LDLIBS': [], 'ERT_PRECISION': ['FP64'], 'ERT_RUN': ['export', 'OMP_NUM_THREADS=ERT_OPENMP_THREADS;', 'mpirun', '-np', 'ERT_MPI_PROCS', 'ERT_CODE'], 'ERT_PROCS_THREADS': ['1-8'], 'ERT_MPI_PROCS': ['1,2,4,8'], 'ERT_OPENMP_THREADS': ['1,2,4,8'], 'ERT_NUM_EXPERIMENTS': ['3'], 'ERT_MEMORY_MAX': ['1073741824'], 'ERT_WORKING_SET_MIN': ['1'], 'ERT_TRIALS_MIN': ['1'], 'ERT_GNUPLOT': ['gnuplot'], 'ERT_GPU': [False], 'ERT_HIP': [False], 'ERT_OCL': [False], 'ERT_SYCL': [False], 'ERT_WSS_MULT': [1.1]}
 TIMESTAMP_DATA  1728533060.819487
 TIMESTAMP_DATA  1728533067.2828324
 