fp64
 64 16777216 163192.987 163202.047 163260.937 13.153689348236439 13.158435739473294 13.15916625755493 6.576844674118219 6.579217869736647 6.579583128777465
 128 8388608 84321.976 84349.871 84357.023 25.457081955108823 25.459240453373074 25.46766275970573 12.728540977554411 12.729620226686537 12.733831379852864
 192 4194304 42161.942 42163.849 42196.035 38.16976490800616 38.19890200251879 38.20062975277562 19.08488245400308 19.099451001259396 19.10031487638781
 256 4194304 42663.097 42670.012 42672.873 50.324327776102635 50.32770199361556 50.335859302478674 25.162163888051317 25.16385099680778 25.167929651239337
 320 2097152 21279.097 21280.05 21281.958 63.06643777795257 63.072092405797925 63.07491713581643 31.533218888976286 31.536046202898962 31.537458567908214
 384 2097152 21333.218 21334.887 21335.125 75.49113192446728 75.49197406107658 75.49788016041461 37.74556596223364 37.74598703053829 37.748940080207305
 448 2097152 21359.921 21363.974 21366.119 87.94522730122397 87.95405723672947 87.97074633375284 43.97261365061198 43.977028618364734 43.98537316687642
 512 2097152 21485.806 21492.004 21493.912 99.91125152089577 99.9201213623448 99.94894527112459 49.95562576044789 49.9600606811724 49.97447263556229
 576 1048576 10776.043 10778.904 10782.957 112.02488816379402 112.06701089461413 112.0967642760891 56.01244408189701 56.033505447307064 56.04838213804455
 640 1048576 10896.206 10910.988 10923.862 122.86655397148006 123.01152562902645 123.17840540092578 61.43327698574003 61.505762814513226 61.58920270046289
 704 1048576 11006.832 11049.032 11082.172 133.22253146765811 133.62211350279372 134.13441833217766 66.61126573382906 66.81105675139686 67.06720916608883
 768 1048576 10962.963 10965.109 10967.016 146.85970513766006 146.88524628437347 146.9139990712365 73.42985256883003 73.44262314218673 73.45699953561825
 832 1048576 11022.806 11025.19 11029.005 158.20379662535288 158.25853921791824 158.29276719557615 79.10189831267644 79.12926960895912 79.14638359778807
 896 1048576 11092.901 11099.1 11100.054 169.28279736296778 169.2973477128776 169.39195544970607 84.64139868148389 84.6486738564388 84.69597772485304
 960 1048576 11174.917 11174.917 11260.033 178.79751506944962 180.15936225745568 180.15936225745568 89.39875753472481 90.07968112872784 90.07968112872784
 1024 1048576 11333.942 11339.903 11341.095 189.35417153281938 189.3740755983539 189.47367544319533 94.67708576640969 94.68703779917695 94.73683772159767
 1088 524288 5702.019 5707.026 5717.993 199.51942718362892 199.90283695921485 200.07837364273954 99.75971359181446 99.95141847960743 100.03918682136977
 1152 524288 5760.193 5761.862 5764.961 209.5347309374686 209.6474285569491 209.708173319887 104.7673654687343 104.82371427847455 104.8540866599435
 1216 524288 5888.939 5888.939 5890.846 216.44911715566832 216.51920931767165 216.51920931767165 108.22455857783416 108.25960465883583 108.25960465883583
 1280 524288 5938.053 5939.96 5943.06 225.83942951947313 225.9572926417013 226.0298586085372 112.91971475973656 112.97864632085064 113.0149293042686
 1408 524288 6132.126 6134.987 6169.081 239.3217090195444 240.6516929864725 240.76397125564608 119.6608545097722 120.32584649323626 120.38198562782304
 1536 524288 6421.089 6426.096 6548.882 245.937052461779 250.6362706066016 250.83171032203418 122.9685262308895 125.3181353033008 125.41585516101709
 1664 524288 6971.121 7330.894 7418.871 235.18813900389964 238.0105978888796 250.2941010491713 117.59406950194982 119.0052989444398 125.14705052458565
 1792 524288 7263.899 7286.072 7425.07 253.068077742028 257.89591318888966 258.6831386284418 126.534038871014 128.94795659444483 129.3415693142209
 1920 524288 7802.01 7810.116 7989.883 251.97689628246118 257.7766988352029 258.0445192969504 125.98844814123059 128.88834941760146 129.0222596484752
 2112 262144 4189.968 4194.975 4277.945 258.8383572018808 263.95777233475764 264.27320113184635 129.4191786009404 131.97888616737882 132.13660056592317
 2304 262144 4585.981 4738.092 4819.155 250.65795808601302 254.94641134026105 263.4026508177858 125.32897904300651 127.47320567013053 131.7013254088929
 2496 262144 4904.985 4905.939 5041.122 259.58960088646927 266.7425844471364 266.79446481487713 129.79480044323464 133.3712922235682 133.39723240743857
 2688 262144 5252.838 5263.09 5347.013 263.56512392993994 267.7678215648982 268.29042586122017 131.78256196496997 133.8839107824491 134.14521293061009
 2944 262144 5733.013 5737.066 5897.999 261.69958184123124 269.0406336618753 269.2308341181155 130.84979092061562 134.52031683093765 134.61541705905776
 3200 262144 5963.087 6007.195 6332.874 264.92262438823195 279.2853569760928 281.3511860551422 132.46131219411598 139.6426784880464 140.6755930275711
 3520 262144 6754.875 6765.127 7020.95 262.8552774197224 272.7951389530455 273.2091652325173 131.4276387098612 136.39756947652276 136.60458261625865
 3840 262144 7251.024 7349.968 7452.965 270.129528315241 273.9149231670124 277.65263499334714 135.0647641576205 136.9574615835062 138.82631749667357
 4224 131072 3919.84 3922.939 4224.062 262.1401522989009 282.26191026676685 282.48506469651824 131.07007614945044 141.13095513338342 141.24253234825912
 4608 131072 4353.046 4420.996 4499.197 268.4833653649751 273.2324462632402 277.4975389646698 134.24168268248755 136.6162231316201 138.7487694823349
 5056 131072 4879.951 4968.882 4974.127 266.45883066515995 266.7400964643556 271.6011009126936 133.22941533257998 133.3700482321778 135.8005504563468
 5504 131072 5196.81 5198.002 5270.004 273.7835827069581 277.5759947764545 277.63966279313655 136.89179135347905 138.78799738822724 138.81983139656828
 6016 131072 5568.981 5580.187 5841.97 269.9531671679245 282.61746497025996 283.1861527270429 134.97658358396225 141.30873248512998 141.59307636352145
 6592 131072 6053.925 6124.973 6379.128 270.8917657711211 282.1323862162331 285.44345164500714 135.44588288556054 141.06619310811655 142.72172582250357
 7232 131072 6601.095 6633.043 6994.009 271.06419336892475 285.81533513351263 287.1986250765971 135.53209668446237 142.90766756675632 143.59931253829856
 7936 131072 7323.98 7374.048 7629.871 272.66185548877564 282.1211340094342 284.04976310694457 136.33092774438782 141.0605670047171 142.02488155347228
 8704 65536 3979.921 4000.187 4204.988 271.30890456762296 285.199338930905 286.65159132555647 135.65445228381148 142.5996694654525 143.32579566277823
 9536 65536 4378.08 4395.962 4580.021 272.90324476678165 284.32970803660265 285.49103533969225 136.45162238339083 142.16485401830133 142.74551766984612
 10432 65536 4770.994 4773.14 5072.117 269.5803555004744 286.46616357366423 286.59501646826635 134.7901777502372 143.23308178683212 143.29750823413318
 11456 65536 5224.943 5241.156 5470.037 274.5065219851346 286.49420700318785 287.38319863010946 137.2532609925673 143.24710350159393 143.69159931505473
 12544 65536 5702.019 5720.854 6037.951 272.305483764277 287.39890373010746 288.34824436747755 136.1527418821385 143.69945186505373 144.17412218373877
 13760 65536 6272.078 6317.139 6526.947 276.32378813555556 285.5011928659477 287.5523423018655 138.16189406777778 142.75059643297385 143.77617115093275
 15104 65536 6891.966 6901.979 7151.127 276.8390895588905 286.83244153597104 287.24916634817987 138.41954477944526 143.41622076798552 143.62458317408993
 16576 32768 3770.828 3772.974 3983.021 272.7388924135725 287.92266684053476 288.086525293649 136.36944620678625 143.96133342026738 144.0432626468245
 18176 32768 4117.012 4140.854 4356.861 273.4037959898193 287.6658621627326 289.33176196717426 136.70189799490964 143.8329310813663 144.66588098358713
 19968 32768 4504.919 4515.886 4738.092 276.1919456186161 289.78208218719425 290.4875421733443 138.09597280930805 144.89104109359712 145.24377108667215
 21952 32768 4966.974 4980.087 5188.942 277.25233236370724 288.87974687992397 289.64240038300983 138.62616618185362 144.43987343996199 144.82120019150491
 24128 32768 5473.852 5475.044 5734.921 275.72352051580134 288.8109406974629 288.87383290596824 137.86176025790067 144.40547034873146 144.43691645298412
 26496 32768 5971.909 5983.114 6256.104 277.559621131618 290.22376240867214 290.76830474141514 138.779810565809 145.11188120433607 145.38415237070757
 29120 32768 6573.915 6577.015 6877.899 277.4696633375977 290.1632914019506 290.30012100856186 138.73483166879885 145.0816457009753 145.15006050428093
 32000 32768 7205.009 7210.97 7565.975 277.18198910252806 290.8280023353307 291.06861629180474 138.59099455126403 145.41400116766536 145.53430814590237
 35200 16384 3968.0 3968.0 4157.066 277.46338403094876 290.68387096774194 290.68387096774194 138.73169201547438 145.34193548387097 145.34193548387097
 38720 16384 4365.921 4368.782 4565.954 277.877735956166 290.4189222533878 290.6092345692925 138.938867978083 145.2094611266939 145.30461728464624
 42560 16384 4791.021 4792.929 5034.924 276.9865205512536 290.9715708286102 291.0874487922303 138.4932602756268 145.4857854143051 145.54372439611515
 46784 16384 5268.097 5270.004 5541.801 276.62814164564907 290.89505662614295 291.00035781421644 138.31407082282453 145.44752831307147 145.50017890710822
 51456 16384 5781.174 5782.127 6079.197 277.35738914201994 291.6072594047139 291.6553295230346 138.67869457100997 145.80362970235694 145.8276647615173
 56576 16384 6351.948 6359.816 6695.032 276.9041832809761 291.4993716799354 291.86044470137347 138.45209164048805 145.7496858399677 145.93022235068673
 62208 16384 6990.194 6992.102 7339.954 277.71723692001336 291.53346790421534 291.6130430714798 138.85861846000668 145.76673395210767 145.8065215357399
 68416 8192 3844.023 3845.93 4031.181 278.0643548379495 291.458176305861 291.60276720508693 139.03217741897475 145.7290881529305 145.80138360254347
 75200 8192 4216.909 4221.916 4357.815 282.7281103029845 291.82882842766173 292.1753350617716 141.36405515149224 145.91441421383087 146.0876675308858
 82688 8192 4640.818 4641.056 4871.13 278.1203113035374 291.9077451338662 291.9227153488889 139.0601556517687 145.9538725669331 145.96135767444446
 90944 8192 5100.965 5104.065 5360.126 277.9834832240884 291.9293731564939 292.10678685307585 138.9917416120442 145.96468657824695 146.05339342653792
 100032 8192 5604.982 5613.804 5898.952 277.8331283251669 291.9454060027746 292.4049154841175 138.91656416258346 145.9727030013873 146.20245774205875
 110016 8192 6168.842 6169.081 6499.052 277.34847236181525 292.1832512816739 292.1945713636368 138.67423618090763 146.09162564083695 146.0972856818184
 120960 8192 6772.995 6776.094 7140.16 277.5580155066553 292.47065344725144 292.6044740915946 138.77900775332765 146.23532672362572 146.3022370457973
 133056 4096 3750.086 3753.185 3947.973 276.0897179388005 290.4186049981549 290.6586014294072 138.04485896940025 145.20930249907744 145.3293007147036
 146304 4096 4116.058 4118.919 4334.927 276.480403937598 290.97983427205054 291.1820892708509 138.240201968799 145.48991713602527 145.59104463542545
 160896 4096 4526.138 4528.999 4770.994 276.26528811396537 291.0267880385931 291.21074788263195 138.13264405698268 145.51339401929656 145.60537394131597
 176960 4096 4981.995 4987.955 5241.156 276.5909505460246 290.6313950306288 290.9790796658769 138.2954752730123 145.3156975153144 145.48953983293845
 194624 4096 5468.13 5470.037 5753.994 277.0874992222794 291.4714851106126 291.5731352400181 138.5437496111397 145.7357425553063 145.78656762000904
 214080 4096 6011.963 6012.917 6326.914 277.1877980323425 291.66265890581894 291.70894098982313 138.59389901617126 145.83132945290947 145.85447049491157
 235456 4096 6613.97 6616.116 6961.107 277.090346693421 291.5389560884362 291.6335501975364 138.5451733467105 145.7694780442181 145.8167750987682
 258944 4096 7266.998 7268.906 7645.845 277.4407862047949 291.8278552508452 291.90447664909226 138.72039310239745 145.9139276254226 145.95223832454613
 284800 2048 4030.943 4033.804 4225.969 276.0410215976501 289.1912447902773 289.39650101725573 138.02051079882506 144.59562239513866 144.69825050862786
 313280 2048 4461.05 4462.957 4657.984 275.482887017216 287.52122863832204 287.6441375909259 137.741443508608 143.76061431916102 143.82206879546294
 344576 2048 4888.058 4892.111 5119.085 275.7100724055178 288.5018953985304 288.7411106824019 137.8550362027589 144.2509476992652 144.37055534120094
 379008 2048 5377.054 5379.2 5630.016 275.73931725948916 288.59621653777515 288.71139624039483 137.86965862974458 144.29810826888757 144.35569812019742
 416896 2048 5913.973 5915.165 6189.108 275.905027994341 288.6827359845414 288.74092188111103 137.9525139971705 144.3413679922707 144.37046094055552
 458560 2048 6506.92 6512.88 6810.188 275.80174879166333 288.3918880740932 288.65604003122826 137.90087439583166 144.1959440370466 144.32802001561413
 504384 2048 7145.882 7153.034 7485.151 276.00737299755207 288.822458274349 289.11152801011826 138.00368649877603 144.4112291371745 144.55576400505913
 554816 1024 3928.185 3930.807 4117.966 275.928253900105 289.0661301864986 289.2590771564985 137.9641269500525 144.5330650932493 144.62953857824925
 610240 1024 4317.045 4323.006 4525.9 276.1376786937405 289.09779907777136 289.49698694361535 138.06883934687025 144.54889953888568 144.74849347180768
 671232 1024 4745.96 4748.106 4976.034 276.2608004688071 289.5224192551725 289.65333378283844 138.13040023440354 144.76120962758625 144.82666689141922
 738304 1024 5223.036 5224.943 5473.852 276.2308136939033 289.3900645423309 289.49572470877087 138.11540684695166 144.69503227116545 144.74786235438543
 812096 1024 5739.927 5740.881 6016.97 276.41364474145627 289.70685997497594 289.75501047312974 138.20682237072813 144.85342998748797 144.87750523656487
 893248 1024 6308.079 6311.178 6615.877 276.51238135170894 289.8621943478698 290.0045963279788 138.25619067585447 144.9310971739349 145.0022981639894
 982528 1024 6940.842 6949.902 7277.012 276.51697482428233 289.5317580017675 289.9096887668672 138.25848741214116 144.76587900088376 144.9548443834336
 1080768 512 3817.081 3820.181 4002.094 276.5318435798859 289.69999903145947 289.93527567269336 138.26592178994295 144.84999951572973 144.96763783634668
 1188800 512 4200.935 4203.081 4400.969 276.6052657948738 289.6282988598126 289.77625219147643 138.3026328974369 144.8141494299063 144.88812609573822
 1307648 512 4619.837 4621.983 4842.043 276.5426808477331 289.7093200039896 289.8438953582128 138.27134042386655 144.8546600019948 144.9219476791064
 1438400 512 5079.031 5079.031 5323.887 276.6628217315657 290.00051387754866 290.00051387754866 138.33141086578286 145.00025693877433 145.00025693877433
 1582208 512 5584.955 5590.916 5856.037 276.6685032898528 289.78811200168275 290.0974120650928 138.3342516449264 144.89405600084137 145.0487060325464
 1740416 512 6140.947 6147.146 6438.971 276.7811788560626 289.92088100721867 290.21354263438525 138.3905894280313 144.96044050360933 145.10677131719262
 1914432 512 6766.081 6766.081 7082.939 276.77470722252446 289.73616603171024 289.73616603171024 138.38735361126223 144.86808301585512 144.86808301585512
 2105856 256 3716.946 3719.091 3896.952 276.67732935894514 289.9090858492035 290.07638851896155 138.33866467947257 144.95454292460175 145.03819425948078
 2316416 256 4086.971 4090.786 4284.143 276.8359954371271 289.92105478018163 290.1916827890386 138.41799771856356 144.96052739009082 145.0958413945193
 2548032 256 4494.905 4498.005 4714.012 276.7477859623607 290.0380021809669 290.2380326169296 138.37389298118035 145.01900109048344 145.1190163084648
 2802816 256 4945.993 4947.901 5183.935 276.82480432335666 290.0304173426267 290.14230145493536 138.41240216167833 145.01520867131336 145.07115072746768
 3083072 256 5438.089 5649.09 5702.972 276.79127023594015 279.4313533684186 290.27345157462486 138.39563511797007 139.7156766842093 145.13672578731243
 3391360 256 5985.022 6274.939 6567.001 264.4093277890471 276.71604775759573 290.12029028464724 132.20466389452355 138.35802387879787 145.06014514232362
 3730496 256 6596.088 6902.933 7164.955 266.5772432625187 276.6960003812872 289.5676879993111 133.28862163125936 138.3480001906436 144.78384399965555
 4103488 256 7287.979 7630.11 7818.937 268.70479401483857 275.3545959363626 288.28099751659545 134.35239700741928 137.6772979681813 144.14049875829772
 4513792 128 4018.068 4074.097 4202.127 274.98710819544476 283.6286794349766 287.5836725510867 137.49355409772238 141.8143397174883 143.79183627554335
 4965120 128 4420.042 4580.975 4630.804 274.4816494068848 277.46729026026117 287.5698285219914 137.2408247034424 138.73364513013058 143.7849142609957
 5461632 128 4854.918 5084.991 5238.056 266.92685072477275 274.9617043569989 287.9920509471015 133.46342536238637 137.48085217849945 143.99602547355076
 6007744 128 5336.046 5591.154 5825.043 264.0293752337966 275.07424478023677 288.2251135016452 132.0146876168983 137.53712239011838 144.1125567508226
 6608512 128 5868.196 6159.067 6335.02 267.05189123317683 274.6810632194779 288.2962791290543 133.52594561658842 137.34053160973895 144.14813956452716
 7269312 128 6455.898 6761.074 7040.024 264.3377170305101 275.2438254632326 288.25484417504737 132.16885851525504 137.6219127316163 144.12742208752368
 7996224 128 7102.013 7392.168 7452.011 274.695427046471 276.9192128750321 288.23283539469725 137.3477135232355 138.45960643751604 144.11641769734862
 8795840 64 3907.919 4092.932 4366.875 257.81995591813364 275.07603839985615 288.09899079279785 128.90997795906682 137.53801919992807 144.04949539639892
 9675392 64 4297.972 4429.102 4499.912 275.21653223440813 279.6165398764806 288.1475672712619 137.60826611720407 139.8082699382403 144.07378363563095
 10642880 64 4724.026 4946.947 4967.928 274.2166633654916 275.3796715428728 288.3745009024083 137.1083316827458 137.6898357714364 144.18725045120414
 11707136 64 5199.194 5442.142 5560.875 269.4743917099377 275.35360304821154 288.2203295356934 134.73719585496886 137.67680152410577 144.1101647678467
 12877824 64 5717.039 5985.022 6071.806 271.47795433516814 275.41443824266645 288.32433572693833 135.73897716758407 137.70721912133322 144.16216786346916
 14165568 64 6294.012 6587.982 6721.02 269.7793941990948 275.22733122221643 288.08218096819644 134.8896970995474 137.61366561110822 144.04109048409822
 15582080 64 6921.053 7138.968 7245.064 275.2917351730778 279.3829920515122 288.1795934809342 137.6458675865389 139.6914960257561 144.0897967404671
 17140288 32 3803.968 3980.16 4153.013 264.1403800084421 275.61164174304554 288.37740801184447 132.07019000422105 137.80582087152277 144.18870400592223
 18854272 32 4185.915 4384.041 4616.022 261.4098043726828 275.2422725973594 288.2699261690693 130.7049021863414 137.6211362986797 144.13496308453466
 20739648 32 4709.959 4870.176 4935.98 268.91062605602133 272.5440460467958 281.8150799189547 134.45531302801066 136.2720230233979 140.90753995947736
 22813568 32 5059.958 5303.144 5309.105 275.01214460817783 275.3212720604984 288.553452815221 137.50607230408892 137.6606360302492 144.2767264076105
 25094912 32 5563.974 5831.003 6054.878 265.2529692588356 275.43706768801184 288.655980060295 132.6264846294178 137.71853384400592 144.3279900301475
 27604352 32 6124.02 6413.937 6751.06 261.6890574220937 275.4436983088546 288.4834680487653 130.84452871104685 137.7218491544273 144.24173402438265
 30364736 32 6733.894 7061.005 7226.944 268.90247163946475 275.2218847033814 288.59128225065615 134.45123581973237 137.6109423516907 144.29564112532807
 33401152 32 7416.01 7755.995 8015.156 266.70394537548617 275.6156660750813 288.25119275729134 133.35197268774309 137.80783303754066 144.12559637864567
 36741248 16 4098.892 4293.919 4585.981 256.37261384205476 273.81045986195824 286.83847634921824 128.18630692102738 136.90522993097912 143.41923817460912
 40415360 16 4503.965 4727.125 4767.895 271.25000026217015 273.58944813179255 287.1451088096821 135.62500013108507 136.79472406589628 143.57255440484104
 44456896 16 4958.153 5198.956 5228.996 272.0638286967517 273.63583611786675 286.9255289217578 136.03191434837586 136.81791805893337 143.4627644608789
 48902528 16 5456.924 5722.046 5947.113 263.1328673257091 273.48275354654606 286.7697801911846 131.56643366285456 136.74137677327303 143.3848900955923
 53792768 16 6129.98 6313.086 6471.872 265.97691919741305 272.66673953118965 280.81145060832176 132.98845959870653 136.33336976559482 140.40572530416088
 59172032 16 6618.023 6915.092 7313.013 258.9226935600962 273.8221015714614 286.11339428708544 129.4613467800481 136.9110507857307 143.05669714354272
 65089216 16 7279.158 7624.149 7875.919 264.4586507301561 273.19178992960394 286.1395386664227 132.22932536507804 136.59589496480197 143.06976933321135
 71598080 8 4073.858 4179.001 4253.149 269.3461432928872 274.12515096311296 281.2001007398883 134.6730716464436 137.06257548155648 140.60005036994414
 78757888 8 4498.005 4708.052 4786.968 263.2409926283192 267.6534175918193 280.1522470517485 131.6204963141596 133.82670879590964 140.07612352587424
 86633664 8 5086.899 5412.102 5588.055 248.05386203249608 256.11834810208677 272.49187058756223 124.02693101624804 128.05917405104339 136.24593529378112
 95297024 8 5455.971 5689.144 5956.888 255.9645882212323 268.0108613879346 279.46489891533514 127.98229411061615 134.0054306939673 139.73244945766757
 104826688 8 6000.996 6263.971 6527.901 256.93205335068654 267.7577862349618 279.49143908777813 128.46602667534327 133.8788931174809 139.74571954388907
 115309312 8 6735.086 6806.85 7285.118 253.24901971388795 271.04299227983574 273.9310221131549 126.62450985694397 135.52149613991787 136.96551105657744
 126840192 8 7277.012 7560.968 7653.952 265.1496993971219 268.4104828905505 278.88411782198517 132.57484969856094 134.20524144527525 139.44205891099259
 139524160 4 4407.167 4499.912 4561.901 244.6772255689021 248.04780182368012 253.26775227714313 122.33861278445104 124.02390091184006 126.63387613857157
 153476544 4 4743.099 4802.942 4828.93 254.2617830451052 255.63755548161936 258.86289786487697 127.1308915225526 127.81877774080968 129.43144893243849
 168824192 4 5333.9 5378.008 5432.129 248.63060799918412 251.13267514663423 253.2093845028966 124.31530399959206 125.56633757331711 126.6046922514483
 185706560 4 6009.817 6689.072 6851.912 216.8230531857385 222.10143350228552 247.2042792650758 108.41152659286925 111.05071675114276 123.6021396325379
 204277184 4 7847.071 8023.024 8322.954 196.35065530819946 203.69096141305323 208.258275221417 98.17532765409973 101.84548070652662 104.1291376107085
 224704896 4 9009.123 9046.078 9738.922 184.5829721195015 198.72028165134105 199.53542292629373 92.29148605975075 99.36014082567053 99.76771146314687
 247175360 4 9698.868 10024.786 10386.944 190.37388475378324 197.25138072772825 203.87975998848523 95.18694237689162 98.62569036386412 101.93987999424262
 271892864 2 6485.939 6663.084 6765.127 160.76142487790696 163.22343467379372 167.68141914378165 80.38071243895348 81.61171733689686 83.84070957189083
 299082112 2 6538.153 6618.977 6771.088 176.6818638304509 180.74219747250973 182.97651462117818 88.34093191522545 90.37109873625487 91.48825731058909
 328990272 2 6813.049 6937.027 7056.952 186.47726213810154 189.70101860638567 193.15303441968493 93.23863106905077 94.85050930319284 96.57651720984246
 361889280 2 7027.149 7080.078 7655.859 189.0783411763461 204.45496786899804 205.9949376340248 94.53917058817305 102.22748393449902 102.9974688170124
 398078208 2 8399.963 8545.876 9064.913 175.65671419019685 186.32529093565128 189.56188640354725 87.82835709509843 93.16264546782564 94.78094320177362
 437886016 2 9157.896 9167.91 10216.951 171.43510466087193 191.05162070744586 191.2605323318806 85.71755233043596 95.52581035372293 95.6302661659403
 481674560 2 10764.837 11121.035 11577.845 166.41250940913443 173.24810505497015 178.98071656821185 83.20625470456721 86.62405252748508 89.49035828410592
 529841984 2 11600.971 11889.935 12105.942 175.06840326841152 178.24890850959238 182.68884009795389 87.53420163420576 89.12445425479619 91.34442004897694
 582826176 1 6452.084 6526.947 6577.969 177.20551008981647 178.59074878346644 180.66292255339516 88.60275504490824 89.29537439173322 90.33146127669758
 641108736 1 7106.066 7262.945 7518.053 170.55180004716644 176.54236291201434 180.43984843371845 85.27590002358322 88.27118145600717 90.21992421685923
 705219584 1 7936.001 8086.92 8226.871 171.44296634771595 174.40993208786531 177.72668728242348 85.72148317385798 87.20496604393266 88.86334364121174
 775741504 1 8842.945 9088.993 9303.093 166.7706651970479 170.69910913123158 175.4486777877732 83.38533259852395 85.34955456561579 87.7243388938866
 853315648 1 9852.886 9921.074 10057.211 169.69230296550407 172.02082113287332 173.2113104728909 84.84615148275203 86.01041056643666 86.60565523644544
 938647168 1 10944.843 11183.977 11723.995 160.1241160542972 167.85570428122304 171.52318548562093 80.0620580271486 83.92785214061152 85.76159274281046
 1032511872 1 12256.145 12348.175 12925.863 159.75906165801078 167.23311290939753 168.4888473496356 79.87953082900539 83.61655645469877 84.2444236748178
 
META_DATA
 FLOPS          8
 MPI_PROCS      2
 OPENMP_THREADS 4
 ERT_VERSION  1.1.0
 HOSTNAME  ('c3cpu-a7-u1-3.rc.int.colorado.edu', [], ['10.225.64.156'])
 UNAME  uname_result(system='Linux', node='c3cpu-a7-u1-3.rc.int.colorado.edu', release='4.18.0-305.34.2.el8_4.x86_64', version='#1 SMP Mon Jan 17 09:42:23 EST 2022', machine='x86_64', processor='x86_64')
 TIMESTAMP_DATA  1728533894.4767447
 CONFIG  {'nux': ['workstation,', 'MPI', 'and', 'OpenMP', '(8-core', 'Intel', 'Xeon', 'CPU', 'E5530,', '2.40', 'GHz)'], 'ERT_RESULTS': ['Results.alpine'], 'ERT_DRIVER': ['driver1'], 'ERT_KERNEL': ['kernel1'], 'ERT_MPI': ['True'], 'ERT_MPI_CFLAGS': ['-I/usr/include/mpi'], 'ERT_MPI_LDFLAGS': ['-lmpi'], 'ERT_OPENMP': ['True'], 'ERT_OPENMP_CFLAGS': ['-qopenmp'], 'ERT_OPENMP_LDFLAGS': ['-qopenmp'], 'ERT_FLOPS': ['1,2,4,8,16'], 'ERT_ALIGN': ['32'], 'ERT_CC': ['icpc'], 'ERT_CFLAGS': ['-O3', '-fno-alias', '-fno-fnalias', '-DERT_INTEL'], 'ERT_LD': ['icpc'], 'ERT_LDFLAGS': [], 'ERT_LDLIBS': [], 'ERT_PRECISION': ['FP64'], 'ERT_RUN': ['export', 'OMP_NUM_THREADS=ERT_OPENMP_THREADS;', 'mpirun', '-np', 'ERT_MPI_PROCS', 'ERT_CODE'], 'ERT_PROCS_THREADS': ['1-8'], 'ERT_MPI_PROCS': ['1,2,4,8'], 'ERT_OPENMP_THREADS': ['1,2,4,8'], 'ERT_NUM_EXPERIMENTS': ['3'], 'ERT_MEMORY_MAX': ['1073741824'], 'ERT_WORKING_SET_MIN': ['1'], 'ERT_TRIALS_MIN': ['1'], 'ERT_GNUPLOT': ['gnuplot'], 'ERT_GPU': [False], 'ERT_HIP': [False], 'ERT_OCL': [False], 'ERT_SYCL': [False], 'ERT_WSS_MULT': [1.1]}
 TIMESTAMP_DATA  1728533900.1054492
 TIMESTAMP_DATA  1728533905.8876314
 