fp64
 16 67108864 391740.799 391745.806 391799.927 5.481072098311034 5.481829326846706 5.4818993923581605 1.3702680245777585 1.3704573317116766 1.3704748480895401
 32 33554432 206724.882 206726.074 206738.949 10.387416877116852 10.388063810470276 10.388123709268825 2.596854219279213 2.597015952617569 2.5970309273172063
 48 16777216 103394.032 103395.939 103398.8 15.576706267384148 15.577137280024123 15.577424584815493 3.894176566846037 3.894284320006031 3.894356146203873
 64 16777216 103567.839 103570.938 103579.998 20.732609475431733 20.7344230869088 20.735043510949378 5.183152368857933 5.1836057717272 5.1837608777373445
 80 8388608 51930.904 51935.911 51944.017 25.83891961994391 25.842952480413793 25.84544416942944 6.459729904985977 6.460738120103448 6.46136104235736
 96 8388608 52176.952 52191.973 52202.94 30.852912422173922 30.859395485968697 30.868279465615394 7.713228105543481 7.714848871492174 7.717069866403849
 112 8388608 52147.15 52179.098 52227.974 35.977811277917844 36.01151158266477 36.03357406876502 8.994452819479461 9.002877895666192 9.008393517191255
 128 8388608 52425.146 52431.107 52448.988 40.94423419571032 40.9581977355542 40.96285488646994 10.23605854892758 10.23954943388855 10.240713721617485
 144 4194304 25891.781 25896.788 25902.033 46.635704309387606 46.64514966103132 46.65416998544828 11.658926077346901 11.66128741525783 11.66354249636207
 160 4194304 35376.787 36413.908 39599.895 33.89345552557652 36.85891885045681 37.93949066092407 8.47336388139413 9.214729712614202 9.484872665231018
 176 4194304 32491.922 32762.051 38296.938 38.551254619886315 45.06418136031837 45.438832704325705 9.637813654971579 11.266045340079593 11.359708176081426
 192 4194304 26670.933 26684.046 26685.953 60.354327087363146 60.35864036510805 60.38831622425807 15.088581771840786 15.089660091277013 15.097079056064517
 208 4194304 26150.942 26152.134 26152.134 66.71847368172709 66.71847368172709 66.72151481197122 16.679618420431773 16.679618420431773 16.680378702992805
 224 4194304 27035.952 27045.965 27045.965 69.47610085275197 69.47610085275197 69.5018319310524 17.369025213187992 17.369025213187992 17.3754579827631
 240 4194304 27215.004 27224.064 27228.117 73.94069593574906 73.95170390431053 73.9763227666621 18.485173983937266 18.487925976077634 18.494080691665523
 256 4194304 27973.175 27973.175 27981.043 76.74780557679712 76.76939239110327 76.76939239110327 19.18695139419928 19.192348097775817 19.192348097775817
 272 2097152 14002.085 14003.992 14008.999 81.43698832443346 81.46610537909476 81.47720057405736 20.359247081108364 20.36652634477369 20.36930014351434
 288 2097152 14096.022 14097.929 14103.889 85.6472673600877 85.68347535301106 85.6950671615013 21.411816840021924 21.420868838252765 21.423766790375325
 304 2097152 14178.991 14183.044 14183.998 89.89485305905994 89.90089969402901 89.92659745675839 22.473713264764985 22.475224923507252 22.481649364189597
 320 2097152 14213.085 14219.046 14223.814 94.36127890873715 94.39292059396952 94.4325091983901 23.590319727184287 23.59823014849238 23.608127299597523
 352 2097152 14453.888 14456.034 14457.941 102.11654674756245 102.13001767981453 102.14518114433983 25.529136686890613 25.532504419953632 25.536295286084957
 384 2097152 15650.034 15650.988 15650.988 102.90805513364396 102.90805513364396 102.91432823724216 25.72701378341099 25.72701378341099 25.72858205931054
 416 2097152 18337.011 18442.154 20075.798 86.91213489994271 94.61099088533803 95.15348297495159 21.72803372498568 23.652747721334507 23.788370743737897
 448 2097152 18377.066 18378.019 18382.072 102.22178392076802 102.24432742179665 102.24962961987514 25.555445980192005 25.561081855449164 25.562407404968784
 480 2097152 19734.859 19737.959 21518.946 93.55783131757474 101.99970118490974 102.01572354786015 23.389457829393685 25.499925296227435 25.503930886965037
 528 1048576 9865.046 9867.907 10734.081 103.15706169908724 112.21186579889738 112.24440879444454 25.78926542477181 28.052966449724344 28.061102198611135
 576 1048576 10206.938 10207.891 10863.066 111.19876764073787 118.335859189719 118.34690795613727 27.799691910184468 29.58396479742975 29.586726989034318
 624 1048576 11569.023 11584.044 12676.954 103.22849227030406 112.96770350665105 113.11437862989814 25.807123067576015 28.241925876662762 28.278594657474535
 672 1048576 12245.893 12254.953 13128.042 107.34930189894274 114.9972704097682 115.08234997643699 26.837325474735685 28.74931760244205 28.770587494109247
 736 1048576 13607.025 13614.893 14733.076 104.76453606836753 113.36878460961832 113.43433792471168 26.191134017091883 28.34219615240458 28.35858448117792
 800 1048576 17030.001 17626.047 17685.89 94.86215282352202 95.18422366625937 98.51564894212278 23.715538205880506 23.796055916564843 24.628912235530695
 880 1048576 15650.034 15655.994 16870.975 109.38868441213387 117.8777763966951 117.92266777183998 27.347171103033467 29.469444099173774 29.480666942959996
 960 1048576 17011.881 17015.934 18567.085 108.43198703512155 118.3165096902703 118.34469803780075 27.107996758780388 29.579127422567574 29.58617450945019
 1056 524288 8843.899 8846.045 9578.943 115.59691460738414 125.17416042988701 125.2045343349127 28.899228651846034 31.293540107471753 31.301133583728173
 1152 524288 9698.153 9698.153 10441.065 115.69313590136636 124.55562951007268 124.55562951007268 28.92328397534159 31.13890737751817 31.13890737751817
 1264 524288 11058.092 11063.099 11925.936 111.13593633237677 119.80368827938719 119.85793426207704 27.783984083094193 29.950922069846797 29.96448356551926
 1376 524288 11394.978 11399.984 11641.026 123.94445094444424 126.56514044230238 126.62074257624721 30.98611273611106 31.641285110575595 31.655185644061802
 1504 524288 12755.871 12760.162 13920.069 113.29385680487646 123.59234185271315 123.63391758979063 28.323464201219114 30.898085463178287 30.908479397447657
 1648 524288 13608.932 13613.939 14718.771 117.40472407648708 126.9326421985584 126.9793432724919 29.35118101912177 31.7331605496396 31.744835818122976
 1808 524288 14628.887 14637.947 15980.959 118.6302654302536 129.51443313737917 129.59464434990852 29.6575663575634 32.37860828434479 32.39866108747713
 1984 524288 16336.918 16338.825 17412.186 119.47809333072824 127.32707425411557 127.34193707772789 29.86952333268206 31.831768563528893 31.835484269431973
 2176 262144 8759.022 8764.029 9510.04 119.96276440477642 130.17422557593088 130.24863826121228 29.990691101194106 32.54355639398272 32.56215956530307
 2384 262144 9608.03 9613.037 10366.201 120.57479803835562 130.0216146052491 130.08937232710556 30.143699509588906 32.50540365131228 32.52234308177639
 2608 262144 10381.937 10383.129 11123.18 122.92735566627529 131.68892575638804 131.70404559380393 30.731838916568822 32.92223143909701 32.92601139845098
 2864 262144 11396.17 11399.031 12170.076 123.38138496423524 131.7270592561771 131.76012923640135 30.84534624105881 32.93176481404428 32.94003230910034
 3136 262144 12333.87 12334.108 13108.969 125.4230724018037 133.30247862269408 133.3050508883262 31.355768100450923 33.32561965567352 33.32626272208155
 3440 262144 13695.002 13705.969 14967.203 120.50018430297231 131.5887056216164 131.69408226446407 30.12504607574308 32.8971764054041 32.92352056611602
 3776 262144 14968.157 14974.117 16208.887 122.13741066860419 132.20889672492876 132.26153948011103 30.534352667151047 33.05222418123219 33.065384870027756
 4144 131072 8121.967 8122.206 8503.914 127.7440877224299 133.7474986475349 133.75143435081674 31.936021930607474 33.43687466188373 33.437858587704184
 4544 131072 8971.93 8973.122 8979.082 132.66192869159676 132.75004351885553 132.76768053250527 33.16548217289919 33.187510879713884 33.19192013312632
 4992 131072 9778.023 9780.884 10485.888 124.79847658109641 133.79392373940843 133.83307116377208 31.199619145274102 33.44848093485211 33.45826779094302
 5488 131072 10759.83 10762.93 11662.96 123.35172820621865 133.66678701803318 133.70529757440406 30.837932051554663 33.416696754508294 33.426324393601014
 6032 131072 11821.032 11826.992 11828.899 133.67707408779128 133.69862835791216 133.76603734766982 33.41926852194782 33.42465708947804 33.441509336917456
 6624 131072 12974.024 12975.216 13797.045 125.85606961490666 133.8275876101022 133.83988313880104 31.464017403726665 33.45689690252555 33.45997078470026
 7280 131072 14160.156 14164.925 15252.829 125.1183187066478 134.72773911616193 134.77311408151152 31.27957967666195 33.68193477904048 33.69327852037788
 8000 131072 15476.942 15484.095 16595.125 126.37156996407077 135.43910703208678 135.50170311421985 31.592892491017693 33.859776758021695 33.87542577855496
 8800 65536 8508.921 8510.113 9217.024 125.14165092767472 135.53681367098181 135.55580078837258 31.28541273191868 33.884203417745454 33.888950197093145
 9680 65536 9432.077 9438.038 10046.959 126.28467579095326 134.43227925125962 134.51723941609046 31.571168947738315 33.608069812814904 33.629309854022615
 10640 65536 10313.988 10313.988 10879.04 128.1920169426714 135.2150186717301 135.2150186717301 32.04800423566785 33.80375466793252 33.80375466793252
 11696 65536 11334.896 11354.923 12037.992 127.3483245378465 135.0091156056276 135.24765573499747 31.837081134461624 33.7522789014069 33.811913933749366
 12864 65536 12372.017 12388.229 13054.132 129.16295070403763 136.10583143078807 136.28418131012916 32.29073767600941 34.02645785769702 34.07104532753229
 14144 65536 13605.833 13612.032 14111.996 131.36925265568385 136.19438802377192 136.25644001363239 32.84231316392096 34.04859700594298 34.064110003408096
 15552 65536 14991.999 14995.098 14998.913 135.90529820394318 135.93987475106866 135.96797491782115 33.976324550985794 33.984968687767164 33.99199372945529
 17104 32768 8255.959 8257.866 8916.855 125.70886753233064 135.74060707693732 135.7719610768416 31.42721688308266 33.93515176923433 33.9429902692104
 18800 32768 9047.031 9051.085 9772.062 126.08155781246579 136.12476294278534 136.18576083137108 31.520389453116447 34.031190735696335 34.04644020784277
 20672 32768 9941.816 9944.916 9946.108 136.2100825770241 136.22640874995827 136.26888608680747 34.05252064425603 34.05660218748957 34.06722152170187
 22736 32768 10941.982 10942.936 10942.936 136.16331997189786 136.16331997189786 136.17519166088923 34.040829992974466 34.040829992974466 34.04379791522231
 25008 32768 12027.979 12037.992 12048.006 136.03282468484826 136.1459858089289 136.25932403107788 34.008206171212066 34.03649645223223 34.06483100776947
 27504 32768 13211.012 13213.873 13227.94 136.26476564000137 136.4098280647922 136.4393692171349 34.06619141000034 34.10245701619805 34.109842304283724
 30240 32768 14489.889 14494.896 14497.995 136.69535959972393 136.7245849849492 136.77183034321382 34.17383989993098 34.1811462462373 34.192957585803455
 33264 16384 8094.072 8095.026 8095.026 134.64993836956174 134.64993836956174 134.66580875485167 33.662484592390435 33.662484592390435 33.66645218871292
 36576 16384 8877.993 8881.092 8882.046 134.93764477238688 134.95213966931092 134.99924678922363 33.73441119309672 33.73803491732773 33.74981169730591
 40224 16384 9732.008 9734.154 9737.015 135.36592395102605 135.40570983364347 135.43556807598185 33.84148098775651 33.85142745841087 33.85889201899546
 44240 16384 10715.008 10715.008 10723.114 135.18986369071524 135.29213603946914 135.29213603946914 33.79746592267881 33.823034009867285 33.823034009867285
 48656 16384 11749.983 11752.129 11764.05 135.5281393737701 135.6656149707002 135.69039274354697 33.882034843442526 33.91640374267505 33.92259818588674
 53520 16384 12905.836 12905.836 12910.843 135.83492263053623 135.88762169300773 135.88762169300773 33.95873065763406 33.97190542325193 33.97190542325193
 58864 16384 14205.933 14212.847 14213.085 135.7098442737801 135.71211679123823 135.77816761489723 33.92746106844503 33.92802919780956 33.94454190372431
 64736 16384 15606.165 15608.788 15622.139 135.78609484911127 135.9022396870276 135.92508140212536 33.946523712277816 33.9755599217569 33.98127035053134
 71200 8192 8799.791 8861.065 8892.775 131.1784904037266 131.64792268198008 132.56460295477473 32.79462260093165 32.91198067049502 33.14115073869368
 78320 8192 9842.873 10051.966 10104.895 126.98745311059638 127.6561102574362 130.36792001684873 31.746863277649094 31.91402756435905 32.59198000421218
 86144 8192 10836.84 10957.003 11121.988 126.90027142629538 128.8110714216287 130.23937753071928 31.725067856573844 32.202767855407174 32.55984438267982
 94752 8192 11916.161 12022.972 12105.942 128.2359330649362 129.12088358851705 130.27826394759185 32.05898326623405 32.28022089712926 32.56956598689796
 104224 8192 13118.029 13201.952 13272.047 128.6618421408544 129.34496474460747 130.17245319399737 32.1654605352136 32.33624118615187 32.54311329849934
 114640 8192 14309.883 14418.125 14624.119 128.43589142019425 130.27087502709264 131.25626254246802 32.10897285504856 32.56771875677316 32.814065635617006
 126096 8192 15661.001 15773.058 16008.139 129.05665449306758 130.98010950064344 131.91729340927824 32.264163623266896 32.74502737516086 32.97932335231956
 138704 4096 8617.163 8801.222 9146.929 124.22345991753079 129.10288684912163 131.86047055161887 31.055864979382697 32.27572171228041 32.96511763790472
 152560 4096 9467.125 9502.888 9548.903 130.88116195127333 131.51491630754774 132.01172689702523 32.72029048781833 32.878729076886934 33.00293172425631
 167808 4096 10550.976 10555.029 10562.181 130.15144656203108 130.23963610142616 130.2896657143377 32.53786164050777 32.55990902535654 32.572416428584425
 184576 4096 11597.872 11607.885 11648.893 129.80174098946569 130.26030082138132 130.37276079611846 32.45043524736642 32.56507520534533 32.593190199029614
 203024 4096 12586.832 12754.917 12770.891 130.23152480120612 130.39462412809115 132.1359185536122 32.55788120030153 32.59865603202279 33.03397963840305
 223312 4096 13859.987 14034.986 14050.961 130.1955007917252 130.34369282591376 131.98943866253268 32.5488751979313 32.58592320647844 32.99735966563317
 245632 4096 15224.934 15486.002 15493.155 129.87782953181582 129.93782023274954 132.1659157274508 32.469457382953955 32.484455058187386 33.0414789318627
 270192 2048 8363.962 8419.037 8540.154 129.58858025276825 131.45285286191282 132.3184433406082 32.39714506319206 32.863213215478204 33.07961083515205
 297200 2048 9211.063 9258.986 9399.176 129.51467235000177 131.47564970937424 132.1596866724286 32.378668087500444 32.86891242734356 33.03992166810715
 326912 2048 10143.042 10196.924 10368.109 129.14906199385055 131.3172042863122 132.01478925158744 32.28726549846264 32.82930107157805 33.00369731289686
 359600 2048 11232.138 11293.888 11497.974 128.10270748568402 130.41758515756487 131.13457117425017 32.025676871421005 32.60439628939122 32.78364279356254
 395552 2048 12356.997 12580.156 12589.931 128.6886315739141 128.7886248787376 131.11446025276206 32.17215789347853 32.1971562196844 32.778615063190514
 435104 2048 13478.041 13627.052 13903.856 128.17926077485268 130.78294439619077 132.22885907529144 32.04481519371317 32.69573609904769 33.05721476882286
 478608 2048 15025.139 15127.897 15313.864 128.01330663508568 129.58697220109312 130.47322677014836 32.00332665877142 32.39674305027328 32.61830669253709
 526464 1024 8265.018 8376.122 8412.123 128.17195754270358 128.72284716005808 130.45322732509476 32.042989385675895 32.18071179001452 32.61330683127369
 579104 1024 9244.919 9253.025 9266.853 127.98357673311534 128.17483925527057 128.2872237171575 31.995894183278835 32.04370981381764 32.071805929289376
 637008 1024 10115.862 10173.082 10326.862 126.32999104665096 128.23964104486723 128.965023840776 31.58249776166274 32.05991026121681 32.241255960194
 700704 1024 11004.925 11198.997 11324.167 126.72382807494803 128.14020684173772 130.39996110832197 31.680957018737008 32.03505171043443 32.599990277080494
 770768 1024 11957.169 12315.989 12479.067 126.494461805518 128.16939540949573 132.01560202084625 31.6236154513795 32.042348852373934 33.00390050521156
 847840 1024 13209.105 13553.143 13731.003 126.45662665720778 128.1161366038859 131.45298792007483 31.614156664301944 32.029034150971476 32.86324698001871
 932624 1024 14480.829 14528.99 14911.89 128.08664441596605 131.4622662690249 131.89948945602492 32.02166110399151 32.865566567256224 32.97487236400623
 1025872 1024 16143.799 16162.157 16602.039 126.54986872395614 129.99414966702773 130.141973150186 31.637467180989034 32.49853741675693 32.5354932875465
 1128448 512 8887.053 8907.08 9160.995 126.13594396678525 129.73171364801934 130.02406444521034 31.533985991696312 32.432928412004834 32.506016111302586
 1241280 512 9742.022 9743.929 10104.179 125.79653626484647 130.44745297302555 130.47298805114582 31.449134066211617 32.61186324325639 32.618247012786455
 1365408 512 10704.994 10730.028 11054.993 126.47477859099503 130.3051391850981 130.60986227549498 31.618694647748757 32.57628479627453 32.652465568873744
 1501936 512 11786.938 11894.941 12153.149 126.55011997302098 129.29719146988623 130.48193381521136 31.637529993255246 32.32429786747156 32.62048345380284
 1652128 512 12961.864 13242.006 13365.03 126.58251212305548 127.75851876218756 130.5197363589064 31.64562803076387 31.93962969054689 32.6299340897266
 1817328 512 14295.816 14781.952 14882.088 125.04588549671256 125.89297218662327 130.1740223852909 31.26147137417814 31.473243046655817 32.543505596322724
 1999056 512 15906.811 16233.921 16248.941 125.9794926943239 126.09605184108015 128.68910958959654 31.494873173580974 31.52401296027004 32.172277397399135
 2198960 256 8921.862 8922.815 8929.014 126.09091216566577 126.17851205028904 126.1919899680134 31.522728041416443 31.54462801257226 31.54799749200335
 2418848 256 9777.069 9782.076 9832.144 125.95932036796856 126.60402311329416 126.66885914377816 31.48983009199214 31.65100577832354 31.66721478594454
 2660720 256 10760.784 10762.93 10782.003 126.34838257789393 126.5722846845608 126.59752672295998 31.587095644473482 31.6430711711402 31.649381680739996
 2926784 256 11806.965 11831.999 11866.093 126.28532474842392 126.64921692437602 126.91774795639691 31.57133118710598 31.662304231094005 31.729436989099227
 3219456 256 12681.007 12846.947 12996.912 126.82716263678633 128.30764165213725 129.9866384428303 31.70679065919658 32.07691041303431 32.496659610707574
 3541392 256 13925.791 14147.043 14292.002 126.86764975263787 128.16761099828423 130.20392909817474 31.71691243815947 32.04190274957106 32.550982274543685
 3895520 256 15340.09 15527.01 15707.016 126.98186848475865 128.45398051524407 130.01920066961796 31.745467121189662 32.11349512881102 32.50480016740449
 4285072 128 8424.044 8544.922 8647.919 126.84883288106653 128.37781690693024 130.2199314248596 31.712208220266632 32.09445422673256 32.5549828562149
 4713568 128 9248.018 9484.053 9539.127 126.4972578727592 127.23182883942128 130.47913704320212 31.6243144681898 31.80795720985532 32.61978426080053
 5184912 128 10195.017 10340.929 10449.171 127.02801705513288 128.35766225645682 130.1947286600895 31.75700426378322 32.089415564114205 32.54868216502238
 5703392 128 11184.931 11260.033 11461.973 127.3836844668889 129.66821251767203 130.53887878253337 31.845921116722224 32.41705312941801 32.63471969563334
 6273728 128 12326.002 12373.924 12629.032 127.17319648885204 129.79507292916944 130.29970042192107 31.79329912221301 32.44876823229236 32.57492510548027
 6901088 128 13572.216 13685.942 13845.921 127.5955949770333 129.08709740257558 130.1687600609952 31.898898744258325 32.271774350643895 32.5421900152488
 7591184 128 14909.029 15022.993 15269.995 127.26547087932903 129.35791849200754 130.34672506170588 31.816367719832257 32.339479623001885 32.58668126542647
 8350288 128 16399.145 16672.134 16875.982 126.66959042738965 128.21836292822505 130.35275485398782 31.667397606847413 32.05459073205626 32.588188713496955
 9185312 64 9021.044 9213.924 9242.058 127.21408327019802 127.60252157495546 130.3308060574807 31.803520817549504 31.900630393738865 32.58270151437017
 10103840 64 9937.048 10123.968 10168.076 127.19137032413998 127.7455163825093 130.14846260177066 31.797842581034995 31.936379095627323 32.537115650442665
 11114224 64 10921.955 11087.179 11192.799 127.10142226265297 128.31223091103698 130.25329915752263 31.775355565663244 32.078057727759244 32.56332478938066
 12225632 64 12011.051 12098.074 12372.971 126.47575881330361 129.34958870312747 130.28675808636564 31.618939703325903 32.33739717578187 32.57168952159141
 13448192 64 13324.022 13607.025 13623.953 126.34868719820157 126.50587295900462 129.1928650372988 31.587171799550394 31.626468239751155 32.2982162593247
 14793008 64 14644.146 14765.978 14770.985 128.1908433323844 128.2343116046902 129.30115719960727 32.0477108330961 32.05857790117255 32.32528929990182
 16272304 64 16056.061 16252.995 16318.083 127.64090683936342 128.15206748048593 129.72390376444136 31.910226709840856 32.03801687012148 32.43097594111034
 17899520 32 8784.056 8931.875 8935.928 128.19813230366225 128.25630452732486 130.41461484307476 32.04953307591556 32.064076131831214 32.60365371076869
 19689472 32 9691.0 9814.024 9994.984 126.07586045160252 128.40056311254182 130.03056526674234 31.51896511290063 32.100140778135454 32.507641316685586
 21658416 32 10631.084 10864.019 10865.927 127.5674522753558 127.58985638740137 130.38544554816798 31.89186306883895 31.897464096850342 32.596361387041995
 23824256 32 11812.21 11955.976 12762.07 119.47531897254912 127.53056580240708 129.0827359147865 29.86882974313728 31.88264145060177 32.270683978696624
 26206672 32 12843.847 12863.874 13128.996 127.7498300707838 130.3827298059667 130.58603142812274 31.93745751769595 32.595682451491676 32.646507857030684
 28827328 32 14117.002 14139.891 14415.979 127.97944503110057 130.4783036870652 130.68985837077872 31.994861257775142 32.6195759217663 32.67246459269468
 31710048 32 15547.991 15709.877 15954.018 127.20576546923789 129.18262008034816 130.52767216034533 31.801441367309472 32.29565502008704 32.63191804008633
 34881040 16 8549.929 8752.823 8876.085 125.75288316864926 127.52380346317983 130.55000573688977 31.438220792162316 31.880950865794958 32.63750143422244
 38369136 16 9337.902 9629.011 9660.006 127.10264900456585 127.51178205113692 131.48696056137663 31.775662251141462 31.87794551278423 32.87174014034416
 42206048 16 10300.875 10595.083 10689.02 126.35335475095005 127.47361544973268 131.11444765614573 31.58833868773751 31.86840386243317 32.77861191403643
 46426640 16 11387.11 11571.884 11745.93 126.48232025901737 128.38466752691264 130.46791328089392 31.620580064754343 32.09616688172816 32.61697832022348
 51069296 16 12508.869 12753.963 12932.062 126.36944301689863 128.13409228174802 130.64470273051865 31.592360754224657 32.033523070437006 32.66117568262966
 56176224 16 13815.165 14101.028 14204.979 126.54993492070632 127.48284508051469 130.12071647352744 31.63748373017658 31.870711270128673 32.53017911838186
 61793840 16 15650.988 15670.061 15927.076 124.15354080058388 126.18986486395939 126.34364552576488 31.03838520014597 31.547466215989846 31.58591138144122
 67973216 8 9911.06 9980.917 10023.832 108.49857180367748 108.96508366916589 109.73311189721383 27.12464295091937 27.241270917291473 27.433277974303458
 74770528 8 13202.906 13255.119 13528.109 88.43279190018355 90.25407074806344 90.61099488249026 22.108197975045886 22.56351768701586 22.652748720622565
 82247568 8 15167.952 15447.14 15614.033 84.28066521954962 85.19124498127161 86.75931252947002 21.070166304887405 21.297811245317902 21.689828132367506
 90472320 8 17061.949 17117.977 17235.994 83.9845453647756 84.56356262191495 84.84125230945186 20.9961363411939 21.14089065547874 21.210313077362965
 99519552 8 19757.032 19863.844 19919.872 79.93589677684676 80.16136413475658 80.5947387239136 19.98397419421169 20.040341033689145 20.1486846809784
 109471504 8 22004.843 22056.103 22099.018 79.25890933253233 79.41312497497857 79.59811683273541 19.81472733313308 19.853281243744643 19.899529208183854
 120418640 8 24415.016 24475.098 24511.099 78.60513475956341 78.72075690973739 78.9144778770573 19.651283689890853 19.680189227434347 19.728619469264324
 132460496 8 27070.999 27085.066 27211.905 77.88385032212925 78.2485793462715 78.28923993532712 19.470962580532312 19.562144836567875 19.57230998383178
 145706544 4 15159.13 15226.126 15254.021 76.41607101498023 76.55606895673922 76.89440963960332 19.104017753745058 19.139017239184806 19.22360240990083
 160277184 4 16734.123 16799.927 16819.954 76.23192501002083 76.32280021216759 76.62292622087216 19.057981252505208 19.080700053041898 19.15573155521804
 176304896 4 18468.857 18481.97 18555.88 76.01036264515614 76.31433056108196 76.36851419662841 19.002590661289034 19.07858264027049 19.092128549157103
 193935376 4 20395.041 20467.997 20539.999 75.5347168225276 75.80043166900992 76.07158073376758 18.8836792056319 18.95010791725248 19.017895183441894
 213328912 4 22583.961 22593.975 22668.123 75.28771994046443 75.53479615694008 75.5682891942649 18.821929985116107 18.88369903923502 18.892072298566227
 234661792 4 25005.102 25029.182 25035.143 74.98636360894764 75.00422251114719 75.07645183770897 18.74659090223691 18.751055627786798 18.769112959427243
 258127968 4 27368.069 27506.113 27637.005 74.71951986114269 75.07508400041837 75.45376124270952 18.67987996528567 18.768771000104593 18.86344031067738
 283940752 2 15202.999 15244.007 15266.895 74.39384419687173 74.50554227638442 74.70651073515167 18.59846104921793 18.626385569096104 18.676627683787917
 312334816 2 16726.971 16762.972 16776.085 74.47144336715033 74.5296993874356 74.69010761123458 18.617860841787582 18.6324248468589 18.672526902808645
 343568288 2 18445.969 18476.009 18486.023 74.34120102522863 74.38149396874618 74.50262721356629 18.585300256307157 18.595373492186546 18.62565680339157
 377925104 2 20294.905 20341.158 20404.1 74.08807131899962 74.31732333036301 74.4866958480466 18.522017829749906 18.579330832590752 18.62167396201165
 415717600 2 22322.893 22336.006 22428.036 74.14248844615732 74.44797427078055 74.49170678728784 18.53562211153933 18.611993567695137 18.62292669682196
 457289360 2 24631.023 24683.952 24728.06 73.9709237198551 74.10310310115656 74.2623414382748 18.492730929963773 18.52577577528914 18.5655853595687
 503018288 2 27050.018 27186.871 27201.176 73.97007952891448 74.00900059444135 74.38343116814193 18.49251988222862 18.502250148610337 18.59585779203548
 553320112 1 14948.845 14958.143 15068.054 73.44280980145146 73.9824605233417 74.0284767150907 18.360702450362865 18.495615130835425 18.507119178772676
 608652112 1 16407.013 16448.975 16531.944 73.6334591987488 74.00486802369146 74.19414027404014 18.4083647996872 18.501217005922864 18.548535068510034
 669517312 1 18060.923 18165.827 18239.021 73.41592643596385 73.7117348965175 74.13987779029898 18.353981608990964 18.427933724129375 18.534969447574746
 736469040 1 19995.928 19996.881 20026.922 73.54790117023475 73.65839102608051 73.66190156315827 18.386975292558688 18.414597756520127 18.415475390789567
 810115936 1 21875.143 21960.974 22026.062 73.55976170411215 73.77777834443955 74.06725853174994 18.389940426028037 18.44444458610989 18.516814632937486
 891127520 1 24080.038 24192.095 24228.096 73.56149818788896 73.67096731390977 74.01379682208142 18.39037454697224 18.417741828477443 18.503449205520354
 980240272 1 26500.94 26536.942 26582.956 73.74953124099517 73.87740998944038 73.97777376953422 18.437382810248792 18.469352497360095 18.494443442383556
 
META_DATA
 FLOPS          4
 MPI_PROCS      1
 OPENMP_THREADS 2
 ERT_VERSION  1.1.0
 HOSTNAME  ('c3cpu-a7-u1-3.rc.int.colorado.edu', [], ['10.225.64.156'])
 UNAME  uname_result(system='Linux', node='c3cpu-a7-u1-3.rc.int.colorado.edu', release='4.18.0-305.34.2.el8_4.x86_64', version='#1 SMP Mon Jan 17 09:42:23 EST 2022', machine='x86_64', processor='x86_64')
 TIMESTAMP_DATA  1728533441.4515193
 CONFIG  {'nux': ['workstation,', 'MPI', 'and', 'OpenMP', '(8-core', 'Intel', 'Xeon', 'CPU', 'E5530,', '2.40', 'GHz)'], 'ERT_RESULTS': ['Results.alpine'], 'ERT_DRIVER': ['driver1'], 'ERT_KERNEL': ['kernel1'], 'ERT_MPI': ['True'], 'ERT_MPI_CFLAGS': ['-I/usr/include/mpi'], 'ERT_MPI_LDFLAGS': ['-lmpi'], 'ERT_OPENMP': ['True'], 'ERT_OPENMP_CFLAGS': ['-qopenmp'], 'ERT_OPENMP_LDFLAGS': ['-qopenmp'], 'ERT_FLOPS': ['1,2,4,8,16'], 'ERT_ALIGN': ['32'], 'ERT_CC': ['icpc'], 'ERT_CFLAGS': ['-O3', '-fno-alias', '-fno-fnalias', '-DERT_INTEL'], 'ERT_LD': ['icpc'], 'ERT_LDFLAGS': [], 'ERT_LDLIBS': [], 'ERT_PRECISION': ['FP64'], 'ERT_RUN': ['export', 'OMP_NUM_THREADS=ERT_OPENMP_THREADS;', 'mpirun', '-np', 'ERT_MPI_PROCS', 'ERT_CODE'], 'ERT_PROCS_THREADS': ['1-8'], 'ERT_MPI_PROCS': ['1,2,4,8'], 'ERT_OPENMP_THREADS': ['1,2,4,8'], 'ERT_NUM_EXPERIMENTS': ['3'], 'ERT_MEMORY_MAX': ['1073741824'], 'ERT_WORKING_SET_MIN': ['1'], 'ERT_TRIALS_MIN': ['1'], 'ERT_GNUPLOT': ['gnuplot'], 'ERT_GPU': [False], 'ERT_HIP': [False], 'ERT_OCL': [False], 'ERT_SYCL': [False], 'ERT_WSS_MULT': [1.1]}
 TIMESTAMP_DATA  1728533454.916041
 TIMESTAMP_DATA  1728533470.120751
 