fp64
 16 67108864 261214.972 261283.159 261306.047 8.218270004291176 8.218989912013427 8.221135379636662 1.027283750536397 1.0273737390016784 1.0276419224545827
 32 33554432 141452.789 141463.995 141497.135 15.17687017479188 15.180425577547135 15.181628182672313 1.897108771848985 1.8975531971933919 1.897703522834039
 48 16777216 70749.998 70760.965 70762.157 22.76093330507152 22.761316723139657 22.764844968617524 2.84511666313394 2.845164590392457 2.8456056210771905
 64 16777216 71243.048 71256.161 71280.956 30.127032078525993 30.137515379196476 30.143062492216792 3.765879009815749 3.7671894223995595 3.767882811527099
 80 8388608 35648.108 35721.064 35737.038 37.55703760339623 37.57383262715803 37.65072973858809 4.694629700424529 4.696729078394754 4.706341217323511
 96 8388608 35511.971 35522.938 35535.097 45.32456281180265 45.34007676955098 45.35407893862045 5.665570351475331 5.667509596193873 5.669259867327556
 112 8388608 35393.0 35427.094 35430.908 53.03415289272292 53.039862428456594 53.09095561269177 6.629269111590365 6.629982803557074 6.6363694515864715
 128 8388608 35382.986 35385.847 35389.9 60.68069274001905 60.68764294380179 60.69255002955376 7.585086592502381 7.585955367975224 7.58656875369422
 144 4194304 17685.175 17696.142 17698.05 68.25382186173053 68.26118099640023 68.30351138736258 8.531727732716316 8.532647624550028 8.537938923420322
 160 4194304 17714.977 17717.123 17722.845 75.73147990630173 75.75593847827325 75.7651155855297 9.466434988287716 9.469492309784156 9.470639448191212
 176 4194304 17689.943 17707.109 17720.938 83.31359254233608 83.37865927182128 83.45956841127187 10.41419906779201 10.42233240897766 10.432446051408984
 192 4194304 17771.959 17797.947 17825.127 90.35631196344352 90.4942989211059 90.62662906210846 11.29453899543044 11.311787365138237 11.328328632763558
 208 4194304 17715.931 17720.938 17724.991 98.4390042285494 98.46151845912446 98.48934634030806 12.304875528568674 12.307689807390558 12.311168292538508
 224 4194304 17869.949 17889.977 17908.812 104.92310668066646 105.0335722622785 105.1512901351873 13.115388335083308 13.129196532784812 13.143911266898412
 240 4194304 17971.992 17982.006 18002.987 111.82954917425646 111.96002937603289 112.02241354213822 13.978693646782057 13.995003672004112 14.002801692767278
 256 4194304 18044.949 18051.863 18084.049 118.75015645002955 118.96188487581587 119.0074656348433 14.843769556253694 14.870235609476984 14.875933204355412
 272 2097152 9528.16 9529.114 9536.982 119.62386927017374 119.7226403210204 119.7346274621753 14.952983658771718 14.96533004012755 14.966828432771912
 288 2097152 9440.899 9454.012 9610.891 125.68653124876766 127.77216191390488 127.94963191535044 15.710816406095958 15.97152023923811 15.993703989418805
 304 2097152 9878.159 10015.011 10151.863 125.59945066240553 127.31572796075811 129.0795598653555 15.699931332800691 15.914465995094764 16.134944983169436
 320 2097152 10272.026 10334.969 10693.073 125.51838746448284 129.86756709188 130.66334528358865 15.689798433060355 16.233445886485 16.332918160448582
 352 2097152 10931.015 10955.095 11619.091 127.0663090598051 134.7678872707174 135.064768276322 15.883288632475638 16.845985908839676 16.88309603454025
 384 2097152 11570.93 11573.076 12398.005 129.90902455677346 139.16894142922763 139.19475236649086 16.238628069596682 17.396117678653454 17.399344045811358
 416 2097152 12243.986 12248.993 12841.94 135.8696944542647 142.44684963082273 142.50510119825358 16.983711806783088 17.80585620385284 17.813137649781698
 448 2097152 12923.002 12928.963 13697.147 137.18537093892616 145.33634228824076 145.40338166008175 17.14817136736577 18.167042786030095 18.17542270751022
 480 2097152 13607.025 13607.979 14708.042 136.8819806198541 147.94745935454486 147.95783207571088 17.11024757748176 18.493432419318108 18.49472900946386
 528 1048576 7488.012 7488.966 8082.867 136.9930070604898 147.85702805968137 147.87586558354874 17.124125882561223 18.48212850746017 18.484483197943593
 576 1048576 7824.898 7832.05 8207.083 147.1850049524295 154.23287032130796 154.37384001682832 18.398125619053687 19.279108790163495 19.29673000210354
 624 1048576 8507.013 8515.12 8871.078 147.5156511981971 153.68225556421984 153.8287114407842 18.439456399774638 19.21028194552748 19.228588930098024
 672 1048576 9185.076 9186.983 9927.034 141.9644723690883 153.4003213024341 153.43217018563593 17.745559046136037 19.17504016280426 19.17902127320449
 736 1048576 9864.807 9869.099 10293.961 149.94265783598755 156.39764805277562 156.46569385493297 18.742832229498443 19.549706006596953 19.55821173186662
 800 1048576 10884.047 10887.861 10890.007 154.0606539555025 154.09101934714263 154.14501609557547 19.25758174443781 19.26137741839283 19.268127011946934
 880 1048576 11569.977 11570.93 12338.161 149.5760802602592 159.4939870866041 159.5071243443267 18.6970100325324 19.936748385825513 19.93839054304084
 960 1048576 12588.978 12591.124 13176.918 152.7873149092982 159.89564712411695 159.92290398791704 19.098414363662275 19.98695589051462 19.99036299848963
 1056 524288 7922.888 8131.981 8926.868 124.04084568070232 136.1656226201217 139.7591706458554 15.50510571008779 17.020702827515212 17.469896330731924
 1152 524288 8455.038 8598.089 8772.135 137.70416802750984 140.49163157068972 142.86861300919048 17.21302100343873 17.561453946336215 17.85857662614881
 1264 524288 8970.022 9016.037 9147.882 144.88600355798206 147.00472768689835 147.75884206304065 18.110750444747758 18.375590960862294 18.46985525788008
 1376 524288 9274.96 9280.92 10011.196 144.12269782751233 155.46309805493422 155.5629971450012 18.01533722843904 19.432887256866778 19.44537464312515
 1504 524288 9952.068 9962.082 10897.875 144.71246036497942 158.30609545273768 158.46538669148964 18.089057545622428 19.78826193159221 19.808173336436205
 1648 524288 11059.046 11061.192 11895.18 145.27340048658363 156.22667502742922 156.256990702453 18.159175060822953 19.528334378428653 19.532123837806626
 1808 524288 12246.847 12254.953 13230.085 143.29654027166117 154.69870900361676 154.80110170397327 17.912067533957647 19.337338625452094 19.35013771299666
 1984 524288 13264.894 13270.855 14422.894 144.24114771972947 156.76267911901684 156.8331253909756 18.030143464966184 19.595334889877105 19.60414067387195
 2176 262144 7313.967 7315.874 7821.083 145.8686332826285 155.94181747799374 155.9824768145659 18.233579160328564 19.492727184749217 19.497809601820737
 2384 262144 8064.985 8067.131 8453.131 147.86267857436494 154.93768379365602 154.9789109341183 18.482834821795617 19.367210474207003 19.372363866764786
 2608 262144 8843.899 8852.959 9600.163 142.4291550049723 154.45040511313786 154.60862951962704 17.803644375621538 19.306300639142233 19.32607868995338
 2864 262144 9690.046 9702.921 10443.211 143.78344285105416 154.7534842342837 154.95910256772774 17.97293035638177 19.34418552928546 19.369887820965968
 3136 262144 10636.091 10637.999 11395.216 144.28573955947832 154.55605588983417 154.58378157915348 18.03571744493479 19.31950698622927 19.322972697394185
 3440 262144 11606.932 11638.88 12495.995 144.3303010284495 154.95913008811846 155.3856540212349 18.041287628556187 19.369891261014807 19.423206752654362
 3776 262144 12716.055 12845.993 13920.069 142.21994790399387 154.11120712894675 155.68598028240677 17.777493487999234 19.263900891118343 19.460747535300847
 4144 131072 7041.931 7064.819 7513.046 144.591785542109 153.7654023408101 154.26517754860137 18.073973192763624 19.220675292601264 19.28314719357517
 4544 131072 7676.125 7683.992 8312.941 143.29252860088866 155.0212878930639 155.18016394990963 17.911566075111082 19.37766098663299 19.397520493738703
 4992 131072 8460.045 8463.144 9083.986 144.05821937638387 154.62608789357714 154.68272899257627 18.007277422047984 19.328260986697142 19.335341124072034
 5488 131072 9289.98 9297.848 10046.005 143.20580887626477 154.72895147350226 154.85999668459996 17.900726109533096 19.341118934187783 19.357499585574995
 6032 131072 10204.077 10209.799 11003.971 143.6983619822335 154.87597826362693 154.962825937123 17.96229524777919 19.359497282953367 19.370353242140375
 6624 131072 11205.912 11208.057 11209.011 154.91481416157055 154.92800009850055 154.95765592305204 19.36435177019632 19.36600001231257 19.369706990381506
 7280 131072 12354.136 12362.003 13082.981 145.8695323336478 154.3769500783975 154.4752558981057 18.233691541705976 19.297118759799687 19.309406987263213
 8000 131072 13610.125 13612.032 14790.058 141.79471101465592 154.06604980064697 154.0876369614533 17.72433887683199 19.25825622508087 19.260954620181664
 8800 65536 7471.085 7477.045 8193.97 140.76614876549462 154.26329519215145 154.38635753709136 17.595768595686827 19.28291189901893 19.29829469213642
 9680 65536 8203.983 8211.851 8491.039 149.4254071851513 154.50559928571522 154.65377731767606 18.678175898143913 19.313199910714403 19.331722164709507
 10640 65536 9023.19 9026.051 9737.015 143.22727036982073 154.50899623766804 154.5579866987174 17.90340879622759 19.313624529708505 19.319748337339675
 11696 65536 9927.034 10118.008 10636.091 144.1336024672974 151.5138268323172 154.42861503244575 18.016700308412176 18.93922835403965 19.30357687905572
 12864 65536 10938.883 10947.943 11940.002 141.21523664736407 154.01159907390823 154.1391573527206 17.651904580920508 19.25144988423853 19.267394669090073
 14144 65536 12032.032 12034.893 13159.037 140.88282964779262 154.04228089107232 154.07890936460277 17.610353705974077 19.25528511138404 19.259863670575346
 15552 65536 13206.959 13207.912 13216.019 154.23946833006215 154.33414032437526 154.34527691045304 19.27993354125777 19.291767540546907 19.29315961380663
 17104 32768 7261.038 7261.992 7264.137 154.30982978432263 154.35540881895767 154.37568898551422 19.28872872304033 19.29442610236971 19.296961123189277
 18800 32768 7987.022 7987.976 7991.076 154.1815895631577 154.24142486156694 154.2598480384804 19.272698695394713 19.280178107695868 19.28248100481005
 20672 32768 8785.009 8785.963 9378.91 144.44750957200785 154.19598193163347 154.21272670295502 18.05593869650098 19.274497741454184 19.276590837869378
 22736 32768 9657.86 9665.966 10227.919 145.68227378413928 154.15184535099752 154.2812275183115 18.21028422301741 19.26898066887469 19.28515343978894
 25008 32768 10627.985 10634.899 10634.899 154.10811969159275 154.10811969159275 154.20837421204487 19.263514961449093 19.263514961449093 19.27604677650561
 27504 32768 11695.862 11698.961 11706.114 153.97954812331403 154.07369457851857 154.1145187930569 19.247443515414254 19.25921182231482 19.264314849132113
 30240 32768 12869.12 12878.18 13432.026 147.54353810810073 153.88887560198722 153.9972150387905 18.44294226351259 19.236109450248403 19.249651879848813
 33264 16384 7122.04 7125.139 7126.093 152.95825524589702 152.97873515169317 153.04530050378824 19.119781905737128 19.122341893961647 19.13066256297353
 36576 16384 7838.011 7839.918 8119.822 147.6045125127127 152.87434996131336 152.9115445232215 18.450564064089086 19.10929374516417 19.113943065402687
 40224 16384 8609.056 8613.11 8618.832 152.9279178431602 153.0295133813454 153.1015748997335 19.115989730395025 19.128689172668174 19.137696862466687
 44240 16384 9466.887 9518.147 9746.075 148.74257790956872 152.30446850631745 153.12914583220442 18.59282223869609 19.03805856328968 19.141143229025552
 48656 16384 10406.017 10408.878 10417.223 153.05036745397504 153.17307091119716 153.2151838691019 19.13129593174688 19.146633863899645 19.15189798363774
 53520 16384 11456.966 11457.92 11461.02 153.01808739536273 153.05948723677596 153.07223221226283 19.12726092442034 19.132435904596996 19.134029026532854
 58864 16384 12570.858 12573.004 12573.004 153.41246626502306 153.41246626502306 153.43865565898523 19.176558283127882 19.176558283127882 19.179831957373153
 64736 16384 13834.0 14106.989 14116.049 150.27358207668448 150.37009300850804 153.33737516264276 18.78419775958556 18.796261626063504 19.167171895330345
 71200 8192 7615.805 7617.95 7632.971 152.82919324598507 153.13054036847183 153.1736697565129 19.103649155748133 19.14131754605898 19.146708719564113
 78320 8192 8383.036 8383.989 8393.049 152.8878099007881 153.05302523655504 153.0704246051192 19.110976237598514 19.13162815456938 19.1338030756399
 86144 8192 9231.091 9256.124 9261.131 152.39858889805146 152.4810272636797 152.89452741826506 19.049823612256432 19.06012840795996 19.111815927283132
 94752 8192 10153.055 10158.062 10159.969 152.79739219676753 152.82607725765013 152.9014437526439 19.09967402459594 19.103259657206266 19.112680469080487
 104224 8192 11172.056 11191.845 11196.136 152.51744137441702 152.57591719685183 152.84617406142613 19.064680171802127 19.07198964960648 19.105771757678266
 114640 8192 12302.876 12318.134 12321.949 152.43219721165863 152.4794063776218 152.66851100506904 19.05402465145733 19.059925797202727 19.08356387563363
 126096 8192 13553.858 13563.156 13575.077 152.187487702648 152.32124912520356 152.42574210235932 19.023435962831 19.040156140650446 19.053217762794915
 138704 4096 7462.025 7467.031 7476.091 151.986267689893 152.17067774326904 152.27276349248362 18.998283461236625 19.02133471790863 19.034095436560452
 152560 4096 8206.844 8212.805 8217.096 152.0940634014742 152.1735290196224 152.28405949960788 19.011757925184273 19.0216911274528 19.035507437450985
 167808 4096 9020.09 9032.965 9042.025 152.03266259493864 152.1851502801129 152.40237469914382 19.00408282436733 19.023143785014113 19.050296837392978
 184576 4096 9907.961 9921.789 9929.895 152.27216320011436 152.3965679979689 152.60925956410202 19.034020400014295 19.049570999746113 19.076157445512752
 203024 4096 10899.067 10904.074 10906.935 152.48762443344532 152.5276339834084 152.59770473931394 19.060953054180665 19.06595424792605 19.074713092414243
 223312 4096 11988.878 11997.938 12001.991 152.4223692552344 152.47385875806327 152.58908331538612 19.0527961569043 19.05923234475791 19.073635414423265
 245632 4096 13183.117 13186.932 13192.892 152.52283911670014 152.59177373478533 152.6359315479033 19.065354889587518 19.073971716848167 19.079491443487914
 270192 2048 7246.017 7259.13 7266.998 152.29210631405155 152.45717214046311 152.7330714239285 19.036513289256444 19.05714651755789 19.09163392799106
 297200 2048 7968.903 7983.923 7987.976 152.39545036189395 152.4728131771812 152.76019798459086 19.049431295236744 19.05910164714765 19.095024748073858
 326912 2048 8777.857 8780.956 8781.91 152.4761187486549 152.49268439563986 152.54652154848273 19.059514843581862 19.061585549454982 19.06831519356034
 359600 2048 9645.939 9654.999 9670.973 152.30335148283427 152.55533428848622 152.69862270536854 19.037918935354284 19.069416786060778 19.087327838171067
 395552 2048 10606.05 10615.11 10625.839 152.47558258693738 152.6296940870137 152.76007486293204 19.059447823367172 19.07871176087671 19.095009357866505
 435104 2048 11659.145 11683.941 11684.895 152.52049624750586 152.53294962718485 152.85734794446762 19.065062030938233 19.066618703398106 19.107168493058452
 478608 2048 12819.052 12839.079 12853.146 152.52128685070565 152.68839517227053 152.92693781100195 19.065160856338206 19.086049396533816 19.115867226375244
 526464 1024 7066.011 7086.992 7117.987 151.47516734717274 152.13764485694355 152.58938487358708 18.934395918396593 19.017205607117944 19.073673109198385
 579104 1024 7796.049 7809.162 7833.004 151.41125831162606 151.8735290675235 152.1289812313904 18.926407288953257 18.984191133440437 19.0161226539238
 637008 1024 8599.997 8600.95 8632.898 151.11870706685056 151.68003348467317 151.69684175471224 18.88983838335632 18.960004185584147 18.96210521933903
 700704 1024 9451.151 9459.972 9500.98 151.04144961888144 151.6961986779665 151.83778060471155 18.88018120236018 18.96202483474581 18.979722575588944
 770768 1024 10375.023 10402.918 10545.969 149.68115912345277 151.73943157102653 152.14740863707004 18.710144890431597 18.967428946378316 19.018426079633755
 847840 1024 11424.065 11607.885 11701.822 148.38512498310092 149.58593404397098 151.9928606848788 18.548140622887615 18.698241755496372 18.99910758560985
 932624 1024 12562.99 12784.958 12845.993 148.6855825003174 149.39540294148793 152.03498148131933 18.585697812539674 18.67442536768599 19.004372685164917
 1025872 1024 13988.972 14076.948 14111.996 148.87942541933828 149.25009710911766 150.18872408923255 18.609928177417284 18.656262138639708 18.77359051115407
 1128448 512 7735.014 7751.942 7758.141 148.94428343078582 149.06338979316408 149.3896135158902 18.618035428848227 18.63292372414551 18.673701689486276
 1241280 512 8505.106 8531.094 8566.141 148.3831190731042 148.99269894341805 149.4479574975315 18.547889884138026 18.624087367927256 18.680994687191436
 1365408 512 9371.996 9375.811 9384.155 148.99346739264217 149.12606408128323 149.1867678987486 18.62418342408027 18.640758010160404 18.648345987343575
 1501936 512 10275.841 10300.875 10350.943 148.58380188162567 149.30600206293155 149.66974128930175 18.57297523520321 18.663250257866444 18.70871766116272
 1652128 512 11233.091 11325.836 11326.075 149.37028688226061 149.37343892318415 150.6067272133734 18.671285860282577 18.67167986539802 18.825840901671675
 1817328 512 12345.076 12401.819 12413.979 149.90712260750564 150.05410674030963 150.7438165629762 18.738390325938205 18.756763342538704 18.842977070372026
 1999056 512 13591.051 13638.02 13711.929 149.28850229606644 150.09754671132612 150.6162653646138 18.661062787008305 18.762193338915765 18.827033170576726
 2198960 256 7489.204 7509.947 7529.02 149.53706060018433 149.9168396261651 150.33206733319054 18.69213257502304 18.73960495327064 18.791508416648817
 2418848 256 8231.163 8238.077 8272.886 149.6998962635288 150.33243510591123 150.45871112016613 18.7124870329411 18.791554388238904 18.807338890020766
 2660720 256 9042.025 9051.8 9078.026 150.06441268178787 150.49919794957913 150.66189708610625 18.758051585223484 18.81239974369739 18.83273713576328
 2926784 256 9933.949 9937.048 9986.877 150.04824911731666 150.80066112189454 150.84770497613786 18.756031139664582 18.850082640236817 18.855963122017233
 3219456 256 10932.922 10954.142 10984.898 150.0570576076355 150.47837356864645 150.77044105866665 18.757132200954437 18.809796696080806 18.84630513233333
 3541392 256 12015.104 12041.092 12101.173 149.83611125962744 150.58374306915022 150.9094473089871 18.72951390745343 18.822967883643777 18.863680913623387
 3895520 256 13246.059 13261.795 13285.875 150.12230959571724 150.39489299902465 150.5735585203116 18.765288699464655 18.79936162487808 18.82169481503895
 4285072 128 7282.019 7287.979 7308.006 150.10639454866347 150.5188793765734 150.64207220552433 18.763299318582934 18.814859922071676 18.83025902569054
 4713568 128 8006.096 8017.778 8023.024 150.40132099816725 150.49972797949755 150.71932787216141 18.800165124770906 18.812465997437194 18.839915984020177
 5184912 128 8784.056 8818.15 8829.117 150.33637814517576 150.5233492285797 151.10758310283995 18.79204726814697 18.81541865357246 18.888447887854994
 5703392 128 9683.132 9689.808 9703.875 150.4624031121588 150.68083413004672 150.7847204809353 18.80780038901985 18.83510426625584 18.848090060116913
 6273728 128 10638.952 10644.913 10661.125 150.64773820774073 150.87717184724758 150.96170825848262 18.83096727596759 18.859646480905948 18.870213532310327
 6901088 128 11701.107 11709.929 11726.856 150.65235967764932 150.87013149268452 150.9838793885057 18.831544959706164 18.858766436585565 18.872984923563212
 7591184 128 12893.915 12896.061 12904.167 150.59810555768536 150.69276610896924 150.717846674187 18.82476319471067 18.836595763621155 18.839730834273375
 8350288 128 14163.971 14177.084 14206.886 150.4674372695044 150.78373860238113 150.9233341412518 18.80842965868805 18.847967325297642 18.865416767656473
 9185312 64 7786.036 7806.063 7807.97 150.57946380429226 150.6162499585258 151.00366039920698 18.822432975536532 18.827031244815725 18.875457549900872
 10103840 64 8561.134 8573.055 8574.963 150.82181928948265 150.85538585720025 151.0654453019892 18.85272741118533 18.85692323215003 18.88318066274865
 11114224 64 9438.992 9448.051 9449.959 150.5425232003652 150.57292472278147 150.71743592959928 18.81781540004565 18.821615590347683 18.83967949119991
 12225632 64 10356.903 10403.872 10424.852 150.11061029931167 150.41331688817394 151.09544774147253 18.76382628741396 18.801664611021742 18.886930967684066
 13448192 64 11407.852 11414.766 11417.866 150.76097197146996 150.80191534368728 150.89331243077135 18.845121496433745 18.85023941796091 18.861664053846418
 14793008 64 12549.162 12552.977 12572.05 150.61227277969783 150.84111314790107 150.8869695044179 18.82653409746223 18.855139143487634 18.860871188052236
 16272304 64 13812.065 13885.021 13933.897 149.48114744927426 150.0073289050121 150.79967492188896 18.685143431159283 18.75091611312651 18.84995936523612
 17899520 32 7650.852 7678.032 8394.003 136.47472844601077 149.20089939713716 149.73094238393318 17.059341055751347 18.650112424642145 18.716367797991648
 19689472 32 8359.909 8404.97 9628.057 130.88063437929375 149.92631835687695 150.73444076963037 16.36007929741172 18.74078979460962 18.841805096203796
 21658416 32 9191.036 9193.182 9195.089 150.74771152296623 150.7789820760646 150.81418721458604 18.84346394037078 18.847372759508076 18.851773401823255
 23824256 32 10097.98 10114.908 10119.915 150.6684971168236 150.74307981842247 150.99578173060354 18.83356213960295 18.84288497730281 18.874472716325442
 26206672 32 11100.054 11113.882 11116.982 150.8707136523204 150.91279608691184 151.10079716729305 18.85883920654005 18.86409951086398 18.88759964591163
 28827328 32 12206.078 12207.985 12235.165 150.79069158446165 151.12641373658306 151.15002476635001 18.848836448057707 18.890801717072883 18.893753095793752
 31710048 32 13445.139 13446.093 13468.027 150.6859966942448 150.9318039076481 150.9425132756158 18.8357495867806 18.86647548845601 18.867814159451974
 34881040 16 7406.95 7419.109 7425.07 150.327644049147 150.4484271628844 150.69539824084137 18.790955506143376 18.80605339536055 18.83692478010517
 38369136 16 8141.041 8146.048 8147.955 150.6896334110829 150.72491004226836 150.81761067165735 18.836204176385362 18.840613755283545 18.85220133395717
 42206048 16 8932.114 8944.988 8977.89 150.4355183679016 150.98885945962144 151.2064821384949 18.8044397959877 18.87360743245268 18.90081026731186
 46426640 16 9840.012 9842.873 9871.96 150.49214948196712 150.93687381722796 150.9807589665541 18.81151868524589 18.867109227153495 18.872594870819263
 51069296 16 10835.171 10839.939 10861.874 150.4544678017808 150.75891773929723 150.82525896453316 18.8068084752226 18.844864717412154 18.853157370566645
 56176224 16 11968.851 12019.873 12078.047 148.83525192442121 149.55558748416058 150.19312781151672 18.604406490552652 18.694448435520073 18.77414097643959
 61793840 16 13695.955 13777.018 13885.975 142.40288348495514 143.5290917091057 144.3786052159196 17.800360435619393 17.941136463638212 18.04732565198995
 67973216 8 9367.943 9443.045 9487.867 114.62760344342938 115.1716904875493 116.0950121067133 14.328450430428672 14.396461310943662 14.511876513339162
 74770528 8 12618.065 12701.035 13005.972 91.98300965125867 94.19141416427874 94.81076916310067 11.497876206407334 11.773926770534842 11.851346145387584
 82247568 8 14389.992 14902.83 15104.055 87.12634375338277 88.30276450848596 91.4497442389127 10.890792969172846 11.037845563560746 11.431218029864088
 90472320 8 16463.041 16906.977 16978.979 85.25584017743353 85.6189205202089 87.92768723591223 10.65698002217919 10.702365065026113 10.990960904489029
 99519552 8 18901.11 18956.9 19051.075 83.58125890533736 83.99647790514271 84.24440850299267 10.44765736316717 10.499559738142839 10.530551062874084
 109471504 8 21001.101 21061.897 21105.051 82.99170013851186 83.16174293322202 83.40248751720208 10.373962517313982 10.395217866652752 10.42531093965026
 120418640 8 23231.983 23326.874 23361.921 82.47173851842064 82.59564654912612 82.93300834457393 10.30896731480258 10.324455818640764 10.366626043071742
 132460496 8 25804.996 25892.973 26036.978 81.39838409818529 81.85108508011034 82.13014007055068 10.174798012273161 10.231385635013792 10.266267508818835
 145706544 4 14440.06 14492.989 14517.069 80.29529597193483 80.42870604538511 80.72351167515924 10.036911996491854 10.053588255673139 10.090438959394906
 160277184 4 15964.031 16023.159 16034.126 79.96803018761359 80.02276405045971 80.31915447921642 9.996003773451699 10.002845506307464 10.039894309902053
 176304896 4 17703.056 17708.063 17718.077 79.60452864043879 79.64954540764847 79.6720728895621 9.950566080054848 9.95619317595606 9.959009111195263
 193935376 4 19448.042 19493.103 19542.933 79.38844225685058 79.59138203907301 79.7757948075184 9.923555282106323 9.948922754884126 9.9719743509398
 213328912 4 21490.097 21508.932 21634.102 78.88616296622804 79.34523648129066 79.41477863036168 9.860770370778505 9.918154560161332 9.92684732879521
 234661792 4 23719.072 23761.034 23846.149 78.72526234739203 79.00726609793159 79.14703981673482 9.840657793424004 9.875908262241449 9.893379977091852
 258127968 4 26197.195 26206.97 26222.944 78.74873789914665 78.79673781440586 78.82613936339368 9.843592237393331 9.849592226800732 9.85326742042421
 283940752 2 14435.053 14447.927 14493.942 78.3612220885112 78.61079364534443 78.68090321524971 9.7951527610639 9.826349205668054 9.835112901906214
 312334816 2 15890.837 15903.95 16024.113 77.96620405759745 78.5552811722874 78.62010440356289 9.745775507199681 9.819410146535924 9.827513050445361
 343568288 2 17534.971 17542.124 17554.045 78.28811832258606 78.34132012748286 78.37327772027682 9.786014790323257 9.792665015935357 9.796659715034602
 377925104 2 19273.043 19282.103 19316.912 78.25787144446276 78.39914640016185 78.43600079136439 9.782233930557846 9.799893300020232 9.804500098920549
 415717600 2 21197.081 21269.083 21321.058 77.99192704226967 78.18251496785264 78.4480844320027 9.748990880283708 9.77281437098158 9.806010554000338
 457289360 2 23344.994 23393.869 23440.838 78.03293721837078 78.18960771302943 78.35330520967365 9.754117152296347 9.773700964128679 9.794163151209206
 503018288 2 25737.047 25804.043 25882.006 77.74023203611034 77.97511234964226 78.17808904028502 9.717529004513793 9.746889043705282 9.772261130035627
 553320112 1 14179.945 14184.952 14237.881 77.72506484637707 78.01508415396823 78.04263161810572 9.715633105797133 9.751885519246029 9.755328952263215
 608652112 1 15602.112 15681.982 15686.989 77.59960971477702 77.62438599916771 78.02175910543393 9.699951214347127 9.703048249895964 9.752719888179241
 669517312 1 17174.006 17212.152 17235.041 77.69256968985452 77.79588653411847 77.9686826707758 9.711571211231815 9.724485816764808 9.746085333846976
 736469040 1 18898.964 18904.924 18948.078 77.73548747266082 77.91293315963608 77.93750387587383 9.716935934082603 9.73911664495451 9.742187984484229
 810115936 1 20789.146 20802.975 20972.967 77.25334579508944 77.88462332911519 77.9364324056409 9.65666822438618 9.735577916139398 9.742054050705113
 891127520 1 22861.004 22905.111 22928.953 77.72945585435147 77.8103646823628 77.96048852447599 9.716181981793934 9.72629558529535 9.745061065559499
 980240272 1 25223.017 25227.07 25248.051 77.64878738560849 77.7133667921007 77.7258542861863 9.70609842320106 9.714170849012588 9.715731785773288
 
META_DATA
 FLOPS          2
 MPI_PROCS      2
 OPENMP_THREADS 1
 ERT_VERSION  1.1.0
 HOSTNAME  ('c3cpu-c11-u13-2.rc.int.colorado.edu', [], ['10.225.64.253'])
 UNAME  uname_result(system='Linux', node='c3cpu-c11-u13-2.rc.int.colorado.edu', release='4.18.0-305.34.2.el8_4.x86_64', version='#1 SMP Mon Jan 17 09:42:23 EST 2022', machine='x86_64', processor='x86_64')
 TIMESTAMP_DATA  1728533241.4829838
 CONFIG  {'nux': ['workstation,', 'MPI', 'and', 'OpenMP', '(8-core', 'Intel', 'Xeon', 'CPU', 'E5530,', '2.40', 'GHz)'], 'ERT_RESULTS': ['Results.alpine'], 'ERT_DRIVER': ['driver1'], 'ERT_KERNEL': ['kernel1'], 'ERT_MPI': ['True'], 'ERT_MPI_CFLAGS': ['-I/usr/include/mpi'], 'ERT_MPI_LDFLAGS': ['-lmpi'], 'ERT_OPENMP': ['True'], 'ERT_OPENMP_CFLAGS': ['-qopenmp'], 'ERT_OPENMP_LDFLAGS': ['-qopenmp'], 'ERT_FLOPS': ['1,2,4,8,16'], 'ERT_ALIGN': ['32'], 'ERT_CC': ['icpc'], 'ERT_CFLAGS': ['-O3', '-fno-alias', '-fno-fnalias', '-DERT_INTEL'], 'ERT_LD': ['icpc'], 'ERT_LDFLAGS': [], 'ERT_LDLIBS': [], 'ERT_PRECISION': ['FP64'], 'ERT_RUN': ['export', 'OMP_NUM_THREADS=ERT_OPENMP_THREADS;', 'mpirun', '-np', 'ERT_MPI_PROCS', 'ERT_CODE'], 'ERT_PROCS_THREADS': ['1-8'], 'ERT_MPI_PROCS': ['1,2,4,8'], 'ERT_OPENMP_THREADS': ['1,2,4,8'], 'ERT_NUM_EXPERIMENTS': ['3'], 'ERT_MEMORY_MAX': ['1073741824'], 'ERT_WORKING_SET_MIN': ['1'], 'ERT_TRIALS_MIN': ['1'], 'ERT_GNUPLOT': ['gnuplot'], 'ERT_GPU': [False], 'ERT_HIP': [False], 'ERT_OCL': [False], 'ERT_SYCL': [False], 'ERT_WSS_MULT': [1.1]}
 HOSTNAME  ('c3cpu-a7-u1-3.rc.int.colorado.edu', [], ['10.225.64.156'])
 UNAME  uname_result(system='Linux', node='c3cpu-a7-u1-3.rc.int.colorado.edu', release='4.18.0-305.34.2.el8_4.x86_64', version='#1 SMP Mon Jan 17 09:42:23 EST 2022', machine='x86_64', processor='x86_64')
 TIMESTAMP_DATA  1728533246.7882886
 TIMESTAMP_DATA  1728533251.134263
 TIMESTAMP_DATA  1728533257.6947954
 TIMESTAMP_DATA  1728533260.961491
 TIMESTAMP_DATA  1728533268.4846272
 