fp64
 16 67108864 261223.793 261240.005 261425.972 8.214500003848126 8.22034759951869 8.220857768495843 1.0268125004810158 1.0275434499398362 1.0276072210619804
 32 33554432 141484.976 141493.082 141515.97 15.174850216551533 15.177304908801126 15.178174451540356 1.8968562770689417 1.8971631136001408 1.8972718064425445
 48 16777216 70760.012 70761.919 70820.093 22.742313201989163 22.76100985898927 22.76162327389091 2.8427891502486453 2.8451262323736586 2.8452029092363635
 64 16777216 71218.967 71224.928 71225.166 30.150630298285304 30.15073104742205 30.153254651952476 3.768828787285663 3.768841380927756 3.7691568314940596
 80 8388608 35588.026 35621.881 35716.057 37.579100066953075 37.67845050069085 37.714294128030595 4.697387508369134 4.709806312586356 4.714286766003824
 96 8388608 35516.977 35522.938 35542.965 45.31452949971957 45.34007676955098 45.3476864317591 5.664316187464946 5.667509596193873 5.668460803969888
 112 8388608 35422.087 35439.968 35460.949 52.98922462565793 53.020595052456024 53.047359744782966 6.623653078207242 6.627574381557003 6.630919968097871
 128 8388608 35379.171 35405.159 35412.073 60.642697986079504 60.65454043011077 60.69909461699937 7.580337248259938 7.581817553763846 7.587386827124921
 144 4194304 17691.851 17697.811 17722.845 68.15833191567154 68.25474359512597 68.27773713445812 8.519791489458942 8.531842949390747 8.534717141807265
 160 4194304 17712.831 17718.077 17791.033 75.44122255295689 75.75185952741936 75.77429491649303 9.430152819119611 9.46898244092742 9.47178686456163
 176 4194304 17697.096 17704.964 17704.964 83.38876080177288 83.38876080177288 83.42583483753491 10.42359510022161 10.42359510022161 10.428229354691863
 192 4194304 17764.807 17772.913 17791.986 90.52461799374169 90.62176447946376 90.66311477518444 11.31557724921771 11.32772055993297 11.332889346898055
 208 4194304 17713.07 17727.137 17760.038 98.24474835020061 98.42708746482865 98.50525425575577 12.280593543775076 12.30338593310358 12.313156781969472
 224 4194304 17888.069 17899.036 17906.904 104.9342863512308 104.98041302336058 105.04477548694608 13.11678579390385 13.122551627920073 13.13059693586826
 240 4194304 18129.826 18157.005 18186.092 110.7036036109352 110.88094760121506 111.04717276382021 13.8379504513669 13.860118450151882 13.880896595477527
 256 4194304 18062.115 18079.042 18121.004 118.5079837739675 118.78304436706327 118.89436248191312 14.813497971745937 14.847880545882909 14.86179531023914
 272 2097152 9521.008 9523.869 9529.829 119.71365782114243 119.78857416035436 119.82456983546281 14.964207227642804 14.973571770044295 14.978071229432851
 288 2097152 9367.943 9451.151 9469.032 127.56948672261326 127.8108403939372 128.9460826138673 15.946185840326658 15.97635504924215 16.118260326733413
 304 2097152 9870.052 9914.875 10185.003 125.19077471062111 128.6015623999294 129.1855824062528 15.64884683882764 16.075195299991176 16.1481978007816
 320 2097152 10120.869 10317.087 10328.054 129.9545180534494 130.09265890653052 132.61482586129708 16.244314756681174 16.261582363316315 16.576853232662135
 352 2097152 10913.849 10934.114 10960.102 134.70632006891904 135.02648755994312 135.27720678561707 16.83829000861488 16.87831094499289 16.909650848202133
 384 2097152 11568.069 11571.169 11579.99 139.08584860608687 139.19187732890256 139.22917783426084 17.38573107576086 17.39898466611282 17.403647229282605
 416 2097152 12248.039 12248.039 12252.092 142.41081963798507 142.45794481875834 142.45794481875834 17.801352454748134 17.807243102344792 17.807243102344792
 448 2097152 12925.148 12933.969 12934.923 145.26937593675663 145.2800908986252 145.37923991276543 18.15867199209458 18.16001136232815 18.17240498909568
 480 2097152 13612.032 13616.085 13617.039 147.84902356525524 147.85938248769745 147.90340780862107 18.481127945656905 18.48242281096218 18.487925976077634
 528 1048576 7483.959 7488.012 7490.158 147.83349777134205 147.87586558354874 147.95594898368628 18.479187221417757 18.484483197943593 18.494493622960785
 576 1048576 7827.997 7827.997 7829.905 154.27512236738505 154.31272546476447 154.31272546476447 19.28439029592313 19.28909068309556 19.28909068309556
 624 1048576 8505.106 8512.02 8512.02 153.73822523913242 153.73822523913242 153.86320264556372 19.217278154891552 19.217278154891552 19.232900330695465
 672 1048576 9181.976 9186.029 9189.129 153.3644966786297 153.4162524416154 153.48397164183393 19.170562084828713 19.177031555201925 19.18549645522924
 736 1048576 9862.9 9866.953 9871.006 156.36743326870635 156.4316635540881 156.49594662827366 19.545929158588294 19.55395794426101 19.561993328534207
 800 1048576 10884.047 10890.961 10894.06 154.0033375986547 154.04715892380847 154.14501609557547 19.250417199831837 19.25589486547606 19.268127011946934
 880 1048576 11564.016 11567.116 11568.069 159.53343293509056 159.54657669206395 159.5893468151549 19.94167911688632 19.943322086507994 19.948668351894362
 960 1048576 12589.931 12589.931 12609.959 159.65681728227662 159.9107985579905 159.9107985579905 19.957102160284578 19.98884981974881 19.98884981974881
 1056 524288 7910.967 8119.822 8378.983 132.15162938031978 136.36952337132513 139.96977310106337 16.518953672539972 17.04619042141564 17.49622163763292
 1152 524288 8493.9 8538.008 8682.966 139.11830957301916 141.48025534761737 142.21494861017905 17.389788696627395 17.68503191845217 17.77686857627238
 1264 524288 8831.978 8904.934 8947.849 148.12499227467964 148.8388419274079 150.06831584046068 18.515624034334955 18.60485524092599 18.758539480057586
 1376 524288 9271.86 9275.913 9276.152 155.54300705723668 155.54701472512733 155.61500885474976 19.442875882154585 19.443376840640916 19.45187610684372
 1504 524288 9950.876 9953.022 9965.181 158.25686497816747 158.45019773893796 158.48436901434604 19.782108122270934 19.806274717367245 19.810546126793255
 1648 524288 11054.993 11056.185 11058.092 156.27047125308778 156.29742519684683 156.3142779013971 19.533808906635972 19.537178149605854 19.539284737674638
 1808 524288 12243.986 12251.139 12257.814 154.66260199412392 154.7468694951547 154.83727341733322 19.33282524926549 19.343358686894337 19.354659177166653
 1984 524288 13264.894 13271.093 13279.915 156.65573040188886 156.75986778180214 156.8331253909756 19.581966300236108 19.594983472725268 19.60414067387195
 2176 262144 7313.967 7317.066 7328.987 155.66280687904072 155.91641349141855 155.9824768145659 19.45785085988009 19.48955168642732 19.497809601820737
 2384 262144 8060.932 8061.886 8068.085 154.91936339292408 155.03848503935677 155.05683362668236 19.36492042411551 19.379810629919596 19.382104203335295
 2608 262144 8841.991 8846.998 8866.072 154.2219715788457 154.55447192369658 154.64199228431696 19.277746447355714 19.319308990462073 19.33024903553962
 2864 262144 9695.053 9696.007 9711.027 154.6243082219831 154.86383539120794 154.87907410098737 19.32803852774789 19.357979423900993 19.35988426262342
 3136 262144 10633.945 10639.191 10639.906 154.52835466779499 154.5387396466517 154.61497760238558 19.316044333474373 19.31734245583146 19.326872200298197
 3440 262144 11606.932 11614.084 11615.992 155.26445954852585 155.2899669056983 155.3856540212349 19.40805744356573 19.411245863212287 19.423206752654362
 3776 262144 12711.048 12713.909 12721.062 155.6247024029912 155.7122587553521 155.74730643767532 19.4530878003739 19.464032344419014 19.468413304709415
 4144 131072 7038.832 7039.07 7040.024 154.30696486261976 154.32787797251626 154.3330961727741 19.28837060782747 19.290984746564533 19.291637021596763
 4544 131072 7678.032 7683.039 7687.092 154.95877192571652 155.04051664972675 155.14162170722915 19.369846490714565 19.380064581215844 19.392702713403644
 4992 131072 8460.045 8460.999 8465.052 154.59123558839332 154.66528810604987 154.68272899257627 19.323904448549165 19.333161013256234 19.335341124072034
 5488 131072 9292.126 9292.126 9294.987 154.7765770947286 154.8242320433451 154.8242320433451 19.347072136841074 19.353029005418136 19.353029005418136
 6032 131072 10206.938 10208.13 10209.084 154.88682510595464 154.90130004222127 154.9193899286936 19.36085313824433 19.362662505277658 19.3649237410867
 6624 131072 11202.812 11209.011 11212.111 154.87198226988653 154.91481416157055 155.00053522276372 19.358997783735816 19.36435177019632 19.375066902845465
 7280 131072 12354.136 12358.189 12421.846 153.63322971481048 154.42459408898827 154.4752558981057 19.20415371435131 19.303074261123534 19.309406987263213
 8000 131072 13604.879 13612.032 13638.973 153.7617238482692 154.06604980064697 154.14705268602535 19.22021548103365 19.25825622508087 19.26838158575317
 8800 65536 7473.946 7473.946 7518.053 153.42185004548386 154.32725898742112 154.32725898742112 19.177731255685483 19.29090737342764 19.29090737342764
 9680 65536 8208.036 8208.036 8212.09 154.50110264256725 154.57741169751205 154.57741169751205 19.312637830320906 19.322176462189006 19.322176462189006
 10640 65536 9024.858 9026.051 9028.196 154.47228660077826 154.50899623766804 154.5294208507214 19.309035825097283 19.313624529708505 19.316177606340176
 11696 65536 9929.18 9939.909 9944.916 154.15093621705805 154.2285861973183 154.3952382774811 19.268867027132256 19.278573274664787 19.299404784685137
 12864 65536 10943.89 10949.135 10952.95 153.94119465532117 153.9948322858381 154.0686362892902 19.242649331915146 19.249354035729763 19.258579536161275
 14144 65536 12031.078 12038.946 12038.946 153.99042142061273 153.99042142061273 154.09112699626752 19.24880267757659 19.24880267757659 19.26139087453344
 15552 65536 13204.098 13205.051 13205.051 154.36757828500626 154.36757828500626 154.37871969747573 19.295947285625783 19.295947285625783 19.297339962184466
 17104 32768 7261.038 7261.992 7262.945 154.3351552297312 154.35540881895767 154.37568898551422 19.2918944037164 19.29442610236971 19.296961123189277
 18800 32768 7991.076 7992.983 7992.983 154.1448042614378 154.1448042614378 154.1815895631577 19.268100532679725 19.268100532679725 19.272698695394713
 20672 32768 8780.003 8780.003 9366.989 144.63134225950304 154.30065251686133 154.30065251686133 18.07891778243788 19.287581564607667 19.287581564607667
 22736 32768 9660.959 9661.913 10249.138 145.38066479346847 154.2165092978999 154.23173786370484 18.17258309918356 19.277063662237488 19.278967232963105
 25008 32768 10628.939 10633.945 10644.913 153.96314540100045 154.1219451482963 154.1945332455102 19.245393175125056 19.265243143537038 19.274316655688775
 27504 32768 11695.862 11698.008 11703.968 154.00778129263512 154.0862464788877 154.1145187930569 19.25097266157939 19.26078080986096 19.264314849132113
 30240 32768 12870.073 12887.955 13446.093 147.38918137781732 153.77215702568793 153.98581189088824 18.423647672227165 19.22151962821099 19.24822648636103
 33264 16384 7120.848 7124.901 7126.093 152.95825524589702 152.9838452492182 153.07091964327844 19.119781905737128 19.122980656152276 19.133864955409805
 36576 16384 7838.964 7863.045 8131.027 147.40110542001642 152.42471180058104 152.89295473228347 18.425138177502053 19.05308897507263 19.111619341535434
 40224 16384 8608.818 8614.063 8624.077 152.83490998514972 153.0125832606518 153.10580755685626 19.104363748143715 19.126572907581476 19.138225944607033
 44240 16384 9463.072 9659.052 9764.194 148.46656262667457 150.08267063889915 153.19087924090616 18.55832032833432 18.760333829862393 19.14885990511327
 48656 16384 10411.978 10418.892 10437.012 152.76017772136316 153.02585034953816 153.12746607801134 19.095022215170395 19.12823129369227 19.140933259751417
 53520 16384 11456.966 11456.966 11461.02 153.01808739536273 153.07223221226283 153.07223221226283 19.12726092442034 19.134029026532854 19.134029026532854
 58864 16384 12573.957 12574.196 12578.964 153.33977837920514 153.39792317536643 153.40083889264133 19.167472297400643 19.174740396920804 19.175104861580166
 64736 16384 13831.139 14110.088 14202.118 149.36288009999635 150.33706721035333 153.36909331906793 18.670360012499543 18.792133401294166 19.17113666488349
 71200 8192 7622.004 7623.196 7628.202 152.9247390145148 153.02516162512416 153.04909312563993 19.11559237681435 19.12814520314052 19.13113664070499
 78320 8192 8389.95 8390.903 8404.016 152.68829569101248 152.92691144207006 152.94428214709265 19.08603696137656 19.115863930258758 19.11803526838658
 86144 8192 9230.137 9266.138 9292.126 151.89024513873358 152.31623962431811 152.91033015002915 18.986280642341697 19.039529953039764 19.113791268753644
 94752 8192 10149.002 10163.069 10200.024 152.1973642414959 152.75078502369706 152.96250488471674 19.024670530186988 19.093848127962133 19.120313110589592
 104224 8192 11173.01 11180.878 11186.838 152.64420705833052 152.72557450318303 152.83312339289054 19.080525882291315 19.09069681289788 19.104140424111318
 114640 8192 12305.021 12313.128 12335.062 152.27015154038142 152.54139809153287 152.6418979699425 19.033768942547677 19.06767476144161 19.080237246242813
 126096 8192 13543.844 13555.05 13561.01 152.34535362779025 152.4123381322828 152.53844211436575 19.04316920347378 19.05154226653535 19.06730526429572
 138704 4096 7449.15 7453.203 7463.932 152.23385850782134 152.4530014813765 152.53594947074498 19.029232313477667 19.056625185172063 19.066993683843123
 152560 4096 8201.838 8213.997 8216.143 152.11170496910776 152.1514458795152 152.37700622714078 19.01396312113847 19.0189307349394 19.047125778392598
 167808 4096 9020.09 9028.912 9028.912 152.25346486929988 152.25346486929988 152.40237469914382 19.031683108662484 19.031683108662484 19.050296837392978
 184576 4096 9917.974 9937.048 9938.002 152.14794603583294 152.16255290303516 152.45518812612335 19.018493254479118 19.020319112879395 19.05689851576542
 203024 4096 10895.014 10910.034 10913.134 152.40100671356186 152.44431025604504 152.65447185290446 19.050125839195232 19.05553878200563 19.081808981613058
 223312 4096 11977.911 11993.885 12055.159 151.75012656407105 152.52538305978422 152.72879419458033 18.96876582050888 19.065672882473027 19.09109927432254
 245632 4096 13193.13 13201.952 13211.966 152.30264322508853 152.41816846478463 152.52008765167935 19.037830403136066 19.05227105809808 19.06501095645992
 270192 2048 7259.13 7269.144 7277.966 152.06259990772145 152.2471465691146 152.45717214046311 19.00782498846518 19.030893321139324 19.05714651755789
 297200 2048 7974.863 7987.022 7993.937 152.2818105771912 152.4136530486582 152.64603291617675 19.0352263221489 19.051706631082276 19.080754114522094
 326912 2048 8770.943 8776.903 8802.891 152.1127038833038 152.56310249754384 152.66677163447534 19.014087985412974 19.07038781219298 19.083346454309417
 359600 2048 9641.886 9649.992 9655.952 152.5402777478596 152.63448923066466 152.76281009752657 19.06753471848245 19.079311153833082 19.09535126219082
 395552 2048 10602.951 10622.025 10623.932 152.5029520143766 152.53033126922597 152.80472313792643 19.062869001797075 19.066291408653246 19.100590392240804
 435104 2048 11673.927 11674.166 11734.962 151.8697703494907 152.66066835095543 152.66379376879777 18.983721293686337 19.08258354386943 19.08297422109972
 478608 2048 12851.0 12863.159 12896.061 152.01373256531588 152.40256052187493 152.54675651700256 19.001716570664485 19.050320065234366 19.06834456462532
 526464 1024 7059.813 7073.879 7116.079 151.51578165447575 152.41966564596314 152.72334720480558 18.939472706809468 19.052458205745392 19.090418400600697
 579104 1024 7775.068 7776.022 7952.929 149.12807495200823 152.52078659242477 152.53950087639103 18.64100936900103 19.065098324053096 19.06743760954888
 637008 1024 8553.028 8553.028 8718.014 149.64329995340682 152.52988579015525 152.52988579015525 18.705412494175853 19.066235723769406 19.066235723769406
 700704 1024 9452.82 9541.988 9567.976 149.98384109659136 150.3923283072668 151.8109719639219 18.74798013707392 18.79904103840835 18.976371495490238
 770768 1024 10415.077 10473.967 10549.068 149.6371872851706 150.7101238718816 151.5622845611223 18.704648410646325 18.8387654839852 18.94528557014029
 847840 1024 11411.905 11566.877 11575.937 149.99877072586003 150.1162604218926 152.1548172719629 18.749846340732503 18.764532552736576 19.019352158995364
 932624 1024 12567.043 12775.183 12781.143 149.4399954683239 149.50971363776156 151.98594864360692 18.679999433540488 18.688714204720196 18.998243580450865
 1025872 1024 13922.93 14062.166 14070.988 149.3133144595106 149.40698723084338 150.90112900086405 18.664164307438824 18.675873403855423 18.862641125108006
 1128448 512 7709.026 7736.921 7740.974 149.27459412730232 149.3527918922786 149.89322282737146 18.65932426591279 18.669098986534824 18.736652853421432
 1241280 512 8476.973 8506.06 8516.073 149.2554983969724 149.43119611194842 149.94393871491627 18.65693729962155 18.678899513993553 18.742992339364534
 1365408 512 9313.107 9358.883 9385.109 148.97832214841617 149.39579776774642 150.13011146548624 18.62229026855202 18.674474720968302 18.76626393318578
 1501936 512 10232.925 10265.112 10272.98 149.71142394903913 149.82617471684674 150.29744320416697 18.71392799362989 18.728271839605842 18.78718040052087
 1652128 512 11248.112 11276.007 11276.007 150.03352445595326 150.03352445595326 150.4056033581458 18.754190556994157 18.754190556994157 18.800700419768226
 1817328 512 12345.076 12358.904 12384.176 150.26787991385135 150.57515391332436 150.7438165629762 18.783484989231418 18.821894239165545 18.842977070372026
 1999056 512 13616.8 13634.92 13654.947 149.9114821903007 150.13167249972864 150.3314540861289 18.738935273787586 18.76645906246608 18.791431760766113
 2198960 256 7493.019 7506.132 7511.854 149.8787809241234 149.99303502789454 150.25552717803063 18.734847615515424 18.749129378486817 18.78194089725383
 2418848 256 8213.043 8247.852 8260.965 149.91592096080782 150.15426755960218 150.79066017309296 18.739490120100978 18.769283444950272 18.84883252163662
 2660720 256 9016.037 9050.131 9056.807 150.41599539440335 150.5269525932829 151.09616786177784 18.80199942430042 18.815869074160364 18.88702098272223
 2926784 256 9932.041 9943.962 9955.168 150.526179769141 150.69580997996576 150.87668365444728 18.815772471142626 18.83697624749572 18.85958545680591
 3219456 256 10950.089 10959.864 10962.963 150.3572959244686 150.39981080057197 150.53407072764432 18.794661990558573 18.799976350071496 18.81675884095554
 3541392 256 12036.085 12044.191 12067.08 150.25944172078084 150.54499750128505 150.64638576414177 18.782430215097605 18.81812468766063 18.83079822051772
 3895520 256 13237.0 13266.087 14107.943 141.3747021801832 150.34623547998743 150.67660648183121 17.6718377725229 18.79327943499843 18.834575810228902
 4285072 128 7286.072 7287.979 7866.859 139.44300158424093 150.5188793765734 150.55827502116367 17.430375198030116 18.814859922071676 18.81978437764546
 4713568 128 7988.93 8024.931 8690.119 138.85579794707067 150.36558046418094 151.04318200309677 17.356974743383834 18.795697558022617 18.880397750387097
 5184912 128 8784.056 8839.846 9421.11 140.88971172186717 150.15391354102775 151.10758310283995 17.611213965233397 18.76923919262847 18.888447887854994
 5703392 128 9675.026 9717.941 10540.962 138.51376677005382 150.24461992514668 150.91105202197906 17.314220846256728 18.780577490643335 18.863881502747383
 6273728 128 10609.865 10679.96 11759.043 136.582064373776 150.38205835976916 151.37557056569523 17.072758046722 18.797757294971145 18.921946320711903
 6901088 128 11763.096 11770.01 12665.033 139.49261150760523 150.10000229396576 150.188226636933 17.436576438450654 18.76250028674572 18.773528329616624
 7591184 128 12850.046 12898.922 13856.888 140.2438342577352 150.6593422303042 151.2323850046918 17.5304792822169 18.832417778788024 18.904048125586474
 8350288 128 14165.163 14202.118 15362.978 139.14448930409196 150.5179528856189 150.91063392634453 17.393061163011495 18.814744110702364 18.863829240793066
 9185312 64 7781.982 7828.951 8435.011 139.38570275723407 150.1759221637739 151.0823252996473 17.42321284465426 18.771990270471736 18.885290662455912
 10103840 64 8557.081 8605.957 9351.969 138.2908262420459 150.2786407136359 151.13699636593367 17.28635328025574 18.784830089204487 18.89212454574171
 11114224 64 9439.945 9458.065 10192.871 139.5701634995675 150.41350128171038 150.70222040488585 17.44627043744594 18.801687660213798 18.83777755061073
 12225632 64 10366.917 10428.19 11117.935 140.75283728498144 150.06256080873095 150.949495978409 17.59410466062268 18.75782010109137 18.868686997301126
 13448192 64 11393.07 11461.02 11614.084 148.21389065207381 150.19331403313143 151.08908977123812 18.526736331509227 18.77416425414143 18.886136221404765
 14793008 64 12530.804 12557.983 13499.022 140.26979317464628 150.7809832199964 151.1080233957853 17.533724146830785 18.84762290249955 18.888502924473162
 16272304 64 13845.921 13851.881 14872.074 140.0514085661489 150.3662146678852 150.43094005808643 17.50642607076861 18.79577683348565 18.803867507260804
 17899520 32 7607.937 8167.028 8482.218 135.0553923513873 140.26758326284664 150.57554761560198 16.881924043923412 17.53344790785583 18.821943451950247
 19689472 32 8363.962 8368.969 8548.975 147.40085308472652 150.57126009189426 150.66139803122016 18.425106635590815 18.821407511486782 18.83267475390252
 21658416 32 9180.069 9217.024 9906.054 139.92843406668285 150.38895678257973 150.99435788554533 17.491054258335357 18.798619597822466 18.874294735693166
 23824256 32 10108.948 10128.975 11013.031 138.44984037546064 150.53372962219768 150.8319544229528 17.30623004693258 18.81671620277471 18.8539943028691
 26206672 32 11118.889 11127.949 11823.893 141.8506584929346 150.72202505600987 150.84483782507408 17.731332311616825 18.840253132001234 18.85560472813426
 28827328 32 12181.044 12232.065 13285.875 138.86544860613245 150.82890681172802 151.46066232089794 17.358181075766556 18.853613351466002 18.932582790112242
 31710048 32 13437.986 13481.855 14452.934 140.41737629190033 150.53144185277174 151.02285952671775 17.55217203648754 18.816430231596467 18.87785744083972
 34881040 16 7395.029 7400.036 7789.135 143.30131394564353 150.8361959320198 150.93832356844035 17.91266424320544 18.854524491502474 18.867290446055044
 38369136 16 8136.988 8161.783 8818.15 139.2369546900427 150.43432936161128 150.89273229848686 17.404619336255337 18.80429117020141 18.861591537310858
 42206048 16 8935.928 8953.094 9668.827 139.68535542108677 150.85215636069498 151.14194474261657 17.460669427635846 18.856519545086872 18.89274309282707
 46426640 16 9865.046 9890.079 10578.156 140.4453176905313 150.21644215379877 150.5976231636426 17.555664711316414 18.777055269224846 18.824702895455324
 51069296 16 10843.992 10869.026 11646.032 140.32397231949906 150.3554662579701 150.7025707875845 17.540496539937383 18.794433282246263 18.837821348448063
 56176224 16 11915.207 11920.929 12609.005 142.56788446035193 150.79690248973046 150.86931918178172 17.82098555754399 18.849612811216307 18.858664897722715
 61793840 16 13504.982 13547.897 14865.875 133.01624559603792 145.95644475301222 146.42025291111088 16.62703069950474 18.244555594126528 18.30253161388886
 67973216 8 9126.902 9451.866 9794.95 111.03389562989092 115.06420594621211 119.16107524765798 13.879236953736365 14.383025743276514 14.895134405957247
 74770528 8 12589.931 12601.137 13438.94 89.0195542207942 94.93813518573761 95.02263737585218 11.127444277599276 11.867266898217201 11.877829671981523
 82247568 8 15262.842 15454.054 15690.088 83.87212920666855 85.15313121074897 86.21992470340713 10.484016150833568 10.64414140134362 10.777490587925891
 90472320 8 16899.109 17083.883 18184.185 79.6052789828084 84.7323246126188 85.65878354888414 9.95065987285105 10.59154057657735 10.707347943610518
 99519552 8 18695.116 18900.871 20110.846 79.17681991100721 84.24547376679095 85.17266391928244 9.897102488875902 10.530684220848869 10.646582989910305
 109471504 8 20897.865 21215.2 22886.038 76.53330226927002 82.56080847694106 83.8144979881916 9.566662783658753 10.320101059617633 10.47681224852395
 120418640 8 23267.031 23283.005 24127.007 79.8564960834139 82.75127029350377 82.80808324878235 9.982062010426738 10.34390878668797 10.351010406097794
 132460496 8 25732.04 25823.116 26269.913 80.67662561349177 82.07250960728365 82.36299710399953 10.08457820168647 10.259063700910456 10.295374637999942
 145706544 4 14375.925 14393.091 14415.979 80.85835530143322 80.98693685741304 81.08364171348974 10.107294412679153 10.12336710717663 10.135455214186218
 160277184 4 15853.882 15861.988 15910.864 80.58754521438935 80.83586193609527 80.87719285409088 10.073443151798669 10.104482742011909 10.10964910676136
 176304896 4 17513.037 17556.906 17592.192 80.17415726249463 80.3352918788766 80.53652647453437 10.021769657811829 10.041911484859575 10.067065809316796
 193935376 4 19313.097 19369.125 19418.001 79.8992135184255 80.10083098746071 80.33320642463505 9.987401689803187 10.012603873432589 10.041650803079381
 213328912 4 21384.001 21414.995 21543.98 79.216156717561 79.69328482215383 79.80879237706732 9.902019589695126 9.961660602769228 9.976099047133415
 234661792 4 23525.0 23689.985 23736.954 79.08741517551073 79.2442180102689 79.79997177470776 9.885926896938841 9.905527251283612 9.97499647183847
 258127968 4 26040.077 26060.104 26082.993 79.1712724072732 79.24080978341452 79.30175260234445 9.89640905090915 9.905101222926815 9.912719075293056
 283940752 2 14318.943 14324.903 14384.031 78.9599944549619 79.28591265155514 79.31891397290988 9.869999306870238 9.910739081444392 9.914864246613735
 312334816 2 15843.868 15852.928 15887.976 78.63426178387984 78.80810812993033 78.8531729751851 9.82928272298498 9.851013516241292 9.856646621898138
 343568288 2 17396.212 17462.015 17480.85 78.61592268110533 78.70071993409695 78.9984136776443 9.826990335138166 9.837589991762119 9.874801709705537
 377925104 2 19214.869 19222.975 19279.957 78.40787279764163 78.64029454337843 78.67346980091304 9.800984099705204 9.830036817922304 9.83418372511413
 415717600 2 21086.931 21107.912 21175.861 78.52669603375277 78.7794832572734 78.85786698879984 9.815837004219096 9.847435407159175 9.85723337359998
 457289360 2 23144.007 23257.017 23360.968 78.29972799072367 78.64970129230244 79.03374035446843 9.787465998840458 9.831212661537805 9.879217544308554
 503018288 2 25596.857 25630.951 25661.945 78.40688427942622 78.50169710831253 78.60625826053567 9.800860534928278 9.812712138539066 9.825782282566959
 553320112 1 14116.049 14137.983 14168.978 78.10303777731887 78.27426472361722 78.39588995476 9.76287972216486 9.784283090452153 9.799486244345
 608652112 1 15471.935 15557.766 15582.085 78.12203719848789 78.24415304870892 78.67821471587104 9.765254649810986 9.780519131088615 9.83477683948388
 669517312 1 17134.905 17161.131 17189.98 77.89622931498465 78.02717804554956 78.14660332228279 9.737028664373081 9.753397255693695 9.768325415285348
 736469040 1 18776.894 18855.81 18920.898 77.84715503460777 78.11587409928292 78.44418144981806 9.73089437932597 9.764484262410365 9.805522681227258
 810115936 1 20626.068 20702.839 20821.81 77.8141704299482 78.26133758756468 78.55262922627811 9.726771303743526 9.782667198445585 9.819078653284764
 891127520 1 22715.092 22740.841 22916.079 77.77312340387724 78.3724331039472 78.46127323631354 9.721640425484654 9.7965541379934 9.807659154539193
 980240272 1 24919.987 25031.805 25135.994 77.99494796187491 78.31958358576219 78.67100990060709 9.749368495234364 9.789947948220274 9.833876237575886
 
META_DATA
 FLOPS          2
 MPI_PROCS      1
 OPENMP_THREADS 2
 ERT_VERSION  1.1.0
 HOSTNAME  ('c3cpu-a7-u1-3.rc.int.colorado.edu', [], ['10.225.64.156'])
 UNAME  uname_result(system='Linux', node='c3cpu-a7-u1-3.rc.int.colorado.edu', release='4.18.0-305.34.2.el8_4.x86_64', version='#1 SMP Mon Jan 17 09:42:23 EST 2022', machine='x86_64', processor='x86_64')
 TIMESTAMP_DATA  1728533182.1735861
 CONFIG  {'nux': ['workstation,', 'MPI', 'and', 'OpenMP', '(8-core', 'Intel', 'Xeon', 'CPU', 'E5530,', '2.40', 'GHz)'], 'ERT_RESULTS': ['Results.alpine'], 'ERT_DRIVER': ['driver1'], 'ERT_KERNEL': ['kernel1'], 'ERT_MPI': ['True'], 'ERT_MPI_CFLAGS': ['-I/usr/include/mpi'], 'ERT_MPI_LDFLAGS': ['-lmpi'], 'ERT_OPENMP': ['True'], 'ERT_OPENMP_CFLAGS': ['-qopenmp'], 'ERT_OPENMP_LDFLAGS': ['-qopenmp'], 'ERT_FLOPS': ['1,2,4,8,16'], 'ERT_ALIGN': ['32'], 'ERT_CC': ['icpc'], 'ERT_CFLAGS': ['-O3', '-fno-alias', '-fno-fnalias', '-DERT_INTEL'], 'ERT_LD': ['icpc'], 'ERT_LDFLAGS': [], 'ERT_LDLIBS': [], 'ERT_PRECISION': ['FP64'], 'ERT_RUN': ['export', 'OMP_NUM_THREADS=ERT_OPENMP_THREADS;', 'mpirun', '-np', 'ERT_MPI_PROCS', 'ERT_CODE'], 'ERT_PROCS_THREADS': ['1-8'], 'ERT_MPI_PROCS': ['1,2,4,8'], 'ERT_OPENMP_THREADS': ['1,2,4,8'], 'ERT_NUM_EXPERIMENTS': ['3'], 'ERT_MEMORY_MAX': ['1073741824'], 'ERT_WORKING_SET_MIN': ['1'], 'ERT_TRIALS_MIN': ['1'], 'ERT_GNUPLOT': ['gnuplot'], 'ERT_GPU': [False], 'ERT_HIP': [False], 'ERT_OCL': [False], 'ERT_SYCL': [False], 'ERT_WSS_MULT': [1.1]}
 TIMESTAMP_DATA  1728533193.22693
 TIMESTAMP_DATA  1728533204.1574504
 