fp64
 8 134217728 1821437.836 1821437.836 1821437.836 1.1790046333483546 1.1790046333483546 1.1790046333483546 1.1790046333483546 1.1790046333483546 1.1790046333483546
 16 67108864 927460.909 927460.909 927460.909 2.315443839369407 2.315443839369407 2.315443839369407 2.315443839369407 2.315443839369407 2.315443839369407
 24 33554432 464148.045 464148.045 464148.045 3.470040977981497 3.470040977981497 3.470040977981497 3.470040977981497 3.470040977981497 3.470040977981497
 32 33554432 465962.887 465962.887 465962.887 4.608701053051893 4.608701053051893 4.608701053051893 4.608701053051893 4.608701053051893 4.608701053051893
 40 16777216 233052.015 233052.015 233052.015 5.759131840160232 5.759131840160232 5.759131840160232 5.759131840160232 5.759131840160232 5.759131840160232
 48 16777216 234906.197 234906.197 234906.197 6.856408032522021 6.856408032522021 6.856408032522021 6.856408032522021 6.856408032522021 6.856408032522021
 56 16777216 235051.87 235051.87 235051.87 7.994185249408992 7.994185249408992 7.994185249408992 7.994185249408992 7.994185249408992 7.994185249408992
 64 16777216 236410.141 236410.141 236410.141 9.083720516033194 9.083720516033194 9.083720516033194 9.083720516033194 9.083720516033194 9.083720516033194
 72 8388608 118709.087 118709.087 118709.087 10.175796836850408 10.175796836850408 10.175796836850408 10.175796836850408 10.175796836850408 10.175796836850408
 80 8388608 119345.188 119345.188 119345.188 11.246178438296148 11.246178438296148 11.246178438296148 11.246178438296148 11.246178438296148 11.246178438296148
 88 8388608 120118.141 120118.141 120118.141 12.291190953413107 12.291190953413107 12.291190953413107 12.291190953413107 12.291190953413107 12.291190953413107
 96 8388608 120620.966 120620.966 120620.966 13.352676482461598 13.352676482461598 13.352676482461598 13.352676482461598 13.352676482461598 13.352676482461598
 104 8388608 122421.026 122421.026 122421.026 14.252702505532016 14.252702505532016 14.252702505532016 14.252702505532016 14.252702505532016 14.252702505532016
 112 8388608 122853.994 122853.994 122853.994 15.29497032062303 15.29497032062303 15.29497032062303 15.29497032062303 15.29497032062303 15.29497032062303
 120 8388608 131807.089 131807.089 131807.089 15.274337179239271 15.274337179239271 15.274337179239271 15.274337179239271 15.274337179239271 15.274337179239271
 128 8388608 122856.855 122856.855 122856.855 17.479559020129564 17.479559020129564 17.479559020129564 17.479559020129564 17.479559020129564 17.479559020129564
 136 4194304 64248.085 64248.085 64248.085 17.7569601957786 17.7569601957786 17.7569601957786 17.7569601957786 17.7569601957786 17.7569601957786
 144 4194304 67471.027 67471.027 67471.027 17.903381728575138 17.903381728575138 17.903381728575138 17.903381728575138 17.903381728575138 17.903381728575138
 152 4194304 77066.898 77066.898 77066.898 16.544955734432182 16.544955734432182 16.544955734432182 16.544955734432182 16.544955734432182 16.544955734432182
 160 4194304 76986.074 76986.074 76986.074 17.434026834515553 17.434026834515553 17.434026834515553 17.434026834515553 17.434026834515553 17.434026834515553
 176 4194304 81902.981 81902.981 81902.981 18.026144958020513 18.026144958020513 18.026144958020513 18.026144958020513 18.026144958020513 18.026144958020513
 192 4194304 86725.95 86725.95 86725.95 18.571289631304126 18.571289631304126 18.571289631304126 18.571289631304126 18.571289631304126 18.571289631304126
 208 4194304 91413.975 91413.975 91413.975 19.087130430549596 19.087130430549596 19.087130430549596 19.087130430549596 19.087130430549596 19.087130430549596
 224 4194304 100862.026 100862.026 100862.026 18.629887446440943 18.629887446440943 18.629887446440943 18.629887446440943 18.629887446440943 18.629887446440943
 240 4194304 111501.932 111501.932 111501.932 18.05588373123436 18.05588373123436 18.05588373123436 18.05588373123436 18.05588373123436 18.05588373123436
 264 2097152 55729.866 55729.866 55729.866 19.86899189745046 19.86899189745046 19.86899189745046 19.86899189745046 19.86899189745046 19.86899189745046
 288 2097152 62783.957 62783.957 62783.957 19.239939782705953 19.239939782705953 19.239939782705953 19.239939782705953 19.239939782705953 19.239939782705953
 312 2097152 73379.04 73379.04 73379.04 17.833741733334207 17.833741733334207 17.833741733334207 17.833741733334207 17.833741733334207 17.833741733334207
 336 2097152 76417.923 76417.923 76417.923 18.441827370785777 18.441827370785777 18.441827370785777 18.441827370785777 18.441827370785777 18.441827370785777
 368 2097152 81546.068 81546.068 81546.068 18.92799873563493 18.92799873563493 18.92799873563493 18.92799873563493 18.92799873563493 18.92799873563493
 400 2097152 82612.038 82612.038 82612.038 20.308439794210138 20.308439794210138 20.308439794210138 20.308439794210138 20.308439794210138 20.308439794210138
 440 2097152 97577.81 97577.81 97577.81 18.913047546363256 18.913047546363256 18.913047546363256 18.913047546363256 18.913047546363256 18.913047546363256
 480 2097152 102015.972 102015.972 102015.972 19.73481093725206 19.73481093725206 19.73481093725206 19.73481093725206 19.73481093725206 19.73481093725206
 528 1048576 54234.982 54234.982 54234.982 20.416642822892427 20.416642822892427 20.416642822892427 20.416642822892427 20.416642822892427 20.416642822892427
 576 1048576 61176.062 61176.062 61176.062 19.74562455491169 19.74562455491169 19.74562455491169 19.74562455491169 19.74562455491169 19.74562455491169
 632 1048576 68082.094 68082.094 68082.094 19.46767477510313 19.46767477510313 19.46767477510313 19.46767477510313 19.46767477510313 19.46767477510313
 688 1048576 71668.863 71668.863 71668.863 20.132042223133915 20.132042223133915 20.132042223133915 20.132042223133915 20.132042223133915 20.132042223133915
 752 1048576 78706.98 78706.98 78706.98 20.037083165940302 20.037083165940302 20.037083165940302 20.037083165940302 20.037083165940302 20.037083165940302
 824 1048576 87485.075 87485.075 87485.075 19.752549197677432 19.752549197677432 19.752549197677432 19.752549197677432 19.752549197677432 19.752549197677432
 904 1048576 91650.963 91650.963 91650.963 20.68527537457517 20.68527537457517 20.68527537457517 20.68527537457517 20.68527537457517 20.68527537457517
 992 1048576 102571.011 102571.011 102571.011 20.282287984857632 20.282287984857632 20.282287984857632 20.282287984857632 20.282287984857632 20.282287984857632
 1088 524288 56149.96 56149.96 56149.96 20.317925213125708 20.317925213125708 20.317925213125708 20.317925213125708 20.317925213125708 20.317925213125708
 1192 524288 61527.967 61527.967 61527.967 20.31438145843499 20.31438145843499 20.31438145843499 20.31438145843499 20.31438145843499 20.31438145843499
 1304 524288 66744.089 66744.089 66744.089 20.48635503887093 20.48635503887093 20.48635503887093 20.48635503887093 20.48635503887093 20.48635503887093
 1432 524288 73318.958 73318.958 73318.958 20.479844135264443 20.479844135264443 20.479844135264443 20.479844135264443 20.479844135264443 20.479844135264443
 1568 524288 79788.923 79788.923 79788.923 20.606458969248152 20.606458969248152 20.606458969248152 20.606458969248152 20.606458969248152 20.606458969248152
 1720 524288 88815.928 88815.928 88815.928 20.306613471403463 20.306613471403463 20.306613471403463 20.306613471403463 20.306613471403463 20.306613471403463
 1888 524288 96197.128 96197.128 96197.128 20.579735893986356 20.579735893986356 20.579735893986356 20.579735893986356 20.579735893986356 20.579735893986356
 2072 262144 52690.029 52690.029 52690.029 20.617273450352435 20.617273450352435 20.617273450352435 20.617273450352435 20.617273450352435 20.617273450352435
 2272 262144 57421.923 57421.923 57421.923 20.744382524423642 20.744382524423642 20.744382524423642 20.744382524423642 20.744382524423642 20.744382524423642
 2496 262144 63386.917 63386.917 63386.917 20.644999156529412 20.644999156529412 20.644999156529412 20.644999156529412 20.644999156529412 20.644999156529412
 2744 262144 69761.038 69761.038 69761.038 20.622489476145695 20.622489476145695 20.622489476145695 20.622489476145695 20.622489476145695 20.622489476145695
 3016 262144 76583.862 76583.862 76583.862 20.647334395332535 20.647334395332535 20.647334395332535 20.647334395332535 20.647334395332535 20.647334395332535
 3312 262144 83698.034 83698.034 83698.034 20.74650709238881 20.74650709238881 20.74650709238881 20.74650709238881 20.74650709238881 20.74650709238881
 3640 262144 92237.949 92237.949 92237.949 20.690055890119584 20.690055890119584 20.690055890119584 20.690055890119584 20.690055890119584 20.690055890119584
 4000 262144 100569.963 100569.963 100569.963 20.852667510676124 20.852667510676124 20.852667510676124 20.852667510676124 20.852667510676124 20.852667510676124
 4400 131072 55421.829 55421.829 55421.829 20.8119006682367 20.8119006682367 20.8119006682367 20.8119006682367 20.8119006682367 20.8119006682367
 4840 131072 61003.923 61003.923 61003.923 20.798284726705198 20.798284726705198 20.798284726705198 20.798284726705198 20.798284726705198 20.798284726705198
 5320 131072 67017.078 67017.078 67017.078 20.809711817038636 20.809711817038636 20.809711817038636 20.809711817038636 20.809711817038636 20.809711817038636
 5848 131072 73645.83 73645.83 73645.83 20.816088460134132 20.816088460134132 20.816088460134132 20.816088460134132 20.816088460134132 20.816088460134132
 6432 131072 80745.935 80745.935 80745.935 20.88167296595179 20.88167296595179 20.88167296595179 20.88167296595179 20.88167296595179 20.88167296595179
 7072 131072 88689.804 88689.804 88689.804 20.902993178336487 20.902993178336487 20.902993178336487 20.902993178336487 20.902993178336487 20.902993178336487
 7776 131072 97682.953 97682.953 97682.953 20.867834984472676 20.867834984472676 20.867834984472676 20.867834984472676 20.867834984472676 20.867834984472676
 8552 65536 53750.992 53750.992 53750.992 20.854084776705147 20.854084776705147 20.854084776705147 20.854084776705147 20.854084776705147 20.854084776705147
 9400 65536 59019.089 59019.089 59019.089 20.875903387800513 20.875903387800513 20.875903387800513 20.875903387800513 20.875903387800513 20.875903387800513
 10336 65536 64814.091 64814.091 64814.091 20.9022478152166 20.9022478152166 20.9022478152166 20.9022478152166 20.9022478152166 20.9022478152166
 11368 65536 71352.959 71352.959 71352.959 20.8824765907746 20.8824765907746 20.8824765907746 20.8824765907746 20.8824765907746 20.8824765907746
 12504 65536 78372.955 78372.955 78372.955 20.911860322224673 20.911860322224673 20.911860322224673 20.911860322224673 20.911860322224673 20.911860322224673
 13752 65536 86333.99 86333.99 86333.99 20.878244408720136 20.878244408720136 20.878244408720136 20.878244408720136 20.878244408720136 20.878244408720136
 15120 65536 94507.217 94507.217 94507.217 20.969918519556025 20.969918519556025 20.969918519556025 20.969918519556025 20.969918519556025 20.969918519556025
 16632 32768 52191.973 52191.973 52191.973 20.884336984156548 20.884336984156548 20.884336984156548 20.884336984156548 20.884336984156548 20.884336984156548
 18288 32768 57295.084 57295.084 57295.084 20.91841540890314 20.91841540890314 20.91841540890314 20.91841540890314 20.91841540890314 20.91841540890314
 20112 32768 62983.036 62983.036 62983.036 20.92722287950679 20.92722287950679 20.92722287950679 20.92722287950679 20.92722287950679 20.92722287950679
 22120 32768 69303.989 69303.989 69303.989 20.917357585289935 20.917357585289935 20.917357585289935 20.917357585289935 20.917357585289935 20.917357585289935
 24328 32768 76204.062 76204.062 76204.062 20.92224175661397 20.92224175661397 20.92224175661397 20.92224175661397 20.92224175661397 20.92224175661397
 26760 32768 83818.913 83818.913 83818.913 20.92300290269811 20.92300290269811 20.92300290269811 20.92300290269811 20.92300290269811 20.92300290269811
 29432 32768 92210.054 92210.054 92210.054 20.91806119102804 20.91806119102804 20.91806119102804 20.91806119102804 20.91806119102804 20.91806119102804
 32368 32768 101325.035 101325.035 101325.035 20.935292526669247 20.935292526669247 20.935292526669247 20.935292526669247 20.935292526669247 20.935292526669247
 35600 16384 55944.92 55944.92 55944.92 20.85159474711913 20.85159474711913 20.85159474711913 20.85159474711913 20.85159474711913 20.85159474711913
 39160 16384 61733.961 61733.961 61733.961 20.785882830359775 20.785882830359775 20.785882830359775 20.785882830359775 20.785882830359775 20.785882830359775
 43072 16384 67980.051 67980.051 67980.051 20.761727525035244 20.761727525035244 20.761727525035244 20.761727525035244 20.761727525035244 20.761727525035244
 47376 16384 74567.08 74567.08 74567.08 20.819063425844217 20.819063425844217 20.819063425844217 20.819063425844217 20.819063425844217 20.819063425844217
 52112 16384 82006.931 82006.931 82006.931 20.82270358343248 20.82270358343248 20.82270358343248 20.82270358343248 20.82270358343248 20.82270358343248
 57320 16384 90203.047 90203.047 90203.047 20.8225977111394 20.8225977111394 20.8225977111394 20.8225977111394 20.8225977111394 20.8225977111394
 63048 16384 99147.081 99147.081 99147.081 20.83729387857621 20.83729387857621 20.83729387857621 20.83729387857621 20.83729387857621 20.83729387857621
 69352 8192 54573.059 54573.059 54573.059 20.820954310074498 20.820954310074498 20.820954310074498 20.820954310074498 20.820954310074498 20.820954310074498
 76280 8192 59957.027 59957.027 59957.027 20.84445447903879 20.84445447903879 20.84445447903879 20.84445447903879 20.84445447903879 20.84445447903879
 83904 8192 65891.027 65891.027 65891.027 20.862979355292186 20.862979355292186 20.862979355292186 20.862979355292186 20.862979355292186 20.862979355292186
 92288 8192 72551.012 72551.012 72551.012 20.841150940802866 20.841150940802866 20.841150940802866 20.841150940802866 20.841150940802866 20.841150940802866
 101512 8192 79746.962 79746.962 79746.962 20.855623415472554 20.855623415472554 20.855623415472554 20.855623415472554 20.855623415472554 20.855623415472554
 111656 8192 87750.196 87750.196 87750.196 20.847496500178757 20.847496500178757 20.847496500178757 20.847496500178757 20.847496500178757 20.847496500178757
 122816 8192 96455.097 96455.097 96455.097 20.86170048639317 20.86170048639317 20.86170048639317 20.86170048639317 20.86170048639317 20.86170048639317
 135096 4096 53003.073 53003.073 53003.073 20.88004278544378 20.88004278544378 20.88004278544378 20.88004278544378 20.88004278544378 20.88004278544378
 148600 4096 58367.968 58367.968 58367.968 20.856151785170937 20.856151785170937 20.856151785170937 20.856151785170937 20.856151785170937 20.856151785170937
 163456 4096 64105.034 64105.034 64105.034 20.888087384837824 20.888087384837824 20.888087384837824 20.888087384837824 20.888087384837824 20.888087384837824
 179800 4096 70598.841 70598.841 70598.841 20.86325468147558 20.86325468147558 20.86325468147558 20.86325468147558 20.86325468147558 20.86325468147558
 197776 4096 77584.028 77584.028 77584.028 20.882919252400765 20.882919252400765 20.882919252400765 20.882919252400765 20.882919252400765 20.882919252400765
 217552 4096 85324.049 85324.049 85324.049 20.887264550701293 20.887264550701293 20.887264550701293 20.887264550701293 20.887264550701293 20.887264550701293
 239304 4096 93870.163 93870.163 93870.163 20.883934845196762 20.883934845196762 20.883934845196762 20.883934845196762 20.883934845196762 20.883934845196762
 263232 2048 51650.047 51650.047 51650.047 20.87506855511671 20.87506855511671 20.87506855511671 20.87506855511671 20.87506855511671 20.87506855511671
 289552 2048 56770.086 56770.086 56770.086 20.891372121578254 20.891372121578254 20.891372121578254 20.891372121578254 20.891372121578254 20.891372121578254
 318504 2048 62487.841 62487.841 62487.841 20.877539744091973 20.877539744091973 20.877539744091973 20.877539744091973 20.877539744091973 20.877539744091973
 350352 2048 68720.102 68720.102 68720.102 20.882416501651875 20.882416501651875 20.882416501651875 20.882416501651875 20.882416501651875 20.882416501651875
 385384 2048 75587.988 75587.988 75587.988 20.883382476062202 20.883382476062202 20.883382476062202 20.883382476062202 20.883382476062202 20.883382476062202
 423920 2048 83240.986 83240.986 83240.986 20.859631816470795 20.859631816470795 20.859631816470795 20.859631816470795 20.859631816470795 20.859631816470795
 466312 2048 91516.972 91516.972 91516.972 20.87059820991455 20.87059820991455 20.87059820991455 20.87059820991455 20.87059820991455 20.87059820991455
 512936 2048 100946.188 100946.188 100946.188 20.812929122197264 20.812929122197264 20.812929122197264 20.812929122197264 20.812929122197264 20.812929122197264
 564224 1024 55649.996 55649.996 55649.996 20.76425579617292 20.76425579617292 20.76425579617292 20.76425579617292 20.76425579617292 20.76425579617292
 620640 1024 61192.036 61192.036 61192.036 20.771832465257408 20.771832465257408 20.771832465257408 20.771832465257408 20.771832465257408 20.771832465257408
 682704 1024 67306.042 67306.042 67306.042 20.773436536351372 20.773436536351372 20.773436536351372 20.773436536351372 20.773436536351372 20.773436536351372
 750968 1024 74004.173 74004.173 74004.173 20.782374853374822 20.782374853374822 20.782374853374822 20.782374853374822 20.782374853374822 20.782374853374822
 826064 1024 81396.103 81396.103 81396.103 20.784521735641327 20.784521735641327 20.784521735641327 20.784521735641327 20.784521735641327 20.784521735641327
 908664 1024 89515.924 89515.924 89515.924 20.7889701501601 20.7889701501601 20.7889701501601 20.7889701501601 20.7889701501601 20.7889701501601
 999528 1024 98469.973 98469.973 98469.973 20.78840159730723 20.78840159730723 20.78840159730723 20.78840159730723 20.78840159730723 20.78840159730723
 1099480 512 54220.915 54220.915 54220.915 20.764450765908318 20.764450765908318 20.764450765908318 20.764450765908318 20.764450765908318 20.764450765908318
 1209424 512 59576.035 59576.035 59576.035 20.78772405716493 20.78772405716493 20.78772405716493 20.78772405716493 20.78772405716493 20.78772405716493
 1330360 512 65522.909 65522.909 65522.909 20.791028066229476 20.791028066229476 20.791028066229476 20.791028066229476 20.791028066229476 20.791028066229476
 1463392 512 71972.847 71972.847 71972.847 20.82053816767871 20.82053816767871 20.82053816767871 20.82053816767871 20.82053816767871 20.82053816767871
 1609728 512 79248.905 79248.905 79248.905 20.7998012338467 20.7998012338467 20.7998012338467 20.7998012338467 20.7998012338467 20.7998012338467
 1770696 512 87188.005 87188.005 87188.005 20.796355003191092 20.796355003191092 20.796355003191092 20.796355003191092 20.796355003191092 20.796355003191092
 1947760 512 96057.892 96057.892 96057.892 20.76358535954547 20.76358535954547 20.76358535954547 20.76358535954547 20.76358535954547 20.76358535954547
 2142536 256 52708.864 52708.864 52708.864 20.812029490903086 20.812029490903086 20.812029490903086 20.812029490903086 20.812029490903086 20.812029490903086
 2356784 256 57974.1 57974.1 57974.1 20.81400846239959 20.81400846239959 20.81400846239959 20.81400846239959 20.81400846239959 20.81400846239959
 2592456 256 63838.005 63838.005 63838.005 20.792276826319995 20.792276826319995 20.792276826319995 20.792276826319995 20.792276826319995 20.792276826319995
 2851696 256 70208.073 70208.073 70208.073 20.79630289810119 20.79630289810119 20.79630289810119 20.79630289810119 20.79630289810119 20.79630289810119
 3136864 256 77231.884 77231.884 77231.884 20.79548348192568 20.79548348192568 20.79548348192568 20.79548348192568 20.79548348192568 20.79548348192568
 3450544 256 84985.971 84985.971 84985.971 20.787884249742817 20.787884249742817 20.787884249742817 20.787884249742817 20.787884249742817 20.787884249742817
 3795592 256 93327.045 93327.045 93327.045 20.8229362024695 20.8229362024695 20.8229362024695 20.8229362024695 20.8229362024695 20.8229362024695
 4175144 256 102757.931 102757.931 102757.931 20.80300476271754 20.80300476271754 20.80300476271754 20.80300476271754 20.80300476271754 20.80300476271754
 4592656 128 56483.03 56483.03 56483.03 20.815454411705606 20.815454411705606 20.815454411705606 20.815454411705606 20.815454411705606 20.815454411705606
 5051920 128 62103.033 62103.033 62103.033 20.824933300761653 20.824933300761653 20.824933300761653 20.824933300761653 20.824933300761653 20.824933300761653
 5557112 128 68355.799 68355.799 68355.799 20.811996828535356 20.811996828535356 20.811996828535356 20.811996828535356 20.811996828535356 20.811996828535356
 6112816 128 75280.905 75280.905 75280.905 20.787222151487153 20.787222151487153 20.787222151487153 20.787222151487153 20.787222151487153 20.787222151487153
 6724096 128 82790.852 82790.852 82790.852 20.791772694886628 20.791772694886628 20.791772694886628 20.791772694886628 20.791772694886628 20.791772694886628
 7396504 128 91060.877 91060.877 91060.877 20.79383689660709 20.79383689660709 20.79383689660709 20.79383689660709 20.79383689660709 20.79383689660709
 8136152 128 100131.989 100131.989 100131.989 20.80109396408774 20.80109396408774 20.80109396408774 20.80109396408774 20.80109396408774 20.80109396408774
 8949760 64 55121.899 55121.899 55121.899 20.782471227995973 20.782471227995973 20.782471227995973 20.782471227995973 20.782471227995973 20.782471227995973
 9844736 64 60587.883 60587.883 60587.883 20.798320482661524 20.798320482661524 20.798320482661524 20.798320482661524 20.798320482661524 20.798320482661524
 10829208 64 66658.974 66658.974 66658.974 20.794478834912763 20.794478834912763 20.794478834912763 20.794478834912763 20.794478834912763 20.794478834912763
 11912128 64 73247.194 73247.194 73247.194 20.816529627059843 20.816529627059843 20.816529627059843 20.816529627059843 20.816529627059843 20.816529627059843
 13103336 64 80621.958 80621.958 80621.958 20.803600527786738 20.803600527786738 20.803600527786738 20.803600527786738 20.803600527786738 20.803600527786738
 14413664 64 88628.054 88628.054 88628.054 20.816760706491422 20.816760706491422 20.816760706491422 20.816760706491422 20.816760706491422 20.816760706491422
 15855024 64 97802.877 97802.877 97802.877 20.75034123996168 20.75034123996168 20.75034123996168 20.75034123996168 20.75034123996168 20.75034123996168
 17440520 32 53816.08 53816.08 53816.08 20.7408878535932 20.7408878535932 20.7408878535932 20.7408878535932 20.7408878535932 20.7408878535932
 19184568 32 58995.008 58995.008 58995.008 20.81213976613072 20.81213976613072 20.81213976613072 20.81213976613072 20.81213976613072 20.81213976613072
 21103024 32 64955.95 64955.95 64955.95 20.79245297774877 20.79245297774877 20.79245297774877 20.79245297774877 20.79245297774877 20.79245297774877
 23213320 32 71480.989 71480.989 71480.989 20.783882550925533 20.783882550925533 20.783882550925533 20.783882550925533 20.783882550925533 20.783882550925533
 25534648 32 78656.912 78656.912 78656.912 20.776527204627612 20.776527204627612 20.776527204627612 20.776527204627612 20.776527204627612 20.776527204627612
 28088112 32 86442.947 86442.947 86442.947 20.79567194764889 20.79567194764889 20.79567194764889 20.79567194764889 20.79567194764889 20.79567194764889
 30896920 32 95306.158 95306.158 95306.158 20.747902564701015 20.747902564701015 20.747902564701015 20.747902564701015 20.747902564701015 20.747902564701015
 33986608 16 53055.048 53055.048 53055.048 20.498925116418707 20.498925116418707 20.498925116418707 20.498925116418707 20.498925116418707 20.498925116418707
 37385264 16 59474.945 59474.945 59474.945 20.11483067365594 20.11483067365594 20.11483067365594 20.11483067365594 20.11483067365594 20.11483067365594
 41123784 16 65576.077 65576.077 65576.077 20.067700725677746 20.067700725677746 20.067700725677746 20.067700725677746 20.067700725677746 20.067700725677746
 45236160 16 71825.981 71825.981 71825.981 20.15367002088005 20.15367002088005 20.15367002088005 20.15367002088005 20.15367002088005 20.15367002088005
 49759776 16 79164.982 79164.982 79164.982 20.113853269113353 20.113853269113353 20.113853269113353 20.113853269113353 20.113853269113353 20.113853269113353
 54735752 16 87057.829 87057.829 87057.829 20.119317057630738 20.119317057630738 20.119317057630738 20.119317057630738 20.119317057630738 20.119317057630738
 60209320 16 95896.006 95896.006 95896.006 20.091537910348425 20.091537910348425 20.091537910348425 20.091537910348425 20.091537910348425 20.091537910348425
 66230248 16 105453.014 105453.014 105453.014 20.097746433307258 20.097746433307258 20.097746433307258 20.097746433307258 20.097746433307258 20.097746433307258
 72853272 8 58063.984 58063.984 58063.984 20.07530781904321 20.07530781904321 20.07530781904321 20.07530781904321 20.07530781904321 20.07530781904321
 80138592 8 63925.982 63925.982 63925.982 20.057845525157514 20.057845525157514 20.057845525157514 20.057845525157514 20.057845525157514 20.057845525157514
 88152448 8 70276.022 70276.022 70276.022 20.069991554160538 20.069991554160538 20.069991554160538 20.069991554160538 20.069991554160538 20.069991554160538
 96967688 8 77296.019 77296.019 77296.019 20.071965258650643 20.071965258650643 20.071965258650643 20.071965258650643 20.071965258650643 20.071965258650643
 106664456 8 84979.057 84979.057 84979.057 20.08296345298348 20.08296345298348 20.08296345298348 20.08296345298348 20.08296345298348 20.08296345298348
 117330896 8 93596.935 93596.935 93596.935 20.057220207050587 20.057220207050587 20.057220207050587 20.057220207050587 20.057220207050587 20.057220207050587
 129063984 8 102944.136 102944.136 102944.136 20.05965394668036 20.05965394668036 20.05965394668036 20.05965394668036 20.05965394668036 20.05965394668036
 141970376 4 56627.989 56627.989 56627.989 20.056566162008686 20.056566162008686 20.056566162008686 20.056566162008686 20.056566162008686 20.056566162008686
 156167408 4 62266.827 62266.827 62266.827 20.06428341049079 20.06428341049079 20.06428341049079 20.06428341049079 20.06428341049079 20.06428341049079
 171784144 4 68511.009 68511.009 68511.009 20.059157966860475 20.059157966860475 20.059157966860475 20.059157966860475 20.059157966860475 20.059157966860475
 188962552 4 75402.021 75402.021 75402.021 20.048539759962136 20.048539759962136 20.048539759962136 20.048539759962136 20.048539759962136 20.048539759962136
 207858800 4 82885.027 82885.027 82885.027 20.06237387121802 20.06237387121802 20.06237387121802 20.06237387121802 20.06237387121802 20.06237387121802
 228644680 4 91192.961 91192.961 91192.961 20.058099001742033 20.058099001742033 20.058099001742033 20.058099001742033 20.058099001742033 20.058099001742033
 251509144 4 100290.06 100290.06 100290.06 20.06253812192355 20.06253812192355 20.06253812192355 20.06253812192355 20.06253812192355 20.06253812192355
 276660056 2 55157.9 55157.9 55157.9 20.06313191764008 20.06313191764008 20.06313191764008 20.06313191764008 20.06313191764008 20.06313191764008
 304326056 2 60760.021 60760.021 60760.021 20.034624806992746 20.034624806992746 20.034624806992746 20.034624806992746 20.034624806992746 20.034624806992746
 334758656 2 66773.891 66773.891 66773.891 20.053266388205532 20.053266388205532 20.053266388205532 20.053266388205532 20.053266388205532 20.053266388205532
 368234520 2 73461.056 73461.056 73461.056 20.050597693558885 20.050597693558885 20.050597693558885 20.050597693558885 20.050597693558885 20.050597693558885
 405057968 2 80928.087 80928.087 80928.087 20.02063723562377 20.02063723562377 20.02063723562377 20.02063723562377 20.02063723562377 20.02063723562377
 445563760 2 88952.065 88952.065 88952.065 20.03612889706383 20.03612889706383 20.03612889706383 20.03612889706383 20.03612889706383 20.03612889706383
 490120136 2 97792.864 97792.864 97792.864 20.047276087547655 20.047276087547655 20.047276087547655 20.047276087547655 20.047276087547655 20.047276087547655
 539132144 1 53922.176 53922.176 53922.176 19.996676098531335 19.996676098531335 19.996676098531335 19.996676098531335 19.996676098531335 19.996676098531335
 593045352 1 59293.032 59293.032 59293.032 20.00388011866217 20.00388011866217 20.00388011866217 20.00388011866217 20.00388011866217 20.00388011866217
 652349880 1 65238.953 65238.953 65238.953 19.998784468536766 19.998784468536766 19.998784468536766 19.998784468536766 19.998784468536766 19.998784468536766
 717584864 1 71722.031 71722.031 71722.031 20.01016574670062 20.01016574670062 20.01016574670062 20.01016574670062 20.01016574670062 20.01016574670062
 789343344 1 78930.14 78930.14 78930.14 20.00106281326753 20.00106281326753 20.00106281326753 20.00106281326753 20.00106281326753 20.00106281326753
 868277672 1 86879.015 86879.015 86879.015 19.9882024905554 19.9882024905554 19.9882024905554 19.9882024905554 19.9882024905554 19.9882024905554
 955105432 1 95458.031 95458.031 95458.031 20.01100215444419 20.01100215444419 20.01100215444419 20.01100215444419 20.01100215444419 20.01100215444419
 1050615968 1 105066.061 105066.061 105066.061 19.99915021083735 19.99915021083735 19.99915021083735 19.99915021083735 19.99915021083735 19.99915021083735
 
META_DATA
 FLOPS          16
 MPI_PROCS      1
 OPENMP_THREADS 1
 ERT_VERSION  1.1.0
 HOSTNAME  ('c3cpu-c11-u13-2.rc.int.colorado.edu', [], ['10.225.64.253'])
 UNAME  uname_result(system='Linux', node='c3cpu-c11-u13-2.rc.int.colorado.edu', release='4.18.0-305.34.2.el8_4.x86_64', version='#1 SMP Mon Jan 17 09:42:23 EST 2022', machine='x86_64', processor='x86_64')
 TIMESTAMP_DATA  1728137915.7563062
 CONFIG  {'ERT_RESULTS': ['Results.alpine'], 'ERT_DRIVER': ['driver1'], 'ERT_KERNEL': ['kernel1'], 'ERT_MPI': ['True'], 'ERT_MPI_CFLAGS': ['-I/usr/include/mpi'], 'ERT_MPI_LDFLAGS': ['-lmpi'], 'ERT_OPENMP': ['True'], 'ERT_OPENMP_CFLAGS': ['-qopenmp'], 'ERT_OPENMP_LDFLAGS': ['-qopenmp'], 'ERT_FLOPS': ['1,2,4,8,16'], 'ERT_ALIGN': ['32'], 'ERT_CC': ['icpc'], 'ERT_CFLAGS': ['-O3', '-fno-alias', '-fno-fnalias', '-DERT_INTEL'], 'ERT_LD': ['icpc'], 'ERT_LDFLAGS': [], 'ERT_LDLIBS': [], 'ERT_PRECISION': ['FP64'], 'ERT_RUN': ['export', 'OMP_NUM_THREADS=ERT_OPENMP_THREADS;', 'mpirun', '-np', 'ERT_MPI_PROCS', 'ERT_CODE'], 'ERT_PROCS_THREADS': ['1'], 'ERT_MPI_PROCS': ['1'], 'ERT_OPENMP_THREADS': ['1'], 'ERT_NUM_EXPERIMENTS': ['1'], 'ERT_MEMORY_MAX': ['1073741824'], 'ERT_WORKING_SET_MIN': ['1'], 'ERT_TRIALS_MIN': ['1'], 'ERT_GNUPLOT': ['gnuplot'], 'ERT_GPU': [False], 'ERT_HIP': [False], 'ERT_OCL': [False], 'ERT_SYCL': [False], 'ERT_WSS_MULT': [1.1]}
 