fp64
 16 67108864 1174440.145 1174709.797 1174890.041 1.8278167088489263 1.8280971636435583 1.8285168955970934 1.8278167088489263 1.8280971636435583 1.8285168955970934
 32 33554432 598195.076 598236.799 598357.916 3.5889617076612725 3.5896883167162037 3.589938690836031 3.5889617076612725 3.5896883167162037 3.589938690836031
 48 16777216 299227.953 299256.802 299321.89 5.380871863397628 5.382042196654898 5.382561087132124 5.380871863397628 5.382042196654898 5.382561087132124
 64 16777216 300256.014 300319.195 300367.832 7.149512761406489 7.150670632291753 7.152175303306331 7.149512761406489 7.150670632291753 7.152175303306331
 80 8388608 150205.851 150210.857 150218.01 8.934862604024643 8.935288079742467 8.935585871418551 8.934862604024643 8.935288079742467 8.935585871418551
 96 8388608 151432.037 151470.9 151479.959 10.632513677931481 10.633149575264952 10.63587843040109 10.632513677931481 10.633149575264952 10.63587843040109
 112 8388608 151669.979 151703.835 151710.033 12.385787247175669 12.38629327992928 12.389058166876914 12.385787247175669 12.38629327992928 12.389058166876914
 128 8388608 152531.147 152577.877 152631.998 14.069681823859767 14.074672490036024 14.078984458171025 14.069681823859767 14.074672490036024 14.078984458171025
 144 4194304 76522.112 76546.907 76569.08 15.77607504230167 15.78064482736056 15.785758134851271 15.77607504230167 15.78064482736056 15.785758134851271
 160 4194304 76964.14 76988.935 76998.949 17.431111689589425 17.433378965431853 17.438995355499326 17.431111689589425 17.433378965431853 17.438995355499326
 176 4194304 77494.86 77497.959 77502.012 19.049763611298243 19.050759878721447 19.051521713827213 19.049763611298243 19.050759878721447 19.051521713827213
 192 4194304 77762.842 77767.134 77773.809 20.708934752057726 20.71071226567254 20.71185536145914 20.708934752057726 20.71071226567254 20.71185536145914
 208 4194304 78888.893 78922.987 78969.955 22.094864610217897 22.108013524627495 22.117568109366168 22.094864610217897 22.108013524627495 22.117568109366168
 224 4194304 79334.021 79364.061 79419.136 23.659892144885585 23.676311019417213 23.685276106199133 23.659892144885585 23.676311019417213 23.685276106199133
 240 4194304 85398.197 85402.012 85471.869 23.554719740596752 23.57398699225025 23.575040114722796 23.554719740596752 23.57398699225025 23.575040114722796
 256 4194304 79270.84 79275.846 79309.94 27.077105946619053 27.08875094186948 27.090461612365914 27.077105946619053 27.08875094186948 27.090461612365914
 272 2097152 41452.169 41464.806 41471.004 27.509598947737075 27.513710976966827 27.52209873505051 27.509598947737075 27.513710976966827 27.52209873505051
 288 2097152 43499.947 43510.914 43511.868 27.761610970138076 27.76221965826781 27.76921893720928 27.761610970138076 27.76221965826781 27.76921893720928
 304 2097152 49699.068 49711.943 49715.996 25.647045590718932 25.64913658675542 25.655781231149046 25.647045590718932 25.64913658675542 25.655781231149046
 320 2097152 49645.901 49664.974 49688.816 27.011657512628197 27.0246246378786 27.035006978723178 27.011657512628197 27.0246246378786 27.035006978723178
 352 2097152 52859.068 52877.188 52880.049 27.919698183335647 27.921208820711115 27.930780164341904 27.919698183335647 27.921208820711115 27.930780164341904
 384 2097152 55972.099 55974.007 55975.199 28.77368485996807 28.77429761281875 28.77527848294558 28.77368485996807 28.77429761281875 28.77527848294558
 416 2097152 58969.975 58972.836 58979.034 29.58391051301383 29.587019759402448 29.588455209621507 29.58391051301383 29.587019759402448 29.588455209621507
 448 2097152 65061.808 65073.013 65083.981 28.871131776650234 28.875997980914146 28.88097102988592 28.871131776650234 28.875997980914146 28.88097102988592
 480 2097152 71912.05 71926.117 71935.177 27.987224108727776 27.990749451968885 27.996224832973052 27.987224108727776 27.990749451968885 27.996224832973052
 528 1048576 35928.965 35930.872 35937.071 30.81208972205887 30.81740560039845 30.81904129439855 30.81208972205887 30.81740560039845 30.81904129439855
 576 1048576 40500.879 40503.025 40518.999 29.812176554509648 29.823934187631664 29.825514453649262 29.812176554509648 29.823934187631664 29.825514453649262
 624 1048576 47374.01 47381.878 47388.077 27.615023247303323 27.61863613763895 27.623223113264 27.615023247303323 27.61863613763895 27.623223113264
 672 1048576 49280.882 49283.028 49293.995 28.5894081824774 28.595770211197248 28.597015451143914 28.5894081824774 28.595770211197248 28.597015451143914
 736 1048576 52601.099 52606.821 52616.119 29.335190457509803 29.340375309886145 29.34356698516888 29.335190457509803 29.340375309886145 29.34356698516888
 800 1048576 53275.824 53286.076 53288.937 31.48348783913629 31.485178229299525 31.491237000858025 31.48348783913629 31.485178229299525 31.491237000858025
 880 1048576 62965.155 62999.01 63004.017 29.29168405246288 29.294012080507294 29.3097628362862 29.29168405246288 29.294012080507294 29.3097628362862
 960 1048576 65781.832 65782.07 65793.037 30.599984615393264 30.605086157975865 30.605196887797224 30.599984615393264 30.605086157975865 30.605196887797224
 1056 524288 34975.052 34986.973 34991.98 31.6442869480378 31.648815574871254 31.659602850626204 31.6442869480378 31.648815574871254 31.659602850626204
 1152 524288 39483.07 39489.031 39489.985 30.589010150295067 30.589749138184725 30.594367459267982 30.589010150295067 30.589749138184725 30.594367459267982
 1264 524288 43880.224 43900.013 43900.967 30.1906804011857 30.19133648092542 30.204952098694847 30.1906804011857 30.19133648092542 30.204952098694847
 1376 524288 46123.028 46129.942 46133.041 31.27564419609798 31.277745287431753 31.282433928665746 31.27564419609798 31.277745287431753 31.282433928665746
 1504 524288 50741.911 50754.07 50767.899 31.064084491658793 31.07254854635303 31.07999428716825 31.064084491658793 31.07254854635303 31.07999428716825
 1648 524288 56387.186 56390.047 56399.822 30.63933868443769 30.644649897170684 30.646204760067295 30.63933868443769 30.644649897170684 30.646204760067295
 1808 524288 59113.979 59120.893 59129.953 32.062014458222215 32.066927811797434 32.07067837541439 32.062014458222215 32.066927811797434 32.07067837541439
 1984 524288 66158.056 66169.024 66179.037 31.435555401025255 31.440312373354633 31.44552469921426 31.435555401025255 31.440312373354633 31.44552469921426
 2176 262144 36206.007 36206.961 36216.974 31.500441975080527 31.509153391802197 31.509983633378848 31.500441975080527 31.509153391802197 31.509983633378848
 2384 262144 39680.004 39693.117 39695.978 31.486882424209323 31.48915193533428 31.4995581149639 31.486882424209323 31.48915193533428 31.4995581149639
 2608 262144 43020.01 43034.077 43043.852 31.766281140451834 31.773496710525475 31.783886242704263 31.766281140451834 31.773496710525475 31.783886242704263
 2864 262144 47264.099 47264.814 47276.02 31.761574514944368 31.769104856733385 31.76958545216317 31.761574514944368 31.769104856733385 31.76958545216317
 3136 262144 51441.908 51447.153 51455.021 31.953483567716354 31.958370330035564 31.961628794950606 31.953483567716354 31.958370330035564 31.961628794950606
 3440 262144 57294.846 57308.912 57322.979 31.462962174383858 31.47068504807769 31.478411164592366 31.462962174383858 31.47068504807769 31.478411164592366
 3776 262144 62005.043 62015.057 62017.918 31.921605107736767 31.92307777770808 31.92823345030178 31.921605107736767 31.92307777770808 31.92823345030178
 4144 131072 33963.919 33980.846 33983.946 31.965821037968926 31.968737211545587 31.98466984920085 31.965821037968926 31.968737211545587 31.98466984920085
 4544 131072 37050.009 37064.075 37065.983 32.13680683984558 32.13846119186841 32.15066252750439 32.13680683984558 32.13846119186841 32.15066252750439
 4992 131072 40895.224 40904.045 40905.952 31.99101314155945 31.99250460437348 31.999405309529543 31.99101314155945 31.99250460437348 31.999405309529543
 5488 131072 45013.905 45027.018 45030.117 31.948535065987056 31.950733934901045 31.96004150273121 31.948535065987056 31.950733934901045 31.96004150273121
 6032 131072 49368.143 49391.985 49405.098 32.00585915242998 32.014356337369314 32.02981744725541 32.00585915242998 32.014356337369314 32.02981744725541
 6624 131072 53979.158 53979.874 53999.186 32.156815400884 32.16831991864227 32.16874661142361 32.156815400884 32.16831991864227 32.16874661142361
 7280 131072 59468.985 59490.919 59492.111 32.0783426226042 32.07898536581692 32.09081708725985 32.0783426226042 32.07898536581692 32.09081708725985
 8000 131072 64822.912 64828.873 64830.065 32.348448208404534 32.349042995086464 32.35201775569725 32.348448208404534 32.349042995086464 32.35201775569725
 8800 65536 35741.806 35756.111 35761.118 32.25384620245933 32.2583627732893 32.271273589252885 32.25384620245933 32.2583627732893 32.271273589252885
 9680 65536 39354.086 39359.093 39372.921 32.22460837995738 32.235929826939866 32.24003118761289 32.22460837995738 32.235929826939866 32.24003118761289
 10640 65536 43231.964 43237.209 46769.142 29.81893659712637 32.25476649059378 32.258679712076 29.81893659712637 32.25476649059378 32.258679712076
 11696 65536 47534.943 51182.032 51283.121 29.893229626176613 29.952271375235743 32.250340807182624 29.893229626176613 29.952271375235743 32.250340807182624
 12864 65536 52116.156 55784.941 56361.914 29.91577269714439 30.225185825687262 32.35292733408811 29.91577269714439 30.225185825687262 32.35292733408811
 14144 65536 57229.042 60534.954 61905.146 29.947144749484963 30.624990117280014 32.39408354939788 29.947144749484963 30.624990117280014 32.39408354939788
 15552 65536 62973.976 67518.95 67857.027 30.040098043198974 30.190513092990933 32.369430572400255 30.040098043198974 30.190513092990933 32.369430572400255
 17104 32768 34635.067 37228.823 37724.972 29.71314979372284 30.109137320833383 32.363954832251366 29.71314979372284 30.109137320833383 32.363954832251366
 18800 32768 38077.116 40590.048 41224.003 29.887364407575852 30.354159719150857 32.35740858104904 29.887364407575852 30.354159719150857 32.35740858104904
 20672 32768 41826.963 44766.903 44995.07 30.109080661503587 30.26253998405921 32.38963804280985 30.109080661503587 30.26253998405921 32.38963804280985
 22736 32768 46036.959 49586.058 49826.86 29.904081774368283 30.04930329408319 32.36587577385379 29.904081774368283 30.04930329408319 32.36587577385379
 25008 32768 50559.998 54208.994 54543.018 30.048287537004278 30.233438532358672 32.4154341936485 30.048287537004278 30.233438532358672 32.4154341936485
 27504 32768 55696.964 59396.029 59990.883 30.046267930412025 30.347182704756236 32.36266421990254 30.046267930412025 30.347182704756236 32.36266421990254
 30240 32768 61011.076 64661.98 65267.086 30.364595103878237 30.648746605037452 32.482768210808146 30.364595103878237 30.648746605037452 32.482768210808146
 33264 16384 33663.988 35866.976 36139.011 30.161167166417474 30.389926153796736 32.37865792965468 30.161167166417474 30.389926153796736 32.37865792965468
 36576 16384 36997.08 38547.993 39480.925 30.356998170635563 31.091693100597997 32.395053014994694 30.356998170635563 31.091693100597997 32.395053014994694
 40224 16384 40654.898 43205.023 43635.845 30.205901409724046 30.507101732129616 32.42069459871723 30.205901409724046 30.507101732129616 32.42069459871723
 44240 16384 44714.928 45974.016 47831.059 30.30784495070452 31.53207933803303 32.4199631943945 30.30784495070452 31.53207933803303 32.4199631943945
 48656 16384 49156.904 49166.918 52783.012 30.20592701303215 32.42749134692559 32.43409731418399 30.20592701303215 32.42749134692559 32.43409731418399
 53520 16384 54080.009 55763.96 57870.15 30.304800661480918 31.449404956175997 32.42868099374762 30.304800661480918 31.449404956175997 32.42868099374762
 58864 16384 59474.945 59477.091 61180.115 31.52749144064211 32.43022682464413 32.43139698573912 31.52749144064211 32.43022682464413 32.43139698573912
 64736 16384 65346.956 65371.037 69936.991 30.331148333218973 32.44968024600865 32.46163827432145 30.331148333218973 32.44968024600865 32.46163827432145
 71200 8192 36092.997 36092.997 39246.798 29.723209521449366 32.32041938772776 32.32041938772776 29.723209521449366 32.32041938772776 32.32041938772776
 78320 8192 39767.027 39785.862 42781.115 29.99442347400249 32.25253432990845 32.26781021372304 29.99442347400249 32.25253432990845 32.26781021372304
 86144 8192 43709.993 43715.954 46937.943 30.069133962687715 32.285313869622975 32.289716816015044 30.069133962687715 32.285313869622975 32.289716816015044
 94752 8192 48079.014 48080.206 50592.899 30.684479416765583 32.28806399040803 32.28886449293656 30.684479416765583 32.28806399040803 32.28886449293656
 104224 8192 52851.915 52861.929 56932.926 29.993294495350543 32.303134756962805 32.309255322158144 29.993294495350543 32.303134756962805 32.309255322158144
 114640 8192 58120.966 58139.086 63016.891 29.805687494167238 32.30635170288023 32.316423646503054 29.805687494167238 32.30635170288023 32.316423646503054
 126096 8192 63919.067 63926.935 69163.084 29.870803100683016 32.317470937719754 32.321448997370375 29.870803100683016 32.317470937719754 32.321448997370375
 138704 4096 35143.852 35149.097 37202.835 30.542381192186028 32.32695189865048 32.33177649393698 30.542381192186028 32.32695189865048 32.33177649393698
 152560 4096 38647.175 38660.049 41625.977 30.02383631740343 32.32720993188601 32.337978649150934 30.02383631740343 32.32720993188601 32.337978649150934
 167808 4096 42487.144 42496.204 45871.019 29.968445566905764 32.3483748336675 32.35527283264792 29.968445566905764 32.3483748336675 32.35527283264792
 184576 4096 46714.067 46735.764 49481.153 30.55803069099865 32.353094559447015 32.368121405485844 30.55803069099865 32.353094559447015 32.368121405485844
 203024 4096 51389.933 51414.967 55752.993 29.831091005284684 32.34802441864837 32.3637823773773 29.831091005284684 32.34802441864837 32.3637823773773
 223312 4096 56524.038 56529.999 56983.948 32.10328466535874 32.361081485248214 32.364494270561494 32.10328466535874 32.361081485248214 32.364494270561494
 245632 4096 62170.982 62174.082 62196.97 32.352337163691416 32.364246954221215 32.36586071617785 32.352337163691416 32.364246954221215 32.36586071617785
 270192 2048 34183.025 34187.078 34248.114 32.31437596826499 32.372068534198796 32.37590681339641 32.31437596826499 32.372068534198796 32.37590681339641
 297200 2048 37609.1 37612.915 37616.968 32.361225923365225 32.36471302476822 32.36799604351075 32.361225923365225 32.36471302476822 32.36799604351075
 326912 2048 41339.874 41355.848 41356.802 32.3775409907178 32.37828787841565 32.39079906242578 32.3775409907178 32.37828787841565 32.39079906242578
 359600 2048 45472.86 45475.96 45508.862 32.3655994737904 32.38901608674122 32.391224127974354 32.3655994737904 32.38901608674122 32.391224127974354
 395552 2048 50031.9 50040.96 50067.186 32.360136876875806 32.377096522528745 32.38295951183145 32.360136876875806 32.377096522528745 32.38295951183145
 435104 2048 55020.809 55031.061 55045.128 32.376816055364614 32.38509219366132 32.391126491796946 32.376816055364614 32.38509219366132 32.391126491796946
 478608 2048 60517.073 60524.94 60551.882 32.37518477130075 32.38959622264805 32.393806752682835 32.37518477130075 32.38959622264805 32.393806752682835
 526464 1024 33287.048 33288.956 33293.009 32.38512541777165 32.38906837450835 32.39092490268287 32.38512541777165 32.38906837450835 32.39092490268287
 579104 1024 36624.908 36644.936 36645.889 32.36393015325675 32.364771820040836 32.382470203065076 32.36393015325675 32.364771820040836 32.382470203065076
 637008 1024 40284.157 40289.879 40297.031 32.37440455600811 32.38015145193164 32.38475075946109 32.37440455600811 32.38015145193164 32.38475075946109
 700704 1024 44306.993 44312.0 44409.99 32.3134905457083 32.38494746344106 32.38860718893742 32.3134905457083 32.38494746344106 32.38860718893742
 770768 1024 48729.897 48732.996 48734.188 32.39066718419521 32.39145945387803 32.39351940349885 32.39066718419521 32.39145945387803 32.39351940349885
 847840 1024 53602.934 53614.14 53627.014 32.378761942628394 32.38653683524533 32.393307426045 32.378761942628394 32.38653683524533 32.393307426045
 932624 1024 58970.928 59000.015 59005.976 32.36983914985153 32.37310960005688 32.38907741116097 32.36983914985153 32.37310960005688 32.38907741116097
 1025872 1024 64911.842 65268.04 65323.83 32.162625124705635 32.19011718445965 32.36675760949751 32.162625124705635 32.19011718445965 32.36675760949751
 1128448 512 35907.984 35929.918 35963.058 32.13104825512892 32.160684363376504 32.18032936630472 32.13104825512892 32.160684363376504 32.18032936630472
 1241280 512 39459.944 39491.177 39499.044 32.179784401870585 32.18619490626982 32.211670650115465 32.179784401870585 32.18619490626982 32.211670650115465
 1365408 512 43409.109 43440.104 43466.091 32.167093010503294 32.18633620214169 32.2093179106717 32.167093010503294 32.18633620214169 32.2093179106717
 1501936 512 47652.96 47806.978 47837.019 32.150466232020015 32.17066897639922 32.27464703137014 32.150466232020015 32.17066897639922 32.27464703137014
 1652128 512 52423.0 52484.989 52565.098 32.18445577710138 32.23357962407118 32.27169509566412 32.18445577710138 32.23357962407118 32.27169509566412
 1817328 512 57646.99 57717.8 57762.861 32.216961552510355 32.24211373267865 32.28171795266327 32.216961552510355 32.24211373267865 32.28171795266327
 1999056 512 63565.016 63604.832 63638.926 32.166371632355954 32.18361372293224 32.2037729684517 32.166371632355954 32.18361372293224 32.2037729684517
 2198960 256 34997.94 35008.907 35011.053 32.1574880938314 32.159459305599 32.1695368355966 32.1574880938314 32.159459305599 32.1695368355966
 2418848 256 38477.182 38482.904 38496.017 32.17086526120352 32.18182744212858 32.18661325041943 32.17086526120352 32.18182744212858 32.18661325041943
 2660720 256 42322.874 42340.04 42376.995 32.146891019526045 32.17494929149807 32.187999331047315 32.146891019526045 32.17494929149807 32.187999331047315
 2926784 256 46555.042 46555.996 46612.024 32.148644907588654 32.187334323166446 32.18799390192796 32.148644907588654 32.187334323166446 32.18799390192796
 3219456 256 51177.979 51207.066 51254.988 32.160020640332604 32.19011751229801 32.20841276284083 32.160020640332604 32.19011751229801 32.20841276284083
 3541392 256 56305.885 56322.098 56421.995 32.13627423135251 32.193273482106434 32.20254337535055 32.13627423135251 32.193273482106434 32.20254337535055
 3895520 256 61985.016 61995.983 62031.031 32.15336272582669 32.17153988831825 32.17723199426132 32.15336272582669 32.17153988831825 32.17723199426132
 4285072 128 34063.101 34090.996 34101.963 32.167603724160976 32.17795197300777 32.20430318425794 32.167603724160976 32.17795197300777 32.20430318425794
 4713568 128 37497.044 37508.965 37511.11 32.168427113993694 32.17026670823895 32.180494227758324 32.168427113993694 32.17026670823895 32.180494227758324
 5184912 128 41225.91 41249.037 41284.084 32.1513121618491 32.17862933381936 32.19668097077784 32.1513121618491 32.17862933381936 32.19668097077784
 5703392 128 45341.969 45371.056 45397.997 32.16151479106005 32.18061206245673 32.201256015150115 32.16151479106005 32.18061206245673 32.201256015150115
 6273728 128 49880.028 49908.876 49957.991 32.14849788495298 32.180135012457505 32.19874631986975 32.14849788495298 32.180135012457505 32.19874631986975
 6901088 128 54875.851 54923.058 54938.078 32.15763259865043 32.166426858460795 32.19409805599187 32.15763259865043 32.166426858460795 32.19409805599187
 7591184 128 60371.161 60395.002 60399.055 32.17505810314416 32.1772173134459 32.18992432496039 32.17505810314416 32.1772173134459 32.18992432496039
 8350288 128 66376.925 66415.071 66473.961 32.158061530288535 32.18657596556662 32.20507319373412 32.158061530288535 32.18657596556662 32.20507319373412
 9185312 64 36524.057 36527.872 36562.204 32.15670302588979 32.18692662961587 32.190288608957104 32.15670302588979 32.18692662961587 32.190288608957104
 10103840 64 40174.007 40183.067 40192.127 32.1777327186491 32.18498777109273 32.19224609584003 32.1777327186491 32.18498777109273 32.19224609584003
 11114224 64 44181.824 44195.89 44196.844 32.18828638533557 32.18898119259506 32.199229076644734 32.18828638533557 32.18898119259506 32.199229076644734
 12225632 64 48614.979 48618.793 48634.052 32.17665054929003 32.18674918564926 32.18927433867656 32.17665054929003 32.18674918564926 32.18927433867656
 13448192 64 53500.175 53524.017 53601.98 32.11389907611622 32.16067613161396 32.17500832473912 32.11389907611622 32.16067613161396 32.17500832473912
 14793008 64 58839.083 58840.99 58883.19 32.15697084346144 32.1800334086833 32.18107637741397 32.15697084346144 32.1800334086833 32.18107637741397
 16272304 64 64677.0 64725.161 64749.002 32.16813924020018 32.1799881193034 32.203950585215765 32.16813924020018 32.1799881193034 32.203950585215765
 17899520 32 35592.079 35593.033 35614.967 32.16538934319383 32.18521107768478 32.18607376096237 32.16538934319383 32.18521107768478 32.18607376096237
 19689472 32 39160.013 39162.874 39181.948 32.16088715139942 32.17655088336979 32.17890167707554 32.16088715139942 32.17655088336979 32.17890167707554
 21658416 32 43118.954 43167.114 43170.929 32.1081490741142 32.11098671085586 32.14685179979087 32.1081490741142 32.11098671085586 32.14685179979087
 23824256 32 47405.958 47468.901 47471.046 32.11962896288402 32.12108036796554 32.163728955756994 32.11962896288402 32.12108036796554 32.163728955756994
 26206672 32 52172.899 52229.166 52278.996 32.082234479024805 32.11284300423254 32.1474757996484 32.082234479024805 32.11284300423254 32.1474757996484
 28827328 32 57329.893 57361.126 57430.983 32.12462847797678 32.16375131827085 32.1812739472582 32.12462847797678 32.16375131827085 32.1812739472582
 31710048 32 63035.965 63150.883 63271.046 32.07538361227662 32.13641639816817 32.19500283687257 32.07538361227662 32.13641639816817 32.19500283687257
 34881040 16 34672.976 34682.989 34796.0 32.07820669042419 32.18273027160375 32.192024128531685 32.07820669042419 32.18273027160375 32.192024128531685
 38369136 16 38140.059 38161.993 38172.007 32.16525534012398 32.17369575011451 32.19219854903737 32.16525534012398 32.17369575011451 32.19219854903737
 42206048 16 41952.848 41980.982 41981.936 32.17082547122172 32.17155653957785 32.193131107571055 32.17082547122172 32.17155653957785 32.193131107571055
 46426640 16 46151.876 46151.876 46188.116 32.16525393674858 32.19051117228691 32.19051117228691 32.16525393674858 32.19051117228691 32.19051117228691
 51069296 16 50776.005 50789.118 50792.933 32.17411115046261 32.17652789323886 32.1848375428512 32.17411115046261 32.17652789323886 32.1848375428512
 56176224 16 55835.962 55881.977 55959.94 32.12367933203645 32.16849625774693 32.19500665180623 32.12367933203645 32.16849625774693 32.19500665180623
 61793840 16 61544.18 61560.869 61612.129 32.09437674195612 32.12110082461637 32.12981113730007 32.09437674195612 32.12110082461637 32.12981113730007
 67973216 8 34006.119 34029.007 34053.087 31.937529070418783 31.96012907458628 31.981640010140527 31.937529070418783 31.96012907458628 31.981640010140527
 74770528 8 37856.817 37935.019 37979.126 31.499630823521326 31.53625540559239 31.60140082564258 31.499630823521326 31.53625540559239 31.60140082564258
 82247568 8 41692.019 41803.837 41890.144 31.41457541898161 31.479433048215167 31.563860891457427 31.41457541898161 31.479433048215167 31.563860891457427
 90472320 8 45933.962 45937.777 46083.927 31.411323084510567 31.511257499464982 31.513874635939306 31.411323084510567 31.511257499464982 31.513874635939306
 99519552 8 50616.026 50786.018 50877.094 31.297244138983253 31.353370370561443 31.458669473577398 31.297244138983253 31.353370370561443 31.458669473577398
 109471504 8 55971.146 55982.828 56007.862 31.27318204005002 31.28716655757369 31.293696648626774 31.27318204005002 31.28716655757369 31.293696648626774
 120418640 8 61331.987 61375.856 61578.989 31.288240864103823 31.39179419346917 31.414247837755525 31.288240864103823 31.39179419346917 31.414247837755525
 132460496 8 67510.128 67522.049 67530.87 31.383690688421463 31.387790616365926 31.39333310107189 31.383690688421463 31.387790616365926 31.39333310107189
 145706544 4 37159.92 37164.927 37397.146 31.169553740812198 31.36431162638904 31.368537714828232 31.169553740812198 31.36431162638904 31.368537714828232
 160277184 4 40876.865 40879.011 41119.099 31.183014783470814 31.366156876936184 31.367803572999055 31.183014783470814 31.366156876936184 31.367803572999055
 176304896 4 44975.042 44995.07 44996.977 31.34519832298956 31.34652680838145 31.360485844571304 31.34519832298956 31.34652680838145 31.360485844571304
 193935376 4 49495.935 49498.081 49500.942 31.342494613536843 31.344306216638984 31.34566521472925 31.342494613536843 31.344306216638984 31.34566521472925
 213328912 4 54432.154 54443.121 54456.949 31.339091288423084 31.347051099440097 31.35336690883113 31.339091288423084 31.347051099440097 31.35336690883113
 234661792 4 59896.946 59921.98 59931.993 31.323742829643592 31.328977046486113 31.34207102979841 31.323742829643592 31.328977046486113 31.34207102979841
 258127968 4 65889.835 65894.127 65907.955 31.331934726240554 31.338509788588595 31.34055114874699 31.331934726240554 31.338509788588595 31.34055114874699
 283940752 2 36246.061 36252.022 36264.896 31.31852378674959 31.32964577810309 31.334798228144017 31.31852378674959 31.32964577810309 31.334798228144017
 312334816 2 39884.09 39894.819 39899.111 31.31245866605901 31.315827350914912 31.324251449638194 31.31245866605901 31.315827350914912 31.324251449638194
 343568288 2 43863.058 43867.111 43904.066 31.30172845494538 31.328097991226272 31.33099274564943 31.30172845494538 31.328097991226272 31.33099274564943
 377925104 2 48253.059 48271.894 48273.087 31.31559446363975 31.316368402698266 31.328592369656814 31.31559446363975 31.316368402698266 31.328592369656814
 415717600 2 53092.957 53121.09 53129.911 31.298196603416105 31.303393812137518 31.31998091573615 31.298196603416105 31.303393812137518 31.31998091573615
 457289360 2 58398.008 58410.883 58415.89 31.312669206957217 31.315353339205636 31.322257430424678 31.312669206957217 31.315353339205636 31.322257430424678
 503018288 2 64228.058 64245.939 64257.145 31.31283146800251 31.31829316091092 31.327012129185043 31.31283146800251 31.31829316091092 31.327012129185043
 553320112 1 35346.031 35350.084 35375.118 31.283011522392655 31.305165328602893 31.308754977326874 31.283011522392655 31.305165328602893 31.308754977326874
 608652112 1 38890.123 38894.176 38896.084 31.296318261756117 31.29785353982046 31.3011152986068 31.296318261756117 31.29785353982046 31.3011152986068
 669517312 1 42777.061 42779.922 42779.922 31.300539164143405 31.300539164143405 31.302632595539933 31.300539164143405 31.300539164143405 31.302632595539933
 736469040 1 47049.046 47060.966 47078.133 31.287096283108763 31.298509257119797 31.306438817059117 31.287096283108763 31.298509257119797 31.306438817059117
 810115936 1 51757.097 51767.111 51771.164 31.29602942672875 31.298479685296712 31.304535337443674 31.29602942672875 31.298479685296712 31.304535337443674
 891127520 1 56938.887 56941.986 56952.953 31.293461464588148 31.29948857070071 31.301192100927437 31.293461464588148 31.29948857070071 31.301192100927437
 980240272 1 62620.878 62626.123 62666.893 31.28415101096523 31.304517190055016 31.307139194056017 31.28415101096523 31.304517190055016 31.307139194056017
 
META_DATA
 FLOPS          16
 MPI_PROCS      1
 OPENMP_THREADS 2
 ERT_VERSION  1.1.0
 HOSTNAME  ('c3cpu-a7-u1-3.rc.int.colorado.edu', [], ['10.225.64.156'])
 UNAME  uname_result(system='Linux', node='c3cpu-a7-u1-3.rc.int.colorado.edu', release='4.18.0-305.34.2.el8_4.x86_64', version='#1 SMP Mon Jan 17 09:42:23 EST 2022', machine='x86_64', processor='x86_64')
 TIMESTAMP_DATA  1728534166.0847795
 CONFIG  {'nux': ['workstation,', 'MPI', 'and', 'OpenMP', '(8-core', 'Intel', 'Xeon', 'CPU', 'E5530,', '2.40', 'GHz)'], 'ERT_RESULTS': ['Results.alpine'], 'ERT_DRIVER': ['driver1'], 'ERT_KERNEL': ['kernel1'], 'ERT_MPI': ['True'], 'ERT_MPI_CFLAGS': ['-I/usr/include/mpi'], 'ERT_MPI_LDFLAGS': ['-lmpi'], 'ERT_OPENMP': ['True'], 'ERT_OPENMP_CFLAGS': ['-qopenmp'], 'ERT_OPENMP_LDFLAGS': ['-qopenmp'], 'ERT_FLOPS': ['1,2,4,8,16'], 'ERT_ALIGN': ['32'], 'ERT_CC': ['icpc'], 'ERT_CFLAGS': ['-O3', '-fno-alias', '-fno-fnalias', '-DERT_INTEL'], 'ERT_LD': ['icpc'], 'ERT_LDFLAGS': [], 'ERT_LDLIBS': [], 'ERT_PRECISION': ['FP64'], 'ERT_RUN': ['export', 'OMP_NUM_THREADS=ERT_OPENMP_THREADS;', 'mpirun', '-np', 'ERT_MPI_PROCS', 'ERT_CODE'], 'ERT_PROCS_THREADS': ['1-8'], 'ERT_MPI_PROCS': ['1,2,4,8'], 'ERT_OPENMP_THREADS': ['1,2,4,8'], 'ERT_NUM_EXPERIMENTS': ['3'], 'ERT_MEMORY_MAX': ['1073741824'], 'ERT_WORKING_SET_MIN': ['1'], 'ERT_TRIALS_MIN': ['1'], 'ERT_GNUPLOT': ['gnuplot'], 'ERT_GPU': [False], 'ERT_HIP': [False], 'ERT_OCL': [False], 'ERT_SYCL': [False], 'ERT_WSS_MULT': [1.1]}
 TIMESTAMP_DATA  1728534194.7463865
 TIMESTAMP_DATA  1728534224.0738785
 