fp64
 64 16777216 65322.876 65330.982 65332.174 32.870230952363535 32.870830687957515 32.874909671766446 2.054389434522721 2.0544269179973447 2.054681854485403
 128 8388608 35356.045 35367.012 35370.111 60.71464259753102 60.71996265898855 60.73879722689572 3.7946651623456886 3.7949976661867844 3.7961748266809825
 192 4194304 17692.089 17693.043 17699.957 90.9952908925146 91.03084958308189 91.03575818548052 5.687205680782163 5.689428098942618 5.689734886592532
 256 4194304 17825.127 17835.855 17842.054 120.360786263734 120.40261865775429 120.4750826179247 7.522549141483375 7.525163666109643 7.529692663620294
 320 2097152 8936.882 9000.063 9018.183 148.83012243153635 149.12976498053402 150.18406643390838 9.301882651971022 9.320610311283376 9.386504152119274
 384 2097152 8886.814 8890.867 8893.967 181.09047807350757 181.15361932643913 181.23623786882453 11.318154879594223 11.322101207902445 11.327264866801533
 448 2097152 8857.012 8859.873 8881.807 211.56147527186752 212.08522876117976 212.15373672294896 13.22259220449172 13.255326797573735 13.25960854518431
 512 2097152 8846.998 8850.098 8851.051 242.62470615071595 242.6508325670518 242.73585774519222 15.164044134419747 15.165677035440737 15.170991109074514
 576 1048576 4424.095 4426.956 4431.963 272.5563259440568 272.8645940912898 273.0410517857324 17.03477037150355 17.054037130705613 17.065065736608275
 640 1048576 4434.109 4435.778 4440.069 302.28748246930394 302.579903683187 302.6937948525848 18.892967654331496 18.91124398019919 18.91836217828655
 704 1048576 4429.102 4430.056 4432.917 333.0527072805558 333.2677979691453 333.33958170301787 20.815794205034738 20.82923737307158 20.833723856438617
 768 1048576 4450.083 4454.851 4461.05 361.03893388327856 361.54132562458324 361.92869571196763 22.56493336770491 22.596332851536452 22.620543481997977
 832 1048576 4433.87 4438.162 4442.93 392.72067396965514 393.1425810955076 393.5231443411738 24.545042123103446 24.571411318469224 24.595196521323363
 896 1048576 4482.031 4491.806 4491.806 418.32799368450026 418.32799368450026 419.2403381413471 26.145499605281266 26.145499605281266 26.202521133834193
 960 1048576 4553.795 4577.875 4667.997 431.29117692235013 439.7817590039046 442.1072797523823 26.955698557646883 27.486359937744037 27.631704984523893
 1024 1048576 4515.171 4515.886 4518.032 475.31395262362025 475.5398271789855 475.61513129846026 29.707122038976266 29.721239198686593 29.725945706153766
 1088 524288 2383.947 2387.047 2388.954 477.5523882000239 477.93390243258716 478.55539070289734 29.847024262501495 29.870868902036698 29.909711918931084
 1152 524288 2432.108 2439.022 2469.063 489.23804374371974 495.26390167862365 496.67183858611537 30.577377733982484 30.95399385491398 31.04198991163221
 1216 524288 2542.973 2550.84 2551.079 499.81533931328664 499.8621693246147 501.4085544754113 31.238458707080415 31.241385582788418 31.338034654713205
 1280 524288 2577.066 2582.073 2607.822 514.6736548736839 519.8060937858845 520.8160287707028 32.16710342960524 32.48788086161778 32.551001798168926
 1408 524288 2740.86 2758.98 2773.046 532.4091298882167 535.1234905653539 538.6612260385426 33.275570618013546 33.44521816033462 33.666326627408914
 1536 524288 2893.925 2895.832 2923.012 551.0113321464298 556.1830713936444 556.549577476956 34.438208259151864 34.76144196210277 34.78434859230975
 1664 524288 3062.963 3063.917 3064.156 569.4326476850396 569.4770661215692 569.6544372230419 35.58954048031497 35.59231663259808 35.60340232644012
 1792 524288 3232.956 3234.863 3235.102 580.8312047039012 580.8741180074705 581.2167539552038 36.301950293993826 36.30463237546691 36.32604712220024
 1920 524288 3402.948 3402.948 3404.856 591.292530433005 591.6240624305749 591.6240624305749 36.955783152062814 36.97650390191093 36.97650390191093
 2112 262144 1870.155 1872.063 1874.924 590.5819414546936 591.4845045278923 592.0879584847245 36.91137134091835 36.96778153299327 37.00549740529528
 2304 262144 1960.039 1962.9 1962.9 615.3953599266391 615.3953599266391 616.2936308920384 38.462209995414945 38.462209995414945 38.5183519307524
 2496 262144 2127.886 2127.886 2131.939 613.8181477049766 614.9872916124266 614.9872916124266 38.363634231561036 38.43670572577666 38.43670572577666
 2688 262144 2297.878 2298.117 2300.024 612.7267124169139 613.2351590454272 613.2989410229785 38.29541952605712 38.3271974403392 38.33118381393616
 2944 262144 2470.016 2472.162 2474.07 623.8723528436948 624.3538538332035 624.896305125149 38.992022052730924 39.02211586457522 39.05601907032181
 3200 262144 2681.971 2684.832 2685.07 624.8334680287663 624.8888571053981 625.5554590262161 39.052091751797896 39.05555356908738 39.09721618913851
 3520 262144 2851.963 2853.155 2857.924 645.7462689700636 646.8256228631112 647.0959686363392 40.35914181062898 40.42660142894445 40.4434980397712
 3840 262144 3107.071 3107.786 3148.079 639.5220450312713 647.8135624524983 647.9626374807656 39.97012781445446 40.488347653281146 40.49766484254785
 4224 131072 1996.994 2003.193 2022.982 547.3584322549582 552.7656376594766 554.4815137151138 34.20990201593489 34.54785235371729 34.65509460719461
 4608 131072 2112.865 2113.104 2427.816 497.54987692642277 571.6517275060764 571.7163907774515 31.096867307901423 35.72823296912978 35.73227442359072
 5056 131072 2278.09 2334.118 2568.007 516.1201133797532 567.8376431697112 581.8032053167346 32.257507086234575 35.48985269810695 36.362700332295915
 5504 131072 2276.897 2277.136 2279.997 632.8256467004124 633.6207306019492 633.6872401342705 39.55160291877578 39.60129566262182 39.605452508391906
 6016 131072 2445.936 2446.175 2449.989 643.7001570211131 644.7037942910871 644.7667903003185 40.23125981381957 40.29398714319294 40.297924393769904
 6592 131072 2699.852 2700.09 2702.951 639.3209673427302 639.9983882018747 640.0548059671419 39.95756045892064 39.99989926261717 40.00342537294637
 7232 131072 2999.783 3000.021 3000.975 631.7364883079666 631.937379105013 631.9875164303552 39.483530519247914 39.49608619406331 39.4992197768972
 7936 131072 3256.083 3257.036 3257.99 638.5454786540168 638.7325113999353 638.919457519971 39.90909241587605 39.92078196249596 39.93246609499819
 8704 65536 1799.107 1801.968 1870.871 609.7965535838655 633.1137334292284 634.1205320194964 38.11228459899159 39.56960833932678 39.632533251218526
 9536 65536 1979.113 1979.828 2024.889 617.2696834246224 631.3187771867051 631.5468555863156 38.5793552140389 39.45742357416907 39.471678474144724
 10432 65536 2159.119 2159.119 2161.026 632.7286686971836 633.2875140277122 633.2875140277122 39.545541793573975 39.58046962673201 39.58046962673201
 11456 65536 2372.026 2373.219 2375.126 632.2025997778643 632.7106061429645 633.0288251477851 39.51266248611652 39.54441288393528 39.56430157173657
 12544 65536 2604.961 2607.107 2608.061 630.417451125568 630.648135270244 631.1676712242526 39.401090695348 39.41550845439025 39.447979451515785
 13760 65536 2838.85 2840.042 2868.891 628.6578054028543 635.0436789315088 635.310326364549 39.29111283767839 39.6902299332193 39.706895397784315
 15104 65536 3115.892 3116.846 3168.821 624.7470235775387 635.1649994898689 635.3594694552957 39.04668897359617 39.69781246811681 39.70996684095598
 16576 32768 1718.044 1718.998 1729.965 627.9460775217996 631.9522977920858 632.3032099294312 39.24662984511247 39.49701861200536 39.51895062058945
 18176 32768 1876.116 1878.023 1879.215 633.8723009341667 634.2746260296067 634.919341874383 39.61701880838542 39.64216412685042 39.68245886714894
 19968 32768 2068.996 2069.95 2072.096 631.5454727966272 632.2002212613833 632.4917244885925 39.4715920497892 39.512513828836454 39.53073278053703
 21952 32768 2270.937 2270.937 2271.175 633.4369971490527 633.5033829648291 633.5033829648291 39.58981232181579 39.59396143530182 39.59396143530182
 24128 32768 2493.858 2494.097 2496.004 633.5136514204304 633.9980393705617 634.0587988570319 39.5946032137769 39.62487746066011 39.62867492856449
 26496 32768 2740.145 2740.145 2741.098 633.4840476334665 633.704368199493 633.704368199493 39.592752977091656 39.606523012468315 39.606523012468315
 29120 32768 3015.995 3015.995 3018.141 632.3125129011534 632.7624283196756 632.7624283196756 39.519532056322085 39.54765176997972 39.54765176997972
 32000 32768 3324.032 3325.939 3326.893 630.3635253673623 630.5443365016616 630.9060803265431 39.39772033546014 39.40902103135385 39.431630020408946
 35200 16384 1825.094 1827.955 1828.194 630.9142246391795 630.9967149081898 631.9858593584769 39.432139039948716 39.43729468176186 39.499116209904805
 38720 16384 2002.954 2002.954 2005.1 632.7749039948133 633.4528701108463 633.4528701108463 39.54843149967583 39.590804381927896 39.590804381927896
 42560 16384 2204.895 2204.895 2207.994 631.6167888137377 632.5045319618395 632.5045319618395 39.476049300858605 39.531533247614966 39.531533247614966
 46784 16384 2424.955 2426.863 2428.77 631.19114284185 631.687125313625 632.1841485718292 39.44944642761563 39.48044533210156 39.51150928573932
 51456 16384 2672.911 2673.149 2675.056 630.308377843305 630.7580340639448 630.8141977043007 39.394273615206565 39.42237712899655 39.42588735651879
 56576 16384 2938.032 2939.939 2942.085 630.1253593964824 630.5853175865213 630.9946140818072 39.38283496228015 39.411582349157584 39.43716338011295
 62208 16384 3225.803 3226.042 3228.903 631.3078293154052 631.8677016604248 631.914516788533 39.45673933221283 39.49173135377655 39.49465729928331
 68416 8192 1770.973 1772.881 1775.026 631.4993380378654 632.263385980221 632.9445700188542 39.46870862736659 39.51646162376381 39.559035626178385
 75200 8192 1951.218 1952.887 1952.887 630.9002005748413 630.9002005748413 631.4398493658832 39.43126253592758 39.43126253592758 39.4649905853677
 82688 8192 2145.052 2146.006 2146.959 631.0135368211503 631.2937577993725 631.5745222027251 39.43834605132189 39.455859862460784 39.47340763767032
 90944 8192 2356.052 2357.006 2359.867 631.4027426121895 632.1691569728715 632.4251315335995 39.462671413261845 39.51057231080447 39.52657072084997
 100032 8192 2593.994 2594.233 2596.14 631.2927222722966 631.7567805204852 631.8149880069113 39.45579514201854 39.484798782530326 39.48843675043196
 110016 8192 2852.917 2856.016 2856.97 630.9139206922019 631.1246659682578 631.8102293196753 39.43212004326262 39.44529162301611 39.488139332479705
 120960 8192 3142.118 3142.834 3147.125 629.7203447591055 630.5801197263362 630.72381113631 39.357521547444094 39.41125748289601 39.420238196019376
 133056 4096 1739.979 1741.886 1741.886 625.7555040915421 625.7555040915421 626.4413260160036 39.10971900572138 39.10971900572138 39.152582876000224
 146304 4096 1923.084 1924.038 1925.23 622.5346415752922 622.9203207005266 623.2293378760365 38.90841509845576 38.932520043782915 38.951833617252284
 160896 4096 2102.852 2104.044 2106.905 625.590632705319 626.4412873495041 626.796385099855 39.099414544082435 39.15258045934401 39.17477406874094
 176960 4096 2312.899 2316.952 2340.078 619.490598176642 625.6738680818593 626.7702653682674 38.71816238604013 39.104616755116204 39.17314158551671
 194624 4096 2542.973 2545.118 2568.007 620.8549306913883 626.4384629710686 626.9668643748872 38.80343316821177 39.15240393569179 39.18542902343045
 214080 4096 2794.981 2795.935 2822.161 621.4186079390935 627.2475433084103 627.4616392741132 38.83866299619334 39.20297145677564 39.21635245463207
 235456 4096 3070.116 3071.07 3095.865 623.0425267251641 628.0728058950137 628.2679716336451 38.940157920322754 39.25455036843836 39.266748227102816
 258944 4096 3375.053 3376.961 3401.995 623.5368505832606 628.1592378472834 628.5143516264782 38.97105316145379 39.25995236545521 39.282146976654886
 284800 2048 1861.095 1870.871 1885.891 618.562154440527 623.5281855349726 626.8034678509157 38.66013465253294 38.97051159593579 39.17521674068223
 313280 2048 2058.983 2062.082 2081.871 616.3661821505751 622.281208991689 623.217811900341 38.522886384410945 38.892575561980564 38.95111324377131
 344576 2048 2274.036 2274.99 2295.971 614.7217434366548 620.3909889713801 620.6512544216538 38.42010896479093 38.77443681071126 38.79070340135336
 379008 2048 2513.17 2516.031 2541.065 610.9315456314578 617.0101910509053 617.7125972377515 38.18322160196611 38.56313694068158 38.60703732735947
 416896 2048 2779.961 2786.16 2816.2 606.35111710816 612.8887127803141 614.2553855971362 37.89694481926 38.30554454876963 38.39096159982101
 458560 2048 3066.063 3068.924 3103.018 605.3015999262653 612.02615639879 612.597249306358 37.831349995391584 38.251634774924376 38.287328081647374
 504384 2048 3379.107 3415.108 3418.207 604.3978214309432 604.9462751983245 611.3913717440731 37.77486383943395 37.809142199895284 38.21196073400457
 554816 1024 1861.095 1878.023 1879.93 604.4178070460069 605.0315507318068 610.5347486291672 37.776112940375434 37.81447192073792 38.15842178932295
 610240 1024 2044.916 2060.89 2063.99 605.5123910484062 606.4232055082998 611.1603214997584 37.84452444052539 37.90145034426874 38.1975200937349
 671232 1024 2252.102 2260.923 2265.93 606.6750235002847 608.0185552537615 610.4000333910277 37.917188968767796 38.001159703360095 38.15000208693923
 738304 1024 2472.162 2490.997 2493.858 606.308214822175 607.0045816996167 611.6292508338854 37.89426342638594 37.93778635622604 38.22682817711784
 812096 1024 2723.932 2735.138 2743.006 606.3321071845997 608.0763047422105 610.5778734564593 37.895756699037484 38.004769046388155 38.16111709102871
 893248 1024 3001.928 3005.981 3011.942 607.372885666457 608.5773343211417 609.3989942463644 37.960805354153564 38.03608339507136 38.087437140397775
 982528 1024 3300.905 3317.833 3323.078 605.528171171426 606.4854210564547 609.5956545250469 37.84551069821413 37.90533881602842 38.099728407815434
 1080768 512 1813.889 1821.995 1824.856 606.4623356582656 607.4146372520232 610.1290828711128 37.9038959786416 37.96341482825145 38.13306767944455
 1188800 512 1994.848 2003.908 2006.054 606.8287294359972 607.4785868413121 610.2375719854346 37.92679558974982 37.96741167758201 38.13984824908966
 1307648 512 2197.981 2202.988 2209.187 606.1196050854908 607.8251683622426 609.2097938972174 37.88247531784317 37.98907302264016 38.07561211857609
 1438400 512 2412.081 2418.041 2420.902 608.418515082395 609.138389299437 610.6435065820758 38.026157192649684 38.07114933121481 38.16521916137974
 1582208 512 2654.076 2660.036 2660.99 608.8639912213124 609.0823552763948 610.4501122047749 38.053999451332025 38.06764720477467 38.15313201279843
 1740416 512 2919.912 2923.965 2927.065 608.8645055712805 609.5100262828043 610.3560600456453 38.05403159820503 38.09437664267527 38.14725375285283
 1914432 512 3219.843 3221.035 3275.156 598.5603030817464 608.6175307005358 608.8428435796403 37.41001894260915 38.038595668783486 38.05267772372752
 2105856 256 1767.159 1774.073 1792.908 601.3684316205852 607.7530473661456 610.1308778666776 37.58552697628657 37.9845654603841 38.13317986666735
 2316416 256 1950.979 1951.933 1975.06 600.4906139560318 607.6053798977731 607.9024899806712 37.530663372251986 37.97533624361082 37.99390562379195
 2548032 256 2144.098 2145.052 2160.072 603.9578236281012 608.1868336991364 608.4574417773814 37.747363976756326 38.011677106196025 38.02859011108634
 2802816 256 2363.92 2372.98 2400.875 597.7161626490342 604.7424723343644 607.0602186199194 37.35726016556464 37.796404520897774 37.94126366374496
 3083072 256 2617.121 2623.081 2625.942 601.1301331103276 601.785787019158 603.1562407699147 37.570633319395476 37.61161168869737 37.69726504811967
 3391360 256 2869.129 2886.057 2886.057 601.6431137707954 601.6431137707954 605.1928372687321 37.60269461067471 37.60269461067471 37.824552329295756
 3730496 256 3159.046 3175.02 3176.928 601.2141137602111 601.5754080289257 604.6173281427367 37.5758821100132 37.59846300180786 37.788583008921044
 4103488 256 3478.765 3485.918 3493.071 601.4724166786189 602.7066201786731 603.945899191236 37.59202604241368 37.66916376116707 37.74661869945225
 4513792 128 1917.839 1920.938 1931.19 598.3516650355481 601.5450535103163 602.5170788580272 37.396979064721755 37.59656584439477 37.6573174286267
 4965120 128 2112.865 2119.064 2120.018 599.5565698027092 599.8264894311828 601.5863389284219 37.472285612669324 37.48915558944893 37.59914618302637
 5461632 128 2326.012 2331.018 2331.972 599.5688593173502 599.8142408166732 601.1051499304389 37.47305370733439 37.488390051042074 37.56907187065243
 6007744 128 2558.947 2571.106 2572.06 597.9574597793207 598.1793298292641 601.021617094844 37.372341236207546 37.38620811432901 37.56385106842775
 6608512 128 2811.909 2812.862 2816.2 600.7311526170017 601.4440352921686 601.6478740954989 37.54569703856261 37.590252205760535 37.60299213096868
 7269312 128 3087.044 3089.905 3095.865 601.1062730448518 602.2657240271141 602.8238897793489 37.56914206530324 37.64160775169463 37.676493111209304
 7996224 128 3390.074 3396.988 3645.897 561.4621981915561 602.6024654782414 603.8314632659936 35.09138738697226 37.662654092390085 37.7394664541246
 8795840 64 1870.155 1870.155 2131.224 528.2727296614527 602.0182926014154 602.0182926014154 33.01704560384079 37.62614328758846 37.62614328758846
 9675392 64 2047.062 2050.877 2396.822 516.7051103502888 603.8637012361053 604.9890897295734 32.29406939689305 37.74148132725658 37.811818108098336
 10642880 64 2252.817 2254.963 2372.026 574.3143793533461 604.1290433590264 604.704527709086 35.89464870958413 37.75806520993915 37.79403298181788
 11707136 64 2480.03 2480.984 2587.08 579.2296365013839 603.9996259548631 604.2319681616754 36.20185228133649 37.74997662217894 37.76449801010471
 12877824 64 2722.979 2727.032 3077.984 535.5328266813602 604.4525594125774 605.3522528084131 33.470801667585015 37.77828496328609 37.83451580052582
 14165568 64 2992.868 2998.114 3139.019 577.6303692331904 604.777771625762 605.8378465070962 36.1018980770744 37.79861072661013 37.86486540669351
 15582080 64 3293.037 3299.952 3542.9 562.9586609839397 604.4046216429814 605.6738020253036 35.18491631149623 37.77528885268634 37.85461262658148
 17140288 32 1814.127 1835.108 1971.96 556.2883790746263 597.7732275157647 604.6866795985067 34.76802369216414 37.36082671973529 37.792917474906666
 18854272 32 2003.908 2005.1 2007.008 601.2299941006711 601.8021086230112 602.1600831974322 37.57687463129194 37.6126317889382 37.63500519983951
 20739648 32 2205.133 2207.994 2326.965 570.4157441130399 601.1508509533993 601.9308005458174 35.65098400706499 37.571928184587456 37.62067503411359
 22813568 32 2418.041 2433.062 2563.953 569.4598738744431 600.0950045662627 603.8228268255169 35.591242117152696 37.50593778539142 37.73892667659481
 25094912 32 2665.997 2674.103 2783.06 577.0893793162921 600.6030313716412 602.4291730260762 36.06808620726826 37.53768946072758 37.651823314129764
 27604352 32 2933.979 2939.939 3283.024 538.1253770913645 600.9235320868902 602.1442307528446 33.63283606821028 37.55772075543064 37.634014422052786
 30364736 32 3226.042 3232.956 3571.033 544.1963443070955 601.1040991587885 602.3923755487375 34.01227151919347 37.56900619742428 37.649523471796094
 33401152 32 3547.907 3555.059 3816.128 560.1682459288578 601.3047119611798 602.5168438744307 35.01051537055361 37.58154449757374 37.65730274215192
 36741248 16 2090.931 2094.984 2110.958 556.9603639674498 561.2071194815808 562.2949470833805 34.81002274796561 35.0754449675988 35.14343419271128
 40415360 16 2296.925 2302.885 2439.022 530.250042845042 561.5962238670189 563.0534388367056 33.140627677815125 35.09976399168868 35.1908399272941
 44456896 16 2563.0 2568.96 2651.93 536.4472938576811 553.7729945191829 555.0607381974249 33.52795586610507 34.61081215744893 34.69129613733906
 48902528 16 2815.008 2822.876 3074.884 508.92355483979236 554.3569381014256 555.9063761097659 31.807722177487022 34.6473086313391 34.74414850686037
 53792768 16 3115.892 3125.906 3143.072 547.6707425092393 550.6782916696791 552.448087417664 34.229421406827456 34.41739322935494 34.528005463604
 59172032 16 3462.076 3486.872 4853.964 390.09457507307434 543.0382944943204 546.9276307048141 24.380910942067146 33.93989340589503 34.18297691905088
 65089216 16 3824.949 3827.095 3965.139 525.2917771609016 544.2391453569875 544.5444924886581 32.83073607255635 34.01494658481172 34.03403078054113
 71598080 8 2662.182 2906.084 3129.005 366.11295923144894 394.19689176224773 430.31215747082655 22.88205995196556 24.637305735140483 26.89450984192666
 78757888 8 2788.067 2794.981 3072.977 410.06691817088125 450.8532286981557 451.97127902593445 25.62918238568008 28.17832679363473 28.248204939120903
 86633664 8 3082.991 3345.966 3492.117 396.93361476720276 414.2715807632236 449.6083913316646 24.808350922950172 25.891973797701475 28.10052445822904
 95297024 8 3642.082 4106.045 4434.824 343.813505113168 371.3433203971218 418.64855980727503 21.488344069573 23.20895752482011 26.16553498795469
 104826688 8 4058.838 4173.994 4586.935 365.65310125388737 401.82784354745127 413.2283693017558 22.85331882836796 25.114240221715704 25.826773081359736
 115309312 8 4148.96 4436.97 5071.163 363.8118104269179 415.81281640398737 444.67745941151514 22.738238151682367 25.98830102524921 27.792341213219697
 126840192 8 5733.013 5898.952 6048.918 335.5051386049538 344.0345118929599 353.99240713391015 20.969071162809612 21.502156993309995 22.124525445869384
 139524160 4 3769.159 3815.889 3952.026 282.4357127205135 292.51198868730194 296.13854974014095 17.652232045032093 18.28199929295637 18.50865935875881
 153476544 4 3688.097 3785.133 3833.055 320.32213260701974 324.37759835651747 332.9121636442859 20.020133287938734 20.27359989728234 20.80701022776787
 168824192 4 4779.1 4905.939 4920.006 274.51054653185383 275.2976618747196 282.6041589420602 17.156909158240865 17.206103867169976 17.662759933878764
 185706560 4 5181.074 5970.001 6442.07 230.61725190815997 248.85297004137854 286.7460453180171 14.413578244259998 15.553310627586159 17.921627832376068
 204277184 4 7459.879 7529.02 7895.947 206.96915417492036 217.05580168468137 219.06755753008864 12.935572135932523 13.565987605292586 13.69172234563054
 224704896 4 7347.107 8369.923 8673.906 207.2467891628062 214.7736804747188 244.67306219985633 12.952924322675388 13.423355029669924 15.29206638749102
 247175360 4 8186.817 8195.877 8971.93 220.39883057491534 241.26800341195946 241.53500438570936 13.774926910932209 15.079250213247466 15.095937774106835
 271892864 2 6103.992 6145.0 6381.035 170.4380960142046 176.98477721724979 178.173801014156 10.652381000887788 11.061548576078112 11.13586256338475
 299082112 2 5515.814 6133.08 6201.982 192.8945372624429 195.0616081968603 216.89064352061183 12.055908578902681 12.191350512303769 13.55566522003824
 328990272 2 5448.818 5868.912 5999.804 219.33401291108842 224.22573178810651 241.51312963655602 13.708375806943026 14.014108236756657 15.094570602284751
 361889280 2 6145.954 6246.09 6247.997 231.68338909253637 231.75412458033745 235.53009345660575 14.480211818283523 14.48463278627109 14.72063084103786
 398078208 2 7021.904 7475.853 7619.858 208.96883275252634 212.99413351225604 226.76368574677178 13.060552047032896 13.312133344516003 14.172730359173237
 437886016 2 7658.005 8080.006 8142.948 215.09950253888394 216.77509447393973 228.72067385696405 13.443718908680246 13.548443404621233 14.295042116060253
 481674560 2 9423.018 9613.037 10087.013 191.00780776231773 200.42555125919102 204.46721421947828 11.937987985144858 12.526596953699439 12.779200888717392
 529841984 2 10181.904 10448.933 10801.077 196.21820453645506 202.83103892043331 208.15045358903404 12.263637783528441 12.676939932527082 13.009403349314628
 582826176 1 5839.109 5876.78 5928.993 196.60207930756536 198.3488155078121 199.62846249316462 12.287629956722835 12.396800969238257 12.476778905822789
 641108736 1 6417.99 6442.07 6504.059 197.14111941481463 199.03811538837672 199.78489714069357 12.321319963425914 12.439882211773545 12.486556071293348
 705219584 1 7246.971 7259.13 7395.983 190.7034085935568 194.2986512157793 194.62464635224842 11.9189630370973 12.143665700986206 12.164040397015526
 775741504 1 8080.006 8111.0 8494.139 182.65335756808312 191.28134730612746 192.0150811769199 11.415834848005195 11.955084206632966 12.000942573557493
 853315648 1 9041.071 9045.124 9383.917 181.86768872742587 188.6797014612514 188.7642842313704 11.366730545464117 11.792481341328212 11.79776776446065
 938647168 1 10119.2 10120.153 10435.104 179.90183289021368 185.5005883804326 185.51805834453316 11.243864555638355 11.593786773777037 11.594878646533322
 1032511872 1 11312.008 11323.214 11610.031 177.8654806348062 182.3708130924665 182.55147485751422 11.116592539675388 11.398175818279157 11.409467178594639
 
META_DATA
 FLOPS          1
 MPI_PROCS      8
 OPENMP_THREADS 1
 ERT_VERSION  1.1.0
 HOSTNAME  ('c3cpu-a7-u1-3.rc.int.colorado.edu', [], ['10.225.64.156'])
 UNAME  uname_result(system='Linux', node='c3cpu-a7-u1-3.rc.int.colorado.edu', release='4.18.0-305.34.2.el8_4.x86_64', version='#1 SMP Mon Jan 17 09:42:23 EST 2022', machine='x86_64', processor='x86_64')
 TIMESTAMP_DATA  1728533087.7106435
 CONFIG  {'nux': ['workstation,', 'MPI', 'and', 'OpenMP', '(8-core', 'Intel', 'Xeon', 'CPU', 'E5530,', '2.40', 'GHz)'], 'ERT_RESULTS': ['Results.alpine'], 'ERT_DRIVER': ['driver1'], 'ERT_KERNEL': ['kernel1'], 'ERT_MPI': ['True'], 'ERT_MPI_CFLAGS': ['-I/usr/include/mpi'], 'ERT_MPI_LDFLAGS': ['-lmpi'], 'ERT_OPENMP': ['True'], 'ERT_OPENMP_CFLAGS': ['-qopenmp'], 'ERT_OPENMP_LDFLAGS': ['-qopenmp'], 'ERT_FLOPS': ['1,2,4,8,16'], 'ERT_ALIGN': ['32'], 'ERT_CC': ['icpc'], 'ERT_CFLAGS': ['-O3', '-fno-alias', '-fno-fnalias', '-DERT_INTEL'], 'ERT_LD': ['icpc'], 'ERT_LDFLAGS': [], 'ERT_LDLIBS': [], 'ERT_PRECISION': ['FP64'], 'ERT_RUN': ['export', 'OMP_NUM_THREADS=ERT_OPENMP_THREADS;', 'mpirun', '-np', 'ERT_MPI_PROCS', 'ERT_CODE'], 'ERT_PROCS_THREADS': ['1-8'], 'ERT_MPI_PROCS': ['1,2,4,8'], 'ERT_OPENMP_THREADS': ['1,2,4,8'], 'ERT_NUM_EXPERIMENTS': ['3'], 'ERT_MEMORY_MAX': ['1073741824'], 'ERT_WORKING_SET_MIN': ['1'], 'ERT_TRIALS_MIN': ['1'], 'ERT_GNUPLOT': ['gnuplot'], 'ERT_GPU': [False], 'ERT_HIP': [False], 'ERT_OCL': [False], 'ERT_SYCL': [False], 'ERT_WSS_MULT': [1.1]}
 TIMESTAMP_DATA  1728533092.2390862
 TIMESTAMP_DATA  1728533096.6938703
 