fp64
 32 33554432 130622.149 130630.97 130661.011 16.43553521868892 16.439314873035084 16.440425030826894 1.0272209511680575 1.0274571795646927 1.0275265644266809
 64 16777216 70730.925 70749.044 70756.912 30.350160674055424 30.353535914916392 30.361311519678274 1.896885042128464 1.8970959946822745 1.8975819699798921
 96 8388608 35362.005 35377.979 35383.94 45.51818525579684 45.52585482624658 45.54642011956054 2.8448865784873023 2.845365926640411 2.8466512574725336
 128 8388608 35629.988 35635.948 35650.969 60.23633321158817 60.26172358316385 60.27180385241781 3.7647708257242605 3.7663577239477406 3.766987740776113
 160 4194304 17821.074 17879.009 17897.129 74.99399931687367 75.07000415962654 75.31405121823747 4.687124957304604 4.691875259976658 4.707128201139842
 192 4194304 17762.899 17766.953 17771.006 90.63148906707926 90.65216393604462 90.67285334449066 5.664468066692454 5.6657602460027885 5.667053334030666
 224 4194304 17711.878 17721.891 17732.143 105.96847724496695 106.02977932772524 106.08972080769752 6.623029827810434 6.626861207982827 6.630607550481095
 256 4194304 17684.937 17688.036 17795.086 120.67846415577876 121.40882390786632 121.43009884626674 7.542404009736172 7.588051494241645 7.5893811778916715
 288 2097152 8850.098 8851.051 8857.012 136.3845450361815 136.4763972097777 136.49109331896662 8.524034064761343 8.529774825611106 8.530693332435414
 320 2097152 8858.919 8866.072 8867.025 151.36726015771922 151.38353038414306 151.50576272342033 9.460453759857451 9.461470649008941 9.46911017021377
 352 2097152 8852.005 8855.104 8857.965 166.6742878302183 166.7281387096075 166.78650859325091 10.417142989388644 10.420508669350468 10.424156787078182
 384 2097152 8882.999 8928.061 8934.021 180.27859303218563 180.39893947857212 181.3140737717071 11.267412064511602 11.274933717410757 11.332129610731693
 416 2097152 8866.072 8871.078 8875.847 196.58185455427525 196.6875349309295 196.79858949938597 12.286365909642203 12.292970933183094 12.299911843711623
 448 2097152 8939.981 8946.896 8956.909 209.78757202959193 210.02235769813348 210.1848082227468 13.111723251849495 13.126397356133342 13.136550513921675
 480 2097152 9092.093 9122.133 9155.035 219.90805278188446 220.70122415448228 221.43041431714343 13.744253298867779 13.793826509655142 13.839400894821464
 512 2097152 9032.011 9032.011 9037.018 237.63188786389492 237.7636218556421 237.7636218556421 14.851992991493432 14.860226365977631 14.860226365977631
 544 1048576 4767.179 4767.179 4769.087 239.21783938938412 239.3135831484406 239.3135831484406 14.951114961836508 14.957098946777538 14.957098946777538
 576 1048576 4726.887 4747.152 4762.888 253.61913864025357 254.45984286999865 255.55075718966836 15.851196165015848 15.903740179374916 15.971922324354273
 608 1048576 4951.954 5001.068 5154.133 247.3875656681735 254.9592239097729 257.48793627727565 15.461722854260843 15.934951494360806 16.092996017329728
 640 1048576 5109.072 5160.809 5164.862 259.8670167760533 260.07110125563645 262.70471036618784 16.24168854850333 16.254443828477278 16.41904439788674
 704 1048576 5455.017 5481.958 5486.012 269.1199013053563 269.3189199917256 270.6490205255089 16.819993831584767 16.83243249948285 16.915563782844306
 768 1048576 5784.035 5786.896 5795.956 277.8856043765687 278.32066378936133 278.45833159723276 17.367850273535545 17.395041486835083 17.403645724827047
 832 1048576 6127.119 6127.119 6128.073 284.7274280185631 284.7717604309628 284.7717604309628 17.795464251160194 17.798235026935174 17.798235026935174
 896 1048576 6463.051 6469.011 6477.833 290.0735773830539 290.469160123549 290.7370206424179 18.129598586440867 18.15432250772181 18.17106379015112
 960 1048576 6803.989 6807.089 6808.043 295.71874325705636 295.7601876514322 295.8949404533135 18.482421453566023 18.485011728214513 18.493433778332093
 1056 524288 3741.98 3742.933 3745.079 295.6669955426841 295.8365153744403 295.9118584278911 18.479187221417757 18.48978221090252 18.494491151743194
 1152 524288 3917.933 3919.84 3921.986 307.9969056493317 308.1655251234744 308.3155204542803 19.249806603083233 19.26034532021715 19.26972002839252
 1248 524288 4251.957 4254.103 4258.156 307.3214903352531 307.6142839042684 307.7695395320319 19.207593145953318 19.225892744016775 19.235596220751994
 1344 524288 4592.896 4595.995 4597.187 306.5540174893908 306.633524187907 306.8404213811939 19.159626093086924 19.16459526174419 19.17752633632462
 1472 524288 4934.072 4935.026 4937.887 312.583878893948 312.7650942467173 312.82556719885724 19.53649243087175 19.54781839041983 19.551597949928578
 1600 524288 5359.888 5360.842 5365.849 312.6665696332491 312.95859866789584 313.0143017913807 19.541660602078068 19.55991241674349 19.563393861961295
 1760 524288 5699.873 5703.926 5722.046 322.52340508971787 323.5479843181696 323.77804908986576 20.157712818107367 20.2217490198856 20.23612806811661
 1920 524288 6208.897 6210.804 6216.049 323.881925641191 324.1554426769867 324.25500374704234 20.242620352574438 20.25971516731167 20.265937734190146
 2112 262144 3792.048 4231.93 4290.819 258.06174905070566 261.6527815913779 292.0048100656954 16.128859315669104 16.35329884946112 18.25030062910596
 2304 262144 4286.051 4447.937 4568.1 264.4336927825573 271.5774868214186 281.8350859567466 16.52710579890983 16.97359292633866 17.61469287229666
 2528 262144 5012.989 5061.865 5121.946 258.7688476215876 261.84026322314014 264.39317221721416 16.173052976349226 16.36501645144626 16.524573263575885
 2752 262144 4550.934 4551.888 4556.179 316.6777635382631 316.9762911565487 317.04273804014736 19.792360221141443 19.811018197284294 19.81517112750921
 3008 262144 4891.157 4893.064 4894.972 322.17922880866325 322.3048592865329 322.43052185812064 20.136201800541453 20.144053705408307 20.15190761613254
 3296 262144 5400.181 5402.088 5416.155 319.05535347492827 319.8861714211246 319.9991348438136 19.940959592183017 19.992885713820286 19.99994592773835
 3616 262144 5996.943 6001.949 6006.002 315.65514097397903 315.86829678159546 316.1319705723399 19.72844631087369 19.741768548849716 19.758248160771245
 3968 262144 6505.013 6508.827 6510.973 319.5182630921677 319.6236102142521 319.81101098491274 19.96989144326048 19.976475638390756 19.988188186557046
 4352 131072 3597.021 3597.975 3612.995 315.76315162351455 317.08132713540255 317.1654232766503 19.73519697646966 19.81758294596266 19.822838954790644
 4768 131072 3956.079 3959.179 3961.086 315.5454317326107 315.6974190861287 315.9448009000831 19.72158948328817 19.731088692883045 19.746550056255195
 5216 131072 4316.092 4318.953 4319.906 316.52149468067125 316.591336835571 316.80119515524694 19.782593417541953 19.786958552223187 19.800074697202934
 5728 131072 4740.953 4742.861 4745.007 316.4507095563821 316.59389385436344 316.72130729834277 19.77816934727388 19.787118365897715 19.795081706146423
 6272 131072 5208.969 5210.876 5213.022 315.39616905510854 315.52605895822506 315.64157283331883 19.712260565944284 19.720378684889067 19.727598302082427
 6880 131072 5679.846 5681.992 5723.0 315.14078630089114 317.4152163537013 317.5351444387753 19.696299143805696 19.83845102210633 19.845946527423457
 7552 131072 6231.07 6232.023 6330.967 312.70286008440735 317.66755161205276 317.71613671488205 19.54392875527546 19.854221975753298 19.85725854468013
 8288 65536 3433.943 3437.996 3462.076 313.77841965341025 315.9761488960429 316.34908791438875 19.61115122833814 19.74850930600268 19.771817994649297
 9088 65536 3751.993 3755.093 3757.954 316.97629507971624 317.2177988667658 317.479892952892 19.811018442482265 19.826112429172863 19.84249330955575
 9984 65536 4135.847 4137.993 4137.993 316.2457858193573 316.2457858193573 316.409878798708 19.765361613709832 19.765361613709832 19.77561742491925
 10976 65536 4539.013 4541.874 4544.02 316.6020994625904 316.75169148241457 316.951344268016 19.7876312164119 19.79698071765091 19.809459016751
 12064 65536 4986.048 4987.001 4991.055 316.81730776358904 317.07485280231543 317.1354563774757 19.801081735224315 19.817178300144715 19.82096602359223
 13248 65536 5475.998 5476.952 5520.821 314.5260199524672 317.0452938057518 317.100527794203 19.6578762470292 19.815330862859486 19.818782987137688
 14560 65536 6025.791 6028.891 6034.851 316.2312242671774 316.5438419769075 316.70668962796753 19.76445151669859 19.78399012355672 19.79416810174797
 16000 65536 6646.872 6647.11 6649.971 315.36257827289774 315.49831430501376 315.5096111373891 19.71016114205611 19.71864464406336 19.719350696086817
 17600 32768 3650.904 3652.811 3653.049 315.74544989678486 315.7660223865949 315.93095846946403 19.734090618549054 19.73537639916218 19.745684904341502
 19360 32768 4004.002 4004.955 4006.863 316.6509461391618 316.8018017680598 316.87720435704085 19.790684133697614 19.80011261050374 19.804825272315053
 21280 32768 4407.883 4410.028 4410.028 316.23519850667617 316.23519850667617 316.3890874598986 19.76469990666726 19.76469990666726 19.77431796624366
 23392 32768 4843.95 4846.096 4855.871 315.7040440324712 316.34084673518646 316.48099422991567 19.73150275202945 19.771302920949154 19.78006213936973
 25728 32768 5347.013 5347.967 5349.159 315.2103364285863 315.28059316745976 315.33684470189246 19.700646026786643 19.705037072966235 19.70855279386828
 28288 32768 5872.965 5876.064 5878.925 315.3437691414672 315.4973070409036 315.66378617955326 19.7089855713417 19.718581690056475 19.72898663622208
 31104 32768 6446.838 6451.13 6453.037 315.88719296046185 315.9805714657742 316.1909363939345 19.742949560028865 19.748785716610886 19.761933524620908
 34208 16384 3541.946 3544.092 3546.0 316.11047490129727 316.2806563712229 316.4722850094271 19.75690468133108 19.76754102320143 19.779517813089193
 37600 16384 3897.905 3901.005 3901.005 315.83573976449657 315.83573976449657 316.0869236166607 19.739733735281035 19.739733735281035 19.755432726041295
 41344 16384 4287.958 4288.197 4291.058 315.7170543954428 315.92769455321195 315.9453035687384 19.732315899715175 19.745480909575747 19.74658147304615
 45472 16384 4712.105 4714.012 4714.012 316.08457848643576 316.08457848643576 316.2124986603652 19.755286155402235 19.755286155402235 19.763281166272826
 50016 16384 5186.081 5186.796 5187.035 315.9655348383036 315.9800940696337 316.0236579413241 19.747845927393975 19.748755879352107 19.751478621332755
 55008 16384 5704.88 5708.933 5710.125 315.66772075917777 315.73363078529735 315.9579419724867 19.72923254744861 19.733351924081084 19.74737137328042
 60480 16384 6280.899 6281.137 6284.952 315.32597862322575 315.5174994590947 315.5294552579177 19.70787366395161 19.71984371619342 19.720590953619855
 66528 8192 3479.004 3481.865 3482.103 313.0277168710977 313.04911362157924 313.3065532548971 19.564232304443607 19.565569601348702 19.58165957843107
 73152 8192 3831.863 3834.009 3848.076 311.4601603502633 312.6029093828418 312.7779797972944 19.466260021891458 19.537681836427613 19.5486237373309
 80448 8192 4201.889 4202.127 4207.134 313.29166886531306 313.66496824108356 313.6827345986531 19.580729304082066 19.604060515067722 19.60517091241582
 88480 8192 4624.128 4624.128 4631.042 313.03026834997394 313.4983114654266 313.4983114654266 19.56439177187337 19.59364446658916 19.59364446658916
 97312 8192 5083.084 5086.899 5087.852 313.3659957089947 313.42470294770936 313.65993715626183 19.58537473181217 19.589043934231835 19.603746072266365
 107040 8192 5587.101 5587.816 5591.869 313.6238277398845 313.85130791708247 313.8914725185745 19.601489233742782 19.615706744817654 19.618217032410907
 117728 8192 6135.941 6138.086 6142.855 313.9998505580874 314.24381346237243 314.35366669920717 19.624990659880464 19.640238341398277 19.647104168700448
 129472 8192 6745.815 6746.054 6757.021 313.93557131167717 314.44593357835555 314.4570742008193 19.620973206979823 19.652870848647222 19.653567137551207
 142400 4096 3722.906 3726.959 3732.92 312.50088402644576 313.0007064740986 313.34145960171975 19.53130525165286 19.562544154631162 19.583841225107484
 156640 4096 4105.091 4107.952 4110.098 312.20542186585334 312.3685184247527 312.58622037854946 19.512838866615834 19.523032401547045 19.53663877365934
 172288 4096 4539.967 4546.165 4550.934 310.13046904217896 310.45580087832275 310.8796376713751 19.383154315136185 19.40348755489517 19.429977354460945
 189504 4096 5017.042 5019.188 5029.917 308.63665702634853 309.29639774401755 309.42869682972554 19.289791064146783 19.331024859001097 19.339293551857846
 208448 4096 5558.014 5558.014 5565.882 306.7988175099652 307.2331260770484 307.2331260770484 19.174926094372825 19.202070379815524 19.202070379815524
 229280 4096 6124.02 6127.119 6135.941 306.10818454740684 306.5489278076695 306.70405387310944 19.131761534212927 19.159307987979343 19.16900336706934
 252192 4096 6750.822 6753.922 6757.975 305.70649699059254 305.8899501652521 306.0304158515807 19.106656061912034 19.118121885328257 19.126900990723794
 277408 2048 3713.846 3718.138 3722.906 305.20866441430434 305.6000524993962 305.95322692432586 19.07554152589402 19.100003281212263 19.122076682770366
 305120 2048 4086.971 4091.024 4099.131 304.8869431106251 305.49112398265083 305.79407585715677 19.05543394441407 19.093195248915677 19.112129741072298
 335616 2048 4502.058 4502.058 4506.826 305.02245615872454 305.3454966595277 305.3454966595277 19.063903509920284 19.084093541220483 19.084093541220483
 369152 2048 4945.993 4948.139 4950.047 305.46105764248296 305.57884327825064 305.7114298382549 19.091316102655185 19.098677704890665 19.10696436489093
 406048 2048 5445.957 5450.01 5450.964 305.11531685037727 305.1687259289433 305.3958391518699 19.06970730314858 19.073045370558955 19.08723994699187
 446624 2048 5988.121 5990.982 5992.889 305.2570978704928 305.3542647933177 305.5001567269599 19.0785686169058 19.084641549582358 19.093759795434995
 491264 2048 6588.221 6589.89 6594.896 305.1173731928449 305.34915514523004 305.4265095235877 19.069835824552808 19.084322196576878 19.08915684522423
 540384 1024 3622.055 3623.962 3630.877 304.8041649441719 305.38577170511167 305.54655630574354 19.050260309010742 19.08661073156948 19.09665976910897
 594400 1024 3983.974 3987.074 4029.036 302.1395688695758 305.31943976961554 305.55701417730137 18.883723054348486 19.08246498560097 19.097313386081336
 653824 1024 4380.941 4388.094 4396.2 304.58840635093947 305.1510637648145 305.6493004585088 19.036775396933717 19.071941485300908 19.1030812786568
 719200 1024 4824.162 4826.069 4837.036 304.50912500961334 305.20110673925296 305.3217532910379 19.031820313100834 19.07506917120331 19.08260958068987
 791104 1024 5303.86 5307.198 5324.125 304.3093451036556 305.27992209825226 305.47205092140445 19.019334068978473 19.079995131140766 19.092003182587778
 870208 1024 5831.957 5849.123 5855.083 304.3827020043952 304.6928546382082 305.5896989638298 19.0239188752747 19.043303414888012 19.099356185239362
 957216 1024 6422.997 6435.156 6448.984 303.98251383473735 304.63571792198974 305.21240598430916 18.998907114671084 19.03973237012436 19.075775374019322
 1052928 512 3526.926 3546.0 3555.059 303.28561973233076 304.0604263959391 305.70481830353117 18.955351233270672 19.003776649746193 19.106551143970698
 1158208 512 3893.137 3899.813 3982.067 297.83652359440464 304.11842619120455 304.63993227055715 18.61478272465029 19.007401636950284 19.039995766909822
 1274016 512 4286.051 4291.058 4318.953 302.0621859047783 304.02580995176476 304.3809754013659 18.878886619048643 19.001613121985297 19.02381096258537
 1401408 512 4698.992 4740.0 4760.981 301.4172482519884 302.7514329113924 305.3935380183665 18.838578015749274 18.921964556962024 19.087096126147905
 1541536 512 5234.003 5237.103 5264.997 299.8164792876425 301.4133699489966 301.59189133059346 18.738529955477656 18.838335621812288 18.84949320816209
 1695680 512 5784.035 5790.949 5803.108 299.21488967635963 299.8431379727226 300.2015582547478 18.700930604772477 18.740196123295163 18.762597390921737
 1865248 512 6350.04 6355.047 6361.008 300.2690693047391 300.55072008122045 300.78770401446286 18.766816831546194 18.784420005076278 18.79923150090393
 2051744 512 6947.041 7007.837 7019.043 299.32654009955485 299.8051832541196 302.42888389459625 18.707908756222178 18.737823953382474 18.901805243412266
 2256896 256 3844.023 3854.036 3865.957 298.8990182767165 299.8235491313522 300.6045364452814 18.68118864229478 18.738971820709512 18.787783527830086
 2482560 256 4230.022 4244.089 4251.003 299.00489837339563 299.49200405552284 300.48796909330497 18.687806148337227 18.718250253470178 18.78049806833156
 2730816 256 4650.116 4652.023 4678.965 298.822024101484 300.5526395720743 300.67589539701805 18.67637650634275 18.784539973254645 18.79224346231363
 3003872 256 5105.019 5127.907 5133.867 299.57582929203267 299.92401656270283 301.2687051703431 18.72348933075204 18.745251035168927 18.829294073146443
 3304256 256 5619.049 5651.951 5680.084 297.8440234334563 299.32656387148444 301.07925237882785 18.61525146459102 18.707910241967777 18.81745327367674
 3634656 256 6191.015 6207.943 6210.089 299.6646057729607 299.76819568092037 300.5878473885138 18.729037860810045 18.735512230057523 18.786740461782113
 3998112 256 6803.036 6821.871 6834.984 299.49350927522283 300.06919567960165 300.89997230648197 18.718344329701427 18.754324729975103 18.806248269155123
 4397920 128 3749.847 3751.993 3752.947 299.99558213851674 300.0718604752194 300.2435886050817 18.749723883657296 18.754491279701213 18.765224287817606
 4837696 128 4114.866 4117.012 4125.118 300.2217575351783 300.812865252761 300.96974628092386 18.763859845948645 18.800804078297563 18.81060914255774
 5321440 128 4528.999 4538.059 4544.02 299.79811708575227 300.1919190561427 300.79243559117594 18.737382317859517 18.76199494100892 18.799527224448497
 5853568 128 4982.948 4992.962 5001.068 299.638678778213 300.1251377438883 300.7282853443383 18.72741742363831 18.757821108993017 18.795517834021144
 6438912 128 5481.958 5492.926 5514.86 298.89452715028125 300.088053616597 300.6884532862164 18.680907946892578 18.755503351037312 18.793028330388523
 7082784 128 6019.831 6032.944 6052.971 299.5541700100661 300.54857197414725 301.20325703495666 18.722135625629132 18.784285748384203 18.82520356468479
 7791040 128 6623.983 6640.911 6644.964 300.1530542528146 300.33624001285364 301.1037679293561 18.759565890800914 18.771015000803352 18.818985495584755
 8570144 64 3637.075 3719.091 3756.046 292.05670857066184 294.95874986656685 301.61006633077403 18.253544285666365 18.434921866660428 18.850629145673377
 9427136 64 4010.916 4016.876 4017.115 300.383087862807 300.40096034829054 300.84733961020373 18.773942991425436 18.77506002176816 18.802958725637733
 10369824 64 4402.161 4413.843 4432.917 299.4275489480177 300.72149643745826 301.5195200720737 18.714221809251107 18.79509352734114 18.844970004504606
 11406784 64 4837.036 4849.911 4863.977 300.1799457522106 301.05054546361777 301.8518679621156 18.76124660951316 18.81565909147611 18.865741747632224
 12547456 64 5322.933 5338.907 5342.007 300.64999315800225 300.8245635295764 301.72733115370795 18.79062457237514 18.801535220598524 18.857958197106747
 13802176 64 5865.097 5880.833 5885.124 300.1939344013822 300.4129734682145 301.21897864604796 18.762120900086387 18.775810841763406 18.826186165377997
 15182368 64 6443.024 6454.945 6458.044 300.9182198201189 301.0626897673024 301.61972142273567 18.80738873875743 18.8164181104564 18.85123258892098
 16700576 64 7086.039 7094.145 7106.066 300.8237930804471 301.3292973289945 301.67399981851645 18.801487067527944 18.833081083062158 18.854624988657278
 18370624 32 3947.973 3966.093 3986.12 294.9534725497476 296.4428559794236 297.80343887863467 18.434592034359223 18.527678498713975 18.612714929914667
 20207680 32 4317.999 4429.102 4448.891 290.6997541634533 291.9985857178272 299.5117692245876 18.16873463521583 18.2499116073642 18.719485576536727
 22228448 32 4752.159 4754.066 4756.927 299.06296060460886 299.24293688812907 299.3630204713269 18.691435037788054 18.702683555508067 18.71018877945793
 24451264 32 5213.976 5246.878 5631.208 277.89435162046937 298.2499108993958 300.13197145518126 17.368396976279335 18.640619431212237 18.75824821594883
 26896384 32 5769.968 6084.919 6309.032 272.8419472274035 282.8909597646246 298.33243026651104 17.05262170171272 17.680684985289037 18.64577689165694
 29586016 32 6385.088 6799.936 6908.894 274.067748615046 278.4592419693362 296.55112411919777 17.129234288440376 17.40370262308351 18.53444525744986
 32544608 32 7019.043 7073.879 7095.814 293.53290714779166 294.4431070986654 296.7434324023945 18.34580669673698 18.402694193666587 18.546464525149656
 35799040 16 4533.052 4997.015 5607.843 204.2798416432129 229.25071867905135 252.71478906485078 12.767490102700807 14.32816991744071 15.794674316553174
 39378944 16 4281.044 4548.073 5463.123 230.66041310071182 277.0681578769734 294.3502117707737 14.416275818794489 17.316759867310836 18.396888235673355
 43316832 16 4853.964 7171.154 7710.934 179.76274002604612 193.29366291673554 285.5683775157789 11.235171251627882 12.080853932295971 17.84802359473618
 47648512 16 5042.076 5316.973 7798.91 195.50839591686528 286.77075922710156 302.4056725840705 12.21927474480408 17.923172451693848 18.900354536504405
 52413344 16 5557.775 6138.086 8606.911 194.8697980030234 273.24918679862094 301.78030021006606 12.179362375188962 17.07807417491381 18.86126876312913
 57654656 16 6253.004 6587.982 8695.126 212.181973211199 280.04766740407 295.05002587556316 13.261373325699937 17.502979212754376 18.440626617222698
 63420096 16 6798.983 7210.97 7661.104 264.90216971339896 281.4382908263382 298.49215272342934 16.556385607087435 17.589893176646136 18.655759545214334
 69762080 8 4214.048 4812.956 6770.849 164.85277990987544 231.91429134195286 264.87436308271765 10.303298744367215 14.494643208872054 16.554647692669853
 76738272 8 5220.89 5221.128 5297.899 231.75457893780157 235.1622775767995 235.1729977072874 14.484661183612598 14.69764234854997 14.698312356705463
 84412096 8 4822.016 5285.025 5939.007 227.41066578975241 255.55102123452588 280.08897855170954 14.213166611859526 15.971938827157867 17.505561159481847
 92853280 8 5386.114 5401.85 5438.089 273.1938517372555 275.0266075511167 275.8301216795634 17.07461573357847 17.189162971944793 17.23938260497271
 102138592 8 5388.975 5506.992 5614.996 291.0451711808878 296.75319521074294 303.2520046947703 18.190323198805487 18.547074700671434 18.953250293423142
 112352448 8 5980.968 6008.148 6236.076 288.264474005769 299.2002141092396 300.55990401553726 18.016529625360562 18.700013381827475 18.78499400097108
 123587680 8 6916.046 7112.98 7241.964 273.0478748582567 277.99921833043254 285.91522959795236 17.065492178641044 17.374951145652034 17.869701849872023
 135946432 4 5304.813 5513.906 5805.016 187.35029429720782 197.24156632340126 205.0159837867989 11.709393393575489 12.327597895212579 12.813498986674931
 149541056 4 6767.035 6813.049 7669.926 155.97653067317728 175.593694981498 176.78768441422278 9.74853316707358 10.974605936343625 11.049230275888924
 164495136 4 7776.976 8107.185 8644.104 152.23799806203164 162.32034769158466 169.2124404138575 9.514874878876977 10.145021730724041 10.575777525866094
 180944640 4 9050.131 9150.982 9556.055 151.480618309543 158.18598703395983 159.94874770321005 9.467538644346437 9.88662418962249 9.996796731450628
 199039104 4 10088.921 10344.982 10601.997 150.18989648836913 153.92127622841682 157.8278620677077 9.38686853052307 9.620079764276051 9.864241379231732
 218943008 4 11596.918 11613.131 12412.786 141.10805293831697 150.8244472571609 151.03530644952392 8.81925330864481 9.426527953572556 9.439706653095245
 240837280 4 13015.985 13031.96 13937.95 138.23397558464478 147.84408791923855 148.02554243877816 8.639623474040299 9.24025549495241 9.251596402423635
 264920992 4 14508.963 14542.103 15432.119 137.33486217932872 145.74012685785544 146.0730126612081 8.583428886208045 9.108757928615965 9.129563291325507
 291413088 2 8252.859 8252.859 8887.053 131.16297967391438 141.2422473230186 141.2422473230186 8.197686229619649 8.827640457688663 8.827640457688663
 320554368 2 9155.989 9189.129 9576.797 133.88792432375877 139.5363447395286 140.04139498201667 8.367995270234923 8.721021546220538 8.752587186376042
 352609792 2 10174.036 10210.991 10915.995 129.2084842471987 138.12950848747198 138.6312342515792 8.075530265449919 8.633094280466999 8.6644521407237
 387870752 2 11307.001 11345.148 12341.022 125.71754656948184 136.75299855056983 137.21436904445306 7.857346660592615 8.547062409410614 8.575898065278317
 426657824 2 12542.009 12567.997 13390.779 127.44824599076723 135.79182872179237 136.07319975611563 7.965515374422952 8.486989295112023 8.504574984757227
 469323584 2 13916.969 13988.972 14897.108 126.01736766626112 134.19816238105273 134.89247091087148 7.87608547914132 8.387385148815795 8.430779431929468
 516255936 2 15414.953 15499.83 16237.974 127.17249972194807 133.2287995416724 133.9623769206432 7.9482812326217545 8.326799971354525 8.3726485575402
 567881504 1 8621.931 8702.04 9219.17 123.19579832023925 130.51686822859926 131.7295404011004 7.699737395014953 8.157304264287454 8.233096275068775
 624669632 1 9520.054 9580.851 10113.955 123.52628264610631 130.39961314501184 131.23237158108557 7.720392665381644 8.14997582156324 8.202023223817848
 687136576 1 10540.962 10596.991 11027.098 124.62691018072024 129.68522404142837 130.37454759821733 7.789181886295015 8.105326502589273 8.148409224888583
 755850208 1 11658.907 11730.909 12351.036 122.39462471002433 128.86472957892693 129.6605604624859 7.649664044376521 8.054045598682933 8.103785028905369
 831435200 1 12809.038 12976.885 13609.171 122.18748665881266 128.14095216224848 129.82008484946334 7.636717916175791 8.00880951014053 8.113755303091459
 914578720 1 14195.204 14299.154 15026.093 121.7320723357695 127.92067558682143 128.8574253670465 7.608254520985594 7.9950422241763395 8.053589085440406
 1006036576 1 15653.133 15789.986 16731.024 120.26001229811159 127.42716503991832 128.54124167986052 7.516250768631974 7.964197814994895 8.033827604991282
 
META_DATA
 FLOPS          1
 MPI_PROCS      2
 OPENMP_THREADS 2
 ERT_VERSION  1.1.0
 HOSTNAME  ('c3cpu-a7-u1-3.rc.int.colorado.edu', [], ['10.225.64.156'])
 UNAME  uname_result(system='Linux', node='c3cpu-a7-u1-3.rc.int.colorado.edu', release='4.18.0-305.34.2.el8_4.x86_64', version='#1 SMP Mon Jan 17 09:42:23 EST 2022', machine='x86_64', processor='x86_64')
 TIMESTAMP_DATA  1728533022.2318063
 CONFIG  {'nux': ['workstation,', 'MPI', 'and', 'OpenMP', '(8-core', 'Intel', 'Xeon', 'CPU', 'E5530,', '2.40', 'GHz)'], 'ERT_RESULTS': ['Results.alpine'], 'ERT_DRIVER': ['driver1'], 'ERT_KERNEL': ['kernel1'], 'ERT_MPI': ['True'], 'ERT_MPI_CFLAGS': ['-I/usr/include/mpi'], 'ERT_MPI_LDFLAGS': ['-lmpi'], 'ERT_OPENMP': ['True'], 'ERT_OPENMP_CFLAGS': ['-qopenmp'], 'ERT_OPENMP_LDFLAGS': ['-qopenmp'], 'ERT_FLOPS': ['1,2,4,8,16'], 'ERT_ALIGN': ['32'], 'ERT_CC': ['icpc'], 'ERT_CFLAGS': ['-O3', '-fno-alias', '-fno-fnalias', '-DERT_INTEL'], 'ERT_LD': ['icpc'], 'ERT_LDFLAGS': [], 'ERT_LDLIBS': [], 'ERT_PRECISION': ['FP64'], 'ERT_RUN': ['export', 'OMP_NUM_THREADS=ERT_OPENMP_THREADS;', 'mpirun', '-np', 'ERT_MPI_PROCS', 'ERT_CODE'], 'ERT_PROCS_THREADS': ['1-8'], 'ERT_MPI_PROCS': ['1,2,4,8'], 'ERT_OPENMP_THREADS': ['1,2,4,8'], 'ERT_NUM_EXPERIMENTS': ['3'], 'ERT_MEMORY_MAX': ['1073741824'], 'ERT_WORKING_SET_MIN': ['1'], 'ERT_TRIALS_MIN': ['1'], 'ERT_GNUPLOT': ['gnuplot'], 'ERT_GPU': [False], 'ERT_HIP': [False], 'ERT_OCL': [False], 'ERT_SYCL': [False], 'ERT_WSS_MULT': [1.1]}
 TIMESTAMP_DATA  1728533028.578577
 TIMESTAMP_DATA  1728533034.96246
 