fp64
 64 16777216 65327.883 65331.936 65340.042 32.866272843840534 32.8703506964802 32.872390002290444 4.108284105480067 4.108793837060025 4.109048750286306
 128 8388608 35361.052 35367.012 35371.065 60.713005050879865 60.71996265898855 60.730196827854556 7.589125631359983 7.589995332373569 7.5912746034818195
 192 4194304 17691.851 17697.096 17699.957 90.9952908925146 91.01000164094718 91.03698284594417 11.374411361564325 11.376250205118398 11.37962285574302
 256 4194304 17824.888 17825.127 17839.193 120.38008939081494 120.4750826179247 120.47669797420326 15.047511173851868 15.059385327240587 15.059587246775408
 320 2097152 8962.87 8970.022 8973.837 149.56559607668382 149.6292071524462 149.7486050785072 18.695699509585477 18.703650894055777 18.7185756348134
 384 2097152 8875.132 8892.059 8894.205 181.0856322740481 181.1293352866867 181.47479226224468 22.635704034256012 22.64116691083584 22.684349032780585
 448 2097152 8857.012 8860.111 8866.072 211.93694253780026 212.07953173498615 212.15373672294896 26.492117817225033 26.50994146687327 26.51921709036862
 512 2097152 8839.13 8844.137 8846.045 242.76200810644758 242.81438064561868 242.95192490663678 30.345251013305948 30.351797580702335 30.368990613329597
 576 1048576 4426.003 4426.003 4428.148 272.79114248213926 272.92334686623576 272.92334686623576 34.09889281026741 34.11541835827947 34.11541835827947
 640 1048576 4432.917 4434.109 4438.877 302.368657658232 302.6937948525848 302.775188436869 37.796082207279 37.8367243565731 37.84689855460862
 704 1048576 4428.148 4432.201 4432.917 333.0527072805558 333.1065102868755 333.41139636705907 41.631588410069476 41.63831378585944 41.676424545882384
 768 1048576 4446.983 4460.096 4472.017 360.1535360889728 361.11615893469565 362.1809968691133 45.0191920111216 45.139519866836956 45.27262460863916
 832 1048576 4432.917 4436.97 4439.831 392.99479281981684 393.24819955960936 393.60774496792965 49.124349102477105 49.15602494495117 49.200968120991206
 896 1048576 4479.885 4483.938 4492.044 418.30582959561394 419.06203698623847 419.441166904954 52.28822869945174 52.38275462327981 52.43014586311925
 960 1048576 4539.013 4599.094 4606.009 437.09552456367317 437.75272260145147 443.5470706957658 54.636940570459146 54.71909032518143 55.443383836970725
 1024 1048576 4516.125 4517.078 4524.946 474.5876852453046 475.41433820713297 475.5146609095187 59.32346065566308 59.42679227589162 59.439332613689835
 1088 524288 2383.947 2383.947 2385.855 478.17268358722555 478.55539070289734 478.55539070289734 59.771585448403194 59.81942383786217 59.81942383786217
 1152 524288 2362.013 2367.02 2393.007 504.7873040070505 510.3292545056653 511.4110515056437 63.098413000881315 63.79115681320816 63.92638143820546
 1216 524288 2480.03 2501.011 2501.965 509.626799735408 509.82119470885976 514.1342709563997 63.703349966926 63.72764933860747 64.26678386954997
 1280 524288 2576.113 2583.981 2621.889 511.91231970537274 519.4222712937905 521.0086979880153 63.98903996317159 64.92778391172381 65.12608724850192
 1408 524288 2773.046 2774.954 2848.148 518.3701858189953 532.0430565695864 532.4091298882167 64.79627322737441 66.5053820711983 66.55114123602709
 1536 524288 2892.971 2893.925 2894.878 556.3663601713095 556.549577476956 556.7331079364433 69.54579502141368 69.5686971846195 69.59163849205541
 1664 524288 3062.01 3063.917 3065.109 569.2556003717976 569.4770661215692 569.8317327507094 71.1569500464747 71.18463326519615 71.22896659383868
 1792 524288 3230.095 3234.148 3237.009 580.4890230456573 581.0025366804488 581.7315565022082 72.56112788070716 72.6253170850561 72.71644456277602
 1920 524288 3401.995 3403.902 3405.094 591.2512018757778 591.4582499731191 591.7897939297383 73.90640023447223 73.93228124663989 73.97372424121728
 2112 262144 1870.871 1871.824 1873.016 591.1835542248436 591.5600270110865 591.8613608313988 73.89794427810546 73.94500337638581 73.98267010392485
 2304 262144 1962.9 1969.099 1971.006 612.8644722542701 613.4580089675533 615.3953599266391 76.60805903178377 76.68225112094416 76.92441999082989
 2496 262144 2127.171 2128.839 2131.939 613.8181477049766 614.7119852652079 615.1940055594966 76.72726846312207 76.83899815815099 76.89925069493708
 2688 262144 2296.925 2297.163 2297.163 613.4898324585587 613.4898324585587 613.5534003069321 76.68622905731984 76.68622905731984 76.69417503836651
 2944 262144 2470.016 2470.016 2471.209 624.5946304015565 624.896305125149 624.896305125149 78.07432880019456 78.11203814064362 78.11203814064362
 3200 262144 2722.979 2723.932 2818.823 595.1851535197492 615.9190464372826 616.1346084564001 74.39814418996865 76.98988080466033 77.01682605705001
 3520 262144 2893.925 2894.163 2896.07 637.2407296784953 637.6606155216551 637.7130575256788 79.65509120981191 79.70757694020689 79.71413219070985
 3840 262144 3149.986 3151.178 3152.132 638.6997498835708 638.8931123535389 639.134878694699 79.83746873544635 79.86163904419236 79.89185983683737
 4224 131072 1979.113 1981.02 2186.775 506.36039647425997 558.9525880606959 559.4911740764675 63.295049559282496 69.86907350758699 69.93639675955843
 4608 131072 2153.158 2176.046 2339.125 516.4151347191792 555.1167355837148 561.0176085545046 64.5518918398974 69.38959194796435 70.12720106931307
 5056 131072 2284.05 2395.868 2465.01 537.6854714585337 553.2024568966237 580.2850480506119 67.21068393231671 69.15030711207797 72.53563100632648
 5504 131072 2316.952 2319.098 2321.005 621.6447513038532 622.155931314675 622.7321826261399 77.70559391298166 77.76949141433437 77.84152282826749
 6016 131072 2489.805 2490.044 2490.044 633.3455569459817 633.3455569459817 633.4063527063364 79.16819461824771 79.16819461824771 79.17579408829205
 6592 131072 2764.94 2766.132 2766.132 624.7182882089502 624.7182882089502 624.9876120277474 78.08978602611877 78.08978602611877 78.12345150346843
 7232 131072 3062.963 3064.156 3064.871 618.5661347573846 618.7104729654758 618.951455828882 77.32076684467307 77.33880912068447 77.36893197861025
 7936 131072 3318.071 3323.078 3326.178 625.4550369823864 626.0385052652991 626.9832031924573 78.1818796227983 78.25481315816239 78.37290039905716
 8704 65536 1831.055 1865.149 1886.845 604.6340255823875 611.6673188040205 623.0564827380936 75.57925319779844 76.45841485050256 77.8820603422617
 9536 65536 2015.829 2077.103 2079.964 600.9251083191824 601.7528220795984 620.0439580936677 75.1156385398978 75.2191027599498 77.50549476170846
 10432 65536 2212.048 2249.956 2251.148 607.3981381943789 607.7199305230857 618.1344636282757 75.92476727429737 75.96499131538572 77.26680795353447
 11456 65536 2424.955 2429.008 2431.154 617.6329562010469 618.1786276537583 619.2118336216548 77.20411952513086 77.27232845671979 77.40147920270685
 12544 65536 2668.858 3545.046 3778.934 435.0875585548729 463.7929008537549 616.0564436174574 54.38594481935911 57.97411260671936 77.00705545218217
 13760 65536 2904.892 2905.13 2917.051 618.2787753796557 620.8158395665598 620.8667034781329 77.28484692245696 77.60197994581998 77.60833793476661
 15104 65536 3180.981 4269.123 4348.04 455.31124092694637 463.72791039283715 622.3587905743542 56.913905115868296 57.96598879910464 77.79484882179428
 16576 32768 1758.814 1763.105 1763.105 616.142961423171 616.142961423171 617.6461729324419 77.01787017789637 77.01787017789637 77.20577161655524
 18176 32768 1920.938 2509.117 2524.137 471.91667330259804 474.7416465633128 620.1045197710702 58.989584162824755 59.3427058204141 77.51306497138377
 19968 32768 2118.826 2684.116 2690.077 486.4629703908103 487.5433282317158 617.6169482534197 60.80787129885129 60.942916028964476 77.20211853167746
 21952 32768 2323.866 2324.104 2325.058 618.7571544451794 619.0111423585175 619.0745387212515 77.34464430564742 77.37639279481469 77.38431734015644
 24128 32768 2552.986 2553.94 2556.086 618.6226159839692 619.1424262120488 619.3737874003227 77.32782699799616 77.3928032765061 77.42172342504034
 26496 32768 2804.995 3365.04 3399.849 510.7408758447801 516.0241352257328 619.0534585623147 63.84260948059751 64.5030169032166 77.38168232028934
 29120 32768 3088.951 3089.905 3090.858 617.4364270374116 617.6268590781917 617.8176086315386 77.17955337967645 77.20335738477397 77.22720107894233
 32000 32768 3407.955 3973.007 4017.115 522.0542603335977 527.8500641957087 615.3696278266585 65.2567825416997 65.98125802446359 76.92120347833232
 35200 16384 1869.917 2145.052 2168.179 531.9826453443189 537.7182464574286 616.8367900821266 66.49783066803987 67.21478080717857 77.10459876026583
 38720 16384 2052.069 2053.022 2104.998 602.7449717291894 618.004561081177 618.2915681685167 75.34312146614867 77.25057013514713 77.28644602106459
 42560 16384 2257.109 2262.115 2279.043 611.9261812962721 616.5053854468053 617.8727212553758 76.49077266203402 77.06317318085067 77.23409015692198
 46784 16384 2484.083 2485.037 2488.136 616.1311568177945 616.8995117577726 617.1364290162606 77.01639460222431 77.11243896972158 77.14205362703258
 51456 16384 2737.999 3015.995 3026.009 557.2059461819182 559.0560355703508 615.8184162959885 69.65074327273977 69.88200444629385 76.97730203699857
 56576 16384 3012.18 3298.998 3300.905 561.6285133925393 561.9531651731829 615.4620135582868 70.20356417406741 70.24414564664787 76.93275169478585
 62208 16384 3309.011 3593.922 3596.067 566.850323978947 567.1886434930975 616.024468942533 70.85629049736838 70.89858043663719 77.00305861781662
 68416 8192 1817.942 1957.893 1960.993 571.612312741555 572.5173663729325 616.5915876304085 71.45153909269438 71.56467079661657 77.07394845380107
 75200 8192 1999.855 2000.093 2005.816 614.2521547340334 616.009755546367 616.0830660222866 76.78151934175418 77.00121944329588 77.01038325278583
 82688 8192 2197.027 2341.986 2345.085 577.7019562190709 578.4663921987578 616.6333832037568 72.21274452738386 72.30829902484473 77.0791729004696
 90944 8192 2418.995 2562.046 2563.953 581.1442315830283 581.5767929225316 615.9692335039965 72.64302894787853 72.69709911531645 76.99615418799957
 100032 8192 2656.937 2657.89 2662.182 615.6319470269125 616.6260785811301 616.8472523059447 76.95399337836406 77.07825982264126 77.10590653824309
 110016 8192 2923.965 2924.919 2926.111 616.0060722235075 616.2571148124102 616.4581805869769 77.00075902793844 77.03213935155128 77.05727257337212
 120960 8192 3217.936 3365.04 3365.04 588.9405891163254 588.9405891163254 615.8632862803983 73.61757363954068 73.61757363954068 76.98291078504978
 133056 4096 1785.04 1785.994 1790.047 608.9196272500106 610.3014634987576 610.6276341146418 76.11495340625133 76.2876829373447 76.32845426433022
 146304 4096 1960.993 2032.995 2033.949 589.2588103241526 589.5353249762051 611.1813596478927 73.65735129051907 73.69191562202563 76.39766995598659
 160896 4096 2152.92 2153.873 2155.066 611.6100537060119 611.9488159236872 612.2196978986678 76.45125671325148 76.4936019904609 76.52746223733348
 176960 4096 2370.834 2424.955 2426.147 597.5138027497921 597.8075139538672 611.45416338723 74.68922534372402 74.7259392442334 76.43177042340375
 194624 4096 2605.915 2607.107 2644.062 602.9963775433406 611.5436796418406 611.8234125057802 75.37454719291757 76.44295995523008 76.47792656322252
 214080 4096 2866.983 2866.983 2872.944 610.4342305314688 611.7034387716983 611.7034387716983 76.3042788164336 76.46292984646229 76.46292984646229
 235456 4096 3144.979 3144.979 3147.125 612.8944836954363 613.3126968415369 613.3126968415369 76.61181046192954 76.66408710519211 76.66408710519211
 258944 4096 3458.977 3532.171 3534.079 600.2325494138641 600.5567816507186 613.26491850047 75.02906867673302 75.06959770633982 76.65811481255875
 284800 2048 1905.918 1914.024 1919.985 607.5780800370836 609.470309672188 612.0624287088951 75.94726000463545 76.1837887090235 76.50780358861189
 313280 2048 2105.951 2118.826 2121.925 604.7314961650387 605.6159779047454 609.318488416872 75.59143702062984 75.70199723809317 76.164811052109
 344576 2048 2325.058 2328.873 2377.987 593.5201899758072 606.0370385160547 607.0314357749354 74.1900237469759 75.75462981450684 75.87892947186693
 379008 2048 2553.94 2558.231 2655.983 584.4980061995878 606.8321304839164 607.851698943593 73.06225077494848 75.85401631048956 75.98146236794912
 416896 2048 2810.001 2810.955 2930.164 582.7680689545022 607.4825160843912 607.6887574061361 72.84600861931277 75.9353145105489 75.96109467576701
 458560 2048 3095.15 3096.104 3214.121 584.3780492395899 606.6533165552579 606.8403017624348 73.04725615494874 75.83166456940724 75.85503772030435
 504384 2048 3401.995 3413.916 3530.979 585.094633527982 605.1574977240213 607.2780424427431 73.13682919099774 75.64468721550266 75.90975530534288
 554816 1024 1870.871 1873.016 1936.913 586.6361411173347 606.6489383966821 607.3444764497391 73.32951763966683 75.83111729958526 75.91805955621739
 610240 1024 2056.122 2059.937 2169.132 576.1620408532075 606.7037584159127 607.8294575905516 72.02025510665094 75.83796980198909 75.97868219881894
 671232 1024 2263.069 2264.023 2359.867 582.5256830151868 607.1860294705486 607.441989616755 72.81571037689835 75.89825368381858 75.93024870209437
 738304 1024 2484.083 2490.044 2578.02 586.5146864648063 607.2368970186873 608.6940702061887 73.3143358081008 75.90461212733591 76.08675877577359
 812096 1024 2737.045 2739.906 2832.174 587.2423827067123 607.0181268992441 607.6526355978801 73.40529783833904 75.87726586240551 75.95657944973502
 893248 1024 3010.035 3010.035 3084.898 593.0088787376438 607.7576852096405 607.7576852096405 74.12610984220548 75.96971065120506 75.96971065120506
 982528 1024 3307.819 3308.058 3399.134 591.9794112265066 608.2775283867454 608.3214782912851 73.99742640331333 76.03469104834318 76.04018478641063
 1080768 512 1822.948 1822.948 1863.003 594.0443638577071 607.0970932796766 607.0970932796766 74.25554548221339 75.88713665995958 75.88713665995958
 1188800 512 1997.948 2000.093 2039.909 596.7576004615893 608.637298365626 609.2907322913309 74.59470005769866 76.07966229570324 76.16134153641636
 1307648 512 2201.08 2204.18 2238.035 598.3067968105951 607.4964621764103 608.3520598978683 74.78834960132438 75.93705777205129 76.04400748723354
 1438400 512 2424.002 2434.969 2445.936 602.1913901263157 604.9036353234887 607.6404227389252 75.27392376578946 75.61295441543609 75.95505284236565
 1582208 512 2683.878 2707.005 2717.972 596.0992210368613 598.5142221754301 603.6716244180994 74.51240262960766 74.81427777192876 75.45895305226243
 1740416 512 2948.999 2974.033 2988.815 596.2851444468795 599.2488933377673 604.3359065228575 74.53564305585994 74.90611166722091 75.54198831535719
 1914432 512 3240.824 3271.103 3293.991 595.1377426349981 599.3019382147245 604.9012127779848 74.39221782937476 74.91274227684056 75.6126515972481
 2105856 256 1780.033 1793.146 1808.167 596.2935237729702 601.2886134202123 605.7181366862301 74.53669047162127 75.16107667752654 75.71476708577876
 2316416 256 1953.125 1966.0 1989.126 596.2442761293152 603.2578799593083 607.234555904 74.5305345161644 75.40723499491354 75.904319488
 2548032 256 2152.92 2158.88 2180.099 598.4096979082143 604.2912917809234 605.9641714508667 74.80121223852679 75.53641147261543 75.74552143135834
 2802816 256 2365.112 2377.987 2389.908 600.4590101376288 603.4691493267204 606.7542644914913 75.0573762672036 75.43364366584005 75.84428306143641
 3083072 256 2604.961 2626.181 2629.042 600.421318487875 601.0754262558445 605.9717838386065 75.05266481098438 75.13442828198056 75.74647297982581
 3391360 256 2873.898 2892.971 2898.932 598.9710417491683 600.2052284658229 604.18856897496 74.87138021864604 75.02565355822786 75.52357112187
 3730496 256 3170.967 3179.073 3194.094 597.9830123972556 600.8084595729636 602.3443170490262 74.74787654965695 75.10105744662044 75.29303963112828
 4103488 256 3499.985 3501.892 3504.038 599.5899176892488 599.9573533392805 600.2842457896247 74.9487397111561 74.99466916741007 75.03553072370309
 4513792 128 1927.853 1933.098 1934.052 597.4662273816837 597.7610819523893 599.3873765271522 74.68327842271046 74.72013524404866 74.92342206589403
 4965120 128 2117.157 2125.978 2130.985 596.4709840754392 597.875763530949 600.3667748778196 74.5588730094299 74.73447044136863 75.04584685972745
 5461632 128 2338.886 2341.986 2343.893 596.5194622792081 597.0051879046246 597.7964689172537 74.56493278490102 74.62564848807807 74.72455861465671
 6007744 128 2563.0 2564.907 2569.914 598.4567826005072 599.6250405960138 600.071191572376 74.8070978250634 74.95313007450173 75.008898946547
 6608512 128 2814.054 2821.922 2830.029 597.795666404832 599.5130524514852 601.1892707105122 74.724458300604 74.93913155643565 75.14865883881403
 7269312 128 3093.004 3096.104 3101.826 599.9510842967981 601.0598713738299 601.66229076975 74.99388553709976 75.13248392172873 75.20778634621875
 7996224 128 3398.18 3398.895 3441.811 594.7547218600904 602.2643665073501 602.391086993626 74.3443402325113 75.28304581341877 75.29888587420325
 8795840 64 1868.963 1873.016 1873.97 600.7927127968964 601.0987199255104 602.4022519439924 75.09908909961204 75.1373399906888 75.30028149299905
 9675392 64 2053.976 2055.883 2060.89 600.9297808228484 602.3933151837922 602.9526031462879 75.11622260285606 75.29916439797402 75.36907539328598
 10642880 64 2259.016 2260.923 2263.069 601.9651367236262 602.5365038968599 603.0451488612741 75.24564209045327 75.31706298710749 75.38064360765927
 11707136 64 2485.991 2487.183 2494.097 600.8240288970316 602.4942306215505 602.7831186838569 75.10300361212894 75.31177882769381 75.3478898354821
 12877824 64 2733.946 2735.138 2740.145 601.5599437256058 602.6611717580612 602.9239319284287 75.19499296570072 75.33264646975765 75.36549149105359
 14165568 64 3005.028 3008.127 3020.048 600.3853925500523 602.7646784859816 603.3862925736466 75.04817406875654 75.3455848107477 75.42328657170583
 15582080 64 3307.104 3309.011 3324.986 599.8540264530437 602.7499576157347 603.0975258111024 74.98175330663047 75.34374470196684 75.3871907263878
 17140288 32 1826.048 1832.008 1836.777 597.2300567788034 598.784738931271 600.7390999579419 74.65375709735042 74.84809236640888 75.09238749474274
 18854272 32 2015.114 2015.829 2022.028 596.7639458998589 598.5990914903992 598.8114856032958 74.59549323748236 74.8248864362999 74.85143570041197
 20739648 32 2214.909 2219.915 2228.975 595.4923101425544 597.9226555971738 599.2740433128404 74.4365387678193 74.74033194964673 74.90925541410505
 22813568 32 2422.094 2440.929 2447.128 596.6456809778646 598.1609264341567 602.8124226392534 74.58071012223307 74.7701158042696 75.35155282990668
 25094912 32 2670.05 2681.017 2791.882 575.265848628273 599.0541529576277 601.5147162038164 71.90823107853413 74.88176911970346 75.18933952547705
 27604352 32 2939.939 2944.946 2971.172 594.6066158404831 599.9018413240854 600.9235320868902 74.32582698006038 74.98773016551067 75.11544151086127
 30364736 32 3235.102 3240.824 3257.99 596.485288168472 599.6447520753981 600.705357667239 74.560661021059 74.95559400942476 75.08816970840488
 33401152 32 3560.066 3564.119 3576.04 597.7767944430152 599.7761937802862 600.4590162092502 74.7220993053769 74.97202422253578 75.05737702615627
 36741248 16 2095.938 2107.859 2132.177 551.4176055740212 557.7792138847997 560.9516770057128 68.92720069675265 69.72240173559996 70.1189596257141
 40415360 16 2315.998 2319.098 2326.012 556.012402343582 557.6700596525028 558.4165098588168 69.50155029294775 69.70875745656285 69.8020637323521
 44456896 16 2555.132 2574.921 2618.79 543.2358730558769 552.4909975878873 556.7699328253883 67.90448413198462 69.0613746984859 69.59624160317354
 48902528 16 2825.022 2844.095 2857.208 547.6958261351641 550.2210355139333 553.9358263404674 68.46197826689551 68.77762943924166 69.24197829255843
 53792768 16 3114.939 3116.846 3134.012 549.253983711613 552.2789948556971 552.6171061455778 68.65674796395163 69.03487435696213 69.07713826819723
 59172032 16 3469.944 3473.997 3620.863 522.9430177280941 545.0508517998145 545.6874877519638 65.36787721601176 68.13135647497681 68.21093596899547
 65089216 16 3835.917 3894.091 4014.015 518.8956473755081 534.8757674127288 542.987481741654 64.86195592193852 66.8594709265911 67.87343521770676
 71598080 8 2512.932 2799.988 2953.053 387.92709782045904 409.1336391441678 455.8695897859552 48.49088722755738 51.14170489302097 56.9836987232444
 78757888 8 2873.898 3005.028 3010.988 418.5092096016324 419.3392567390387 438.47283654465116 52.31365120020405 52.41740709237984 54.809104568081395
 86633664 8 3145.933 3289.938 3464.937 400.04728051332535 421.32667059379236 440.6128878142033 50.00591006416567 52.665833824224045 55.07661097677541
 95297024 8 3986.12 4384.995 4471.064 341.0267408384223 347.7204384497588 382.5154245230951 42.62834260480279 43.46505480621985 47.814428065386885
 104826688 8 4258.156 4588.127 4727.84 354.7554502690446 365.55810421115194 393.88575899990514 44.34443128363058 45.69476302639399 49.23571987498814
 115309312 8 4606.009 4995.823 5062.103 364.4629498846625 369.298310208348 400.5526241915723 45.557868735582815 46.1622887760435 50.06907802394654
 126840192 8 4579.067 5539.894 6037.951 336.1145315687391 366.3324735094209 443.20012613923313 42.01431644609239 45.79155918867761 55.40001576740414
 139524160 4 3898.144 4019.022 4140.854 269.5562992561438 277.7275864625773 286.3396734445932 33.694537407017975 34.71594830782216 35.79245918057415
 153476544 4 3840.923 3905.058 4132.032 297.1449282096557 314.415906754778 319.66596362384774 37.14311602620696 39.30198834434725 39.95824545298097
 168824192 4 4781.008 4826.069 5241.871 257.65485949577925 279.8537559243351 282.4913775505082 32.206857436972406 34.981719490541884 35.31142219381353
 185706560 4 5578.041 6263.018 6607.056 224.85846646373213 237.21031617664198 266.3394693585077 28.107308307966516 29.651289522080248 33.29243366981346
 204277184 4 7316.828 7365.942 7452.965 219.27078310444233 221.86130056413694 223.35053823870126 27.40884788805529 27.732662570517117 27.918817279837658
 224704896 4 7869.959 8088.112 8319.855 216.06616557620296 222.25695786606317 228.41785681475596 27.00827069702537 27.782119733257897 28.552232101844496
 247175360 4 8285.999 8770.943 8802.891 224.63107631345204 225.44929091432928 238.64387142696975 28.078884539181505 28.18116136429116 29.83048392837122
 271892864 2 6206.989 6232.977 6282.806 173.1028231653182 174.4866788374159 175.2172359255027 21.637852895664775 21.810834854676987 21.90215449068784
 299082112 2 5450.01 5754.948 6222.01 192.27362990416282 207.8782376487155 219.50940420292807 24.034203738020352 25.984779706089437 27.43867552536601
 328990272 2 5342.96 5591.869 6088.018 216.15591281103306 235.3347490794223 246.29813586476408 27.019489101379133 29.416843634927787 30.78726698309551
 361889280 2 5770.922 6172.895 6300.926 229.73720370624886 234.50214526571403 250.8363689545622 28.717150463281108 29.312768158214254 31.354546119320275
 398078208 2 7052.183 7064.104 7287.025 218.51343065242673 225.40903021812815 225.79006131860163 27.314178831553342 28.17612877726602 28.223757664825204
 437886016 2 7835.15 7888.079 8177.996 214.17766210695137 222.0495083784024 223.54952540793732 26.77220776336892 27.7561885473003 27.943690675992165
 481674560 2 8996.01 9016.037 9936.094 193.90901897667231 213.69679827179056 214.17253204476205 24.23862737208404 26.71209978397382 26.771566505595256
 529841984 2 9919.882 10174.036 10679.007 198.46114306320806 208.3114248858565 213.64850267372134 24.807642882901007 26.038928110732062 26.706062834215167
 582826176 1 5693.913 5741.119 5904.198 197.42772041181544 203.03574129015615 204.7190310073231 24.67846505147693 25.37946766126952 25.58987887591539
 641108736 1 6398.916 6410.837 6527.901 196.421096459643 200.00781052458512 200.38041943354153 24.552637057455375 25.00097631557314 25.04755242919269
 705219584 1 7179.976 7207.87 7280.111 193.738689973271 195.68043929760108 196.44065216931088 24.217336246658874 24.460054912200135 24.55508152116386
 775741504 1 8052.111 8074.999 8121.014 191.04547880350904 192.13414243147275 192.68028073631868 23.88068485043863 24.016767803934094 24.085035092039835
 853315648 1 9048.939 9063.959 9097.099 187.60170643410606 188.28762310156083 188.60015478057704 23.450213304263258 23.535952887695103 23.57501934757213
 938647168 1 10114.908 10134.935 10231.018 183.4904733820232 185.2300321610351 185.59677814172906 22.9363091727529 23.153754020129387 23.199597267716133
 1032511872 1 11298.895 11317.015 11333.227 182.2096869673571 182.47070839793003 182.76333606073868 22.776210870919638 22.808838549741253 22.845417007592335
 
META_DATA
 FLOPS          2
 MPI_PROCS      8
 OPENMP_THREADS 1
 ERT_VERSION  1.1.0
 HOSTNAME  ('c3cpu-a7-u1-3.rc.int.colorado.edu', [], ['10.225.64.156'])
 UNAME  uname_result(system='Linux', node='c3cpu-a7-u1-3.rc.int.colorado.edu', release='4.18.0-305.34.2.el8_4.x86_64', version='#1 SMP Mon Jan 17 09:42:23 EST 2022', machine='x86_64', processor='x86_64')
 TIMESTAMP_DATA  1728533343.7367945
 CONFIG  {'nux': ['workstation,', 'MPI', 'and', 'OpenMP', '(8-core', 'Intel', 'Xeon', 'CPU', 'E5530,', '2.40', 'GHz)'], 'ERT_RESULTS': ['Results.alpine'], 'ERT_DRIVER': ['driver1'], 'ERT_KERNEL': ['kernel1'], 'ERT_MPI': ['True'], 'ERT_MPI_CFLAGS': ['-I/usr/include/mpi'], 'ERT_MPI_LDFLAGS': ['-lmpi'], 'ERT_OPENMP': ['True'], 'ERT_OPENMP_CFLAGS': ['-qopenmp'], 'ERT_OPENMP_LDFLAGS': ['-qopenmp'], 'ERT_FLOPS': ['1,2,4,8,16'], 'ERT_ALIGN': ['32'], 'ERT_CC': ['icpc'], 'ERT_CFLAGS': ['-O3', '-fno-alias', '-fno-fnalias', '-DERT_INTEL'], 'ERT_LD': ['icpc'], 'ERT_LDFLAGS': [], 'ERT_LDLIBS': [], 'ERT_PRECISION': ['FP64'], 'ERT_RUN': ['export', 'OMP_NUM_THREADS=ERT_OPENMP_THREADS;', 'mpirun', '-np', 'ERT_MPI_PROCS', 'ERT_CODE'], 'ERT_PROCS_THREADS': ['1-8'], 'ERT_MPI_PROCS': ['1,2,4,8'], 'ERT_OPENMP_THREADS': ['1,2,4,8'], 'ERT_NUM_EXPERIMENTS': ['3'], 'ERT_MEMORY_MAX': ['1073741824'], 'ERT_WORKING_SET_MIN': ['1'], 'ERT_TRIALS_MIN': ['1'], 'ERT_GNUPLOT': ['gnuplot'], 'ERT_GPU': [False], 'ERT_HIP': [False], 'ERT_OCL': [False], 'ERT_SYCL': [False], 'ERT_WSS_MULT': [1.1]}
 TIMESTAMP_DATA  1728533348.1872363
 TIMESTAMP_DATA  1728533352.6532629
 