fp64
 32 33554432 326334.953 326348.782 326363.087 6.580044537941266 6.580332964135286 6.580611816963414 3.290022268970633 3.290166482067643 3.290305908481707
 64 16777216 168616.056 168642.044 168656.111 12.732913354085344 12.733975449206488 12.735938076976488 6.366456677042672 6.366987724603244 6.367969038488244
 96 8388608 84345.818 84356.785 84376.097 19.088495359058857 19.09286533383177 19.09534786893643 9.544247679529429 9.546432666915885 9.547673934468214
 128 8388608 85333.824 85349.083 85391.045 25.14881563986013 25.161180091413524 25.165679297344045 12.574407819930064 12.580590045706762 12.582839648672023
 160 4194304 42536.974 42544.127 42546.034 31.546472228175254 31.547886268767485 31.55319134830794 15.773236114087627 15.773943134383742 15.77659567415397
 192 4194304 42634.01 42640.924 42643.07 37.76962437272926 37.77152521366563 37.77765065964942 18.88481218636463 18.885762606832817 18.88882532982471
 224 4194304 42713.165 42723.894 42727.947 43.97702964759809 43.98120152624665 43.99224904078169 21.988514823799044 21.990600763123325 21.996124520390843
 256 4194304 42948.961 42949.915 43057.203 49.87513118304503 49.99971822994295 50.00082884426471 24.937565591522514 24.999859114971475 25.000414422132355
 288 2097152 21557.093 21558.046 21559.954 56.02792807442909 56.03288683955866 56.03536395190205 28.013964037214546 28.01644341977933 28.017681975951024
 320 2097152 21753.073 21771.908 21835.089 61.46882570526734 61.647205196714964 61.700582717669356 30.73441285263367 30.823602598357482 30.850291358834678
 352 2097152 21959.066 22049.904 22105.932 66.78727718876543 66.95698121860303 67.23396195448386 33.393638594382715 33.47849060930152 33.61698097724193
 384 2097152 21922.827 21931.171 21935.94 73.42346560028885 73.43943175674477 73.46738338080212 36.711732800144425 36.719715878372384 36.73369169040106
 416 2097152 22037.983 22039.175 22045.135 79.14809612188813 79.16949994725303 79.17378210156528 39.574048060944065 39.584749973626515 39.58689105078264
 448 2097152 22192.001 22200.108 22302.151 84.2541238286836 84.64139868148389 84.67231918383565 42.1270619143418 42.320699340741946 42.33615959191783
 480 2097152 22336.006 22336.96 22339.106 90.12294046144908 90.13159892841281 90.13544856676702 45.06147023072454 45.06579946420641 45.06772428338351
 512 2097152 22658.11 22659.063 22661.209 94.76474304614553 94.7737180482706 94.7777042304058 47.38237152307276 47.3868590241353 47.3888521152029
 544 1048576 11408.091 11411.19 11415.005 99.94307387513192 99.97648693957423 100.00364548284196 49.97153693756596 49.988243469787115 50.00182274142098
 576 1048576 11516.809 11518.955 11525.869 104.80420625984902 104.86711268513507 104.88665323875736 52.40210312992451 52.433556342567535 52.44332661937868
 608 1048576 11766.911 11768.818 11772.871 108.30564744997207 108.34294624999725 108.36050480878117 54.152823724986035 54.17147312499863 54.180252404390586
 640 1048576 11876.106 11882.067 11896.133 112.8246699999067 112.95823193052186 113.0149293042686 56.41233499995335 56.47911596526093 56.5074646521343
 704 1048576 12261.152 12264.013 12265.921 120.36560548531169 120.38433162130535 120.41242193229476 60.182802742655845 60.192165810652675 60.20621096614738
 768 1048576 12837.887 12841.94 12847.185 125.36697618972562 125.41817949624432 125.45777478801612 62.68348809486281 62.70908974812216 62.72888739400806
 832 1048576 13730.049 13899.088 14018.059 124.4701897744902 125.53560809169637 127.08115346128771 62.2350948872451 62.76780404584819 63.540576730643856
 896 1048576 14469.147 14508.963 14538.05 129.25035971124052 129.50947576336088 129.8658581601251 64.62517985562026 64.75473788168044 64.93292908006255
 960 1048576 15453.815 15476.227 15548.944 129.4792701034874 130.08764474700453 130.27630523595627 64.7396350517437 65.04382237350227 65.13815261797814
 1056 524288 8364.916 8369.923 8378.029 132.1666773891568 132.29467654600882 132.3738643639697 66.0833386945784 66.14733827300441 66.18693218198484
 1152 524288 9138.823 9155.035 9478.092 127.44754450579292 131.94483166913068 132.17889787339135 63.72377225289646 65.97241583456534 66.08944893669567
 1248 524288 9799.957 9804.01 9814.978 133.32916772712076 133.47832652149478 133.5335295858951 66.66458386356038 66.73916326074739 66.76676479294755
 1344 524288 10473.013 10479.927 10501.862 134.1939309429128 134.47480540656437 134.56358203699352 67.0969654714564 67.23740270328219 67.28179101849676
 1472 524288 11448.145 11451.006 11458.158 134.70785374054014 134.79198875627173 134.82567455251484 67.35392687027007 67.39599437813587 67.41283727625742
 1600 524288 11931.896 11937.141 12022.018 139.55407486496858 140.5463502525437 140.60813134811096 69.77703743248429 70.27317512627185 70.30406567405548
 1760 524288 13364.077 13516.903 13719.082 134.52020769319697 136.53229293722092 138.09361918522322 67.26010384659848 68.26614646861046 69.04680959261161
 1920 524288 14389.038 14425.039 14502.048 138.82631749667357 139.5674507361817 139.91664487924766 69.41315874833678 69.78372536809086 69.95832243962383
 2112 262144 7810.116 7832.05 7838.011 141.27260806344873 141.3801311278656 141.77718435936163 70.63630403172436 70.6900655639328 70.88859217968081
 2304 262144 8702.993 8838.892 8849.859 136.4947794083499 136.66413754122124 138.79817575401933 68.24738970417495 68.33206877061062 69.39908787700966
 2528 262144 9497.881 9789.944 9793.043 135.34098277726343 135.38382487172552 139.5469225188229 67.67049138863172 67.69191243586276 69.77346125941145
 2752 262144 10180.95 10356.903 10418.892 138.4831108720582 139.31197154207197 141.71964070150622 69.2415554360291 69.65598577103599 70.85982035075311
 3008 262144 11121.988 11164.188 11363.983 138.77689750151862 141.26045745557133 141.796439988966 69.38844875075931 70.63022872778566 70.898219994483
 3296 262144 12231.112 12245.178 12252.808 141.03324299213696 141.12112114662602 141.28341298812407 70.51662149606848 70.56056057331301 70.64170649406203
 3616 262144 13213.873 13227.94 13251.066 143.06965250946604 143.31977677552212 143.4723497039816 71.53482625473302 71.65988838776106 71.7361748519908
 3968 262144 14652.014 14664.888 14690.876 141.6099886759646 141.8609391357097 141.98558532635855 70.8049943379823 70.93046956785486 70.99279266317927
 4352 131072 7941.008 8001.804 8032.799 142.02405512698624 142.574185521165 143.6657270714247 71.01202756349312 71.2870927605825 71.83286353571235
 4768 131072 8737.087 8763.075 8800.983 142.018521340173 142.63287624492543 143.05713013959917 71.0092606700865 71.31643812246271 71.52856506979958
 5216 131072 9511.948 9540.796 9546.995 143.22235467809503 143.31541141850218 143.75006087081215 71.61117733904752 71.65770570925109 71.87503043540607
 5728 131072 10438.919 10489.941 10509.968 142.8701621165735 143.14292444542824 143.84255994322785 71.43508105828676 71.57146222271412 71.92127997161393
 6272 131072 11384.964 11401.892 11419.058 143.9844834836639 144.2012578263327 144.41566683917492 71.99224174183195 72.10062891316635 72.20783341958746
 6880 131072 12521.029 12521.982 12537.003 143.8582027937618 144.03077084761821 144.04173331121586 71.9291013968809 72.01538542380911 72.02086665560793
 7552 131072 13663.054 13663.054 13716.936 144.32607165331967 144.89523996611592 144.89523996611592 72.16303582665984 72.44761998305796 72.44761998305796
 8288 65536 7516.861 7525.921 7534.027 144.18912170078497 144.344424556144 144.5184014976464 72.09456085039248 72.172212278072 72.2592007488232
 9088 65536 8213.997 8247.852 8266.926 144.09011717293708 144.42334028302156 145.01859886240524 72.04505858646854 72.21167014151078 72.50929943120262
 9984 65536 9024.143 9032.011 9049.892 144.60093534817872 144.8872070682819 145.01353181127558 72.30046767408936 72.44360353414095 72.50676590563779
 10976 65536 9917.974 9924.889 9951.115 144.5713643144512 144.95338658195573 145.05445083844745 72.2856821572256 72.47669329097786 72.52722541922373
 12064 65536 10893.106 10896.921 10928.869 144.68584150839396 145.11003686270644 145.16085751850758 72.34292075419698 72.55501843135322 72.58042875925379
 13248 65536 11933.088 11934.996 11946.917 145.34644008994118 145.4916160843288 145.51487896510943 72.67322004497059 72.7458080421644 72.75743948255472
 14560 65536 13111.115 13150.93 13153.076 145.09216855433664 145.1158450390961 145.5565236061159 72.54608427716832 72.55792251954804 72.77826180305794
 16000 65536 14392.138 14394.045 14431.953 145.31311181515073 145.69580684234347 145.71511195904318 72.65655590757537 72.84790342117174 72.85755597952159
 17600 32768 7930.994 7930.994 7941.961 145.23284614467383 145.4336745179734 145.4336745179734 72.61642307233691 72.7168372589867 72.7168372589867
 19360 32768 8708.0 8714.914 8841.991 143.49448670553952 145.5868594916714 145.70245291685805 71.74724335276976 72.7934297458357 72.85122645842903
 21280 32768 9562.969 9562.969 9570.122 145.7250053865562 145.83400615436483 145.83400615436483 72.8625026932781 72.91700307718241 72.91700307718241
 23392 32768 10519.028 10533.094 10542.87 145.40804467853627 145.54300113527896 145.737620624263 72.70402233926814 72.77150056763948 72.8688103121315
 25728 32768 11553.049 11557.102 11563.778 145.8096314197661 145.89385885838854 145.9450408286159 72.90481570988305 72.94692942919427 72.97252041430795
 28288 32768 12688.16 12691.975 12699.127 145.9850246398827 146.06728803042867 146.11120666826395 72.99251231994135 73.03364401521434 73.05560333413197
 31104 32768 13945.818 13951.063 13952.971 146.09302520588625 146.11300543908374 146.1679583083617 73.04651260294312 73.05650271954187 73.08397915418085
 34208 16384 7679.939 7681.131 7683.039 145.89640167126578 145.93264247153186 145.95529261365226 72.94820083563289 72.96632123576593 72.97764630682613
 37600 16384 8430.958 8431.911 8432.15 146.1165657631802 146.12070739361457 146.13722426324503 73.0582828815901 73.06035369680728 73.06861213162252
 41344 16384 9269.953 9269.953 9279.013 146.00261816639335 146.14531400536768 146.14531400536768 73.00130908319667 73.07265700268384 73.07265700268384
 45472 16384 10195.017 10195.971 10197.163 146.12167090003368 146.13875382736967 146.15242877966756 73.06083545001684 73.06937691368483 73.07621438983378
 50016 16384 11214.018 11215.925 11231.899 145.91693604082442 146.12475457886887 146.1496038262111 72.95846802041221 73.06237728943444 73.07480191310555
 55008 16384 12324.095 12324.81 12326.956 146.22443237405892 146.2498930206632 146.25837791740489 73.11221618702946 73.1249465103316 73.12918895870244
 60480 16384 13548.136 13549.805 13551.95 146.23789491549186 146.26104508515067 146.27906303863497 73.11894745774593 73.13052254257533 73.13953151931749
 66528 8192 7497.072 7498.026 7501.841 145.29696803757903 145.37089521962181 145.38939361926896 72.64848401878952 72.68544760981091 72.69469680963448
 73152 8192 8230.925 8237.839 8239.985 145.452008468462 145.48989947485012 145.6121113969572 72.726004234231 72.74494973742506 72.8060556984786
 80448 8192 9045.839 9047.031 9057.999 145.51337795466745 145.68978839577315 145.70898641905964 72.75668897733372 72.84489419788657 72.85449320952982
 88480 8192 9950.876 9952.068 9960.89 145.53481867584122 145.6638278596971 145.68127670367915 72.76740933792061 72.83191392984855 72.84063835183957
 97312 8192 10931.015 10934.114 10939.837 145.73889976605687 145.8151806355778 145.85652000294579 72.86944988302844 72.9075903177889 72.92826000147289
 107040 8192 12014.866 12017.965 12030.125 145.77931318253138 145.92681539678307 145.96445436844655 72.88965659126569 72.96340769839153 72.98222718422328
 117728 8192 13220.072 13225.794 13230.085 145.7931337553765 145.8404351375804 145.90355877033045 72.89656687768824 72.9202175687902 72.95177938516522
 129472 8192 14530.897 14534.95 14535.189 145.94025904995112 145.942658763876 145.98336551418674 72.97012952497556 72.971329381938 72.99168275709337
 142400 4096 8062.84 8064.985 8066.177 144.62127473771034 144.64264967634782 144.68112972600224 72.31063736885517 72.32132483817391 72.34056486300112
 156640 4096 8893.967 8913.04 8913.04 143.96826223151695 143.96826223151695 144.27700035316073 71.98413111575847 71.98413111575847 72.13850017658037
 172288 4096 9759.903 9768.009 9791.136 144.14908504998806 144.49037628855584 144.61038147612737 72.07454252499403 72.24518814427792 72.30519073806369
 189504 4096 10735.989 10750.055 10770.082 144.1415922367165 144.4101232970436 144.59932550228956 72.07079611835825 72.2050616485218 72.29966275114478
 208448 4096 11810.064 11810.064 11811.018 144.5773781734987 144.5890569263638 144.5890569263638 72.28868908674934 72.2945284631819 72.2945284631819
 229280 4096 12973.07 12975.931 12989.998 144.59292141538438 144.74967229711686 144.78159448765788 72.29646070769219 72.37483614855843 72.39079724382894
 252192 4096 14260.054 14265.06 14269.114 144.78522380576678 144.8263704463914 144.87721182542506 72.39261190288339 72.4131852231957 72.43860591271253
 277408 2048 7847.071 7848.978 7852.793 144.6954183053087 144.7657475915973 144.80092865223213 72.34770915265435 72.38287379579864 72.40046432611607
 305120 2048 8621.931 8624.792 8629.799 144.82046684980725 144.90454030659524 144.9526237219945 72.41023342490362 72.45227015329762 72.47631186099726
 335616 2048 9480.0 9482.145 9485.006 144.93223683780488 144.97596651390586 145.00876962025316 72.46611841890244 72.48798325695293 72.50438481012658
 369152 2048 10425.091 10432.005 10436.058 144.88675628287996 144.94304709401501 145.03917443022797 72.44337814143998 72.47152354700751 72.51958721511399
 406048 2048 11464.834 11470.795 11476.994 144.91360786631063 144.99192148408196 145.0673082575814 72.45680393315531 72.49596074204098 72.5336541287907
 446624 2048 12610.197 12614.012 12663.126 144.46447930787392 145.02696715367006 145.0708425887399 72.23223965393696 72.51348357683503 72.53542129436995
 491264 2048 13875.008 13899.088 14031.172 143.41049657149097 144.7733364951715 145.02458982365994 71.70524828574548 72.38666824758575 72.51229491182997
 540384 1024 7624.865 7637.978 7733.822 143.0995479337383 144.89521074818492 145.14439691719133 71.54977396686915 72.44760537409246 72.57219845859566
 594400 1024 8389.235 8401.871 8498.907 143.23385348257136 144.88810885099284 145.10634163901716 71.61692674128568 72.44405442549642 72.55317081950858
 653824 1024 9224.176 9236.097 9319.782 143.676273972932 144.97807374695176 145.16543830039672 71.838136986466 72.48903687347588 72.58271915019836
 719200 1024 10148.048 10159.969 10250.092 143.69837851211483 144.9730407641992 145.14334185254148 71.84918925605741 72.4865203820996 72.57167092627074
 791104 1024 11156.082 11171.103 11269.093 143.77208458568936 145.033215788987 145.22849437643072 71.88604229284468 72.5166078944935 72.61424718821536
 870208 1024 12274.027 12285.948 12428.999 143.38934165172915 145.05889036808557 145.19977705768449 71.69467082586458 72.52944518404279 72.59988852884224
 957216 1024 13506.889 13516.188 13614.893 143.98779101679315 145.03929421520328 145.1391484745303 71.99389550839658 72.51964710760164 72.56957423726514
 1052928 512 7422.924 7435.083 7467.985 144.3760628871108 145.01496109727358 145.25250049710868 72.1880314435554 72.50748054863679 72.62625024855434
 1158208 512 8174.181 8212.09 8291.006 143.0471756985823 144.42182099806504 145.09159902380435 71.52358784929115 72.21091049903252 72.54579951190217
 1274016 512 8994.102 9027.004 9109.974 143.20484163840644 144.52108185617286 145.04976527951317 71.60242081920322 72.26054092808643 72.52488263975658
 1401408 512 9943.008 9990.931 10015.965 143.2754399601037 143.63444127479212 144.32672607725954 71.63771998005186 71.81722063739606 72.16336303862977
 1541536 512 11006.117 11017.084 11030.912 143.10084823448867 143.28046005639968 143.42323128129564 71.55042411724433 71.64023002819984 71.71161564064782
 1695680 512 12104.034 12128.83 12137.89 143.05421452987298 143.16107324449266 143.4543491863952 71.52710726493649 71.58053662224633 71.7271745931976
 1865248 512 13307.095 13314.962 13350.964 143.06187568178598 143.4486971874197 143.53350239101772 71.53093784089299 71.72434859370985 71.76675119550886
 2051744 512 14629.841 14650.106 14653.921 143.3736305798291 143.41096617321404 143.60961653650233 71.68681528991455 71.70548308660702 71.80480826825116
 2256896 256 8045.912 8067.131 8096.218 142.72475765845238 143.23936874212157 143.61712531780114 71.36237882922619 71.61968437106079 71.80856265890057
 2482560 256 8864.88 8866.072 8916.855 142.54697648442192 143.36345565431907 143.38273276118798 71.27348824221096 71.68172782715953 71.69136638059399
 2730816 256 9739.161 9745.836 9756.088 143.31336412709686 143.46412067676906 143.5624477303538 71.65668206354843 71.73206033838453 71.7812238651769
 3003872 256 10713.1 10721.922 10778.904 142.68449408214414 143.4427954241786 143.56091738152355 71.34224704107207 71.7213977120893 71.78045869076178
 3304256 256 11788.845 11817.932 11842.966 142.8509608150526 143.15356290762207 143.5067703409452 71.4254804075263 71.57678145381104 71.7533851704726
 3634656 256 12952.089 12979.031 12982.13 143.3465750227428 143.38080184876668 143.67905223628404 71.6732875113714 71.69040092438334 71.83952611814202
 3998112 256 14260.054 14281.034 14285.803 143.29144424013126 143.33929489979508 143.5501817875304 71.64572212006563 71.66964744989754 71.7750908937652
 4397920 128 7839.918 7844.925 7875.204 142.96360068894722 143.5153962593651 143.60705303295265 71.48180034447361 71.75769812968255 71.80352651647632
 4837696 128 8623.838 8631.945 8649.111 143.18814685116192 143.47289932917784 143.60777370817956 71.59407342558096 71.73644966458892 71.80388685408978
 5321440 128 9479.046 9506.941 9523.153 143.05016836335614 143.2941090094069 143.71579587228504 71.52508418167807 71.64705450470345 71.85789793614252
 5853568 128 10424.137 10435.82 10449.886 143.39997661218504 143.59325937013094 143.75419356057964 71.69998830609252 71.79662968506547 71.87709678028982
 6438912 128 11478.901 11492.968 11495.113 143.39671754422946 143.4234805143458 143.5992410771728 71.69835877211473 71.7117402571729 71.7996205385864
 7082784 128 12611.151 12615.919 12632.847 143.5300137807416 143.72260189685747 143.77694026500834 71.7650068903708 71.86130094842873 71.88847013250417
 7791040 128 13864.994 13879.061 13906.002 143.42772566838406 143.70613689211396 143.8519367552557 71.71386283419203 71.85306844605698 71.92596837762785
 8570144 64 7633.924 7642.984 7642.984 143.52750601074135 143.52750601074135 143.69784556408996 71.76375300537067 71.76375300537067 71.84892278204498
 9427136 64 8397.818 8407.116 8415.937 143.37956759894945 143.53000577130135 143.68892109831387 71.68978379947472 71.76500288565067 71.84446054915693
 10369824 64 9232.998 9238.005 9243.965 143.5896254475217 143.68226386541252 143.76018190407927 71.79481272376086 71.84113193270626 71.88009095203964
 11406784 64 10159.969 10165.93 10180.95 143.41179870247862 143.62368735570675 143.70795343962172 71.70589935123931 71.81184367785337 71.85397671981086
 12547456 64 11163.95 11175.871 11188.984 143.54067965420273 143.7091004361092 143.8625547409295 71.77033982710137 71.8545502180546 71.93127737046476
 13802176 64 12284.994 12285.948 12291.908 143.7269566287024 143.79667958874643 143.8078462227983 71.8634783143512 71.89833979437321 71.90392311139915
 15182368 64 13509.035 13520.002 13523.817 143.69782613887782 143.7383740031991 143.85506470299322 71.84891306943891 71.86918700159956 71.92753235149661
 16700576 64 14858.961 14860.153 14873.028 143.72821243932307 143.85274014338884 143.86428014717856 71.86410621966154 71.92637007169442 71.93214007358928
 18370624 32 8182.049 8192.062 8193.97 143.4859947009813 143.5194137934991 143.69504949188155 71.74299735049065 71.75970689674955 71.84752474594077
 20207680 32 9110.928 9111.166 9114.981 141.8863648755823 141.94577510715973 141.94948308229414 70.94318243779115 70.97288755357987 70.97474154114707
 22228448 32 9895.086 9896.04 9917.974 143.4386369635573 143.75656040193857 143.77042018634302 71.71931848177864 71.87828020096929 71.88521009317151
 24451264 32 10885.954 10888.1 10890.961 143.68620877441396 143.72396432802785 143.75229731817717 71.84310438720698 71.86198216401392 71.87614865908859
 26896384 32 12084.961 12088.06 12093.067 142.3434250384952 142.40238516354154 142.43890203700283 71.1717125192476 71.20119258177077 71.21945101850142
 29586016 32 13168.097 13169.05 13171.911 143.753250686252 143.78448134071934 143.79488729464856 71.876625343126 71.89224067035967 71.89744364732428
 32544608 32 14493.942 14497.995 14505.863 143.5871076405451 143.66503175094212 143.70520538856857 71.79355382027255 71.83251587547106 71.85260269428429
 35799040 16 8054.018 8059.025 8079.052 141.7950125831595 142.14737887027277 142.23574866606953 70.89750629157975 71.07368943513639 71.11787433303476
 39378944 16 8860.826 8978.844 9113.073 138.2767599908395 140.3439248972362 142.21317606281855 69.13837999541975 70.1719624486181 71.10658803140927
 43316832 16 9747.028 9771.109 9774.923 141.80557984958037 141.86093144595972 142.21141295582612 70.90278992479018 70.93046572297986 71.10570647791306
 47648512 16 10761.976 10836.124 10843.992 140.60803290891397 140.71012697898252 141.67959341295685 70.30401645445698 70.35506348949126 70.83979670647842
 52413344 16 11771.917 11977.911 12067.08 138.9919523198653 140.02667142876584 142.47696513660435 69.49597615993265 70.01333571438292 71.23848256830217
 57654656 16 12923.002 13169.05 13201.952 139.7481972362875 140.0973488596368 142.76473779080123 69.87409861814375 70.0486744298184 71.38236889540062
 63420096 16 14096.975 14275.074 14533.043 139.64336801315457 142.1669037932833 143.96301844899347 69.82168400657729 71.08345189664165 71.98150922449673
 69762080 8 8080.959 8553.982 8677.006 128.6380670936496 130.4881492619461 138.12633871796652 64.3190335468248 65.24407463097305 69.06316935898326
 76738272 8 8839.13 9158.134 9375.095 130.9653237647192 134.06796100603026 138.90647065944273 65.4826618823596 67.03398050301513 69.45323532972137
 84412096 8 9567.976 9640.932 9771.109 138.22315726904696 140.08951997586954 141.15770524508005 69.11157863452348 70.04475998793477 70.57885262254003
 92853280 8 10489.941 10536.909 10694.027 138.92357668444262 140.9950944816929 141.62639046301592 69.46178834222131 70.49754724084644 70.81319523150796
 102138592 8 11367.083 11411.905 11435.032 142.91323994545883 143.20286332562355 143.76753226839287 71.45661997272941 71.60143166281178 71.88376613419643
 112352448 8 12498.856 12593.985 12608.051 142.57867199299875 142.73791560018532 143.82429623959186 71.28933599649937 71.36895780009266 71.91214811979593
 123587680 8 13808.012 13813.019 13956.785 141.6803998915223 143.15501050132488 143.20692073558453 70.84019994576116 71.57750525066244 71.60346036779227
 135946432 4 8033.991 8220.911 8507.013 127.84410415265616 132.29330131417308 135.37125645273937 63.92205207632808 66.14665065708654 67.68562822636969
 149541056 4 9433.031 9510.04 9659.052 123.85567941864275 125.79636342223586 126.8233347266642 61.927839709321375 62.89818171111793 63.4116673633321
 164495136 4 10149.002 10211.945 10394.096 126.60659358928375 128.86488205723785 129.66408795662863 63.303296794641874 64.43244102861892 64.83204397831432
 180944640 4 11597.872 11618.137 11643.171 124.32670790457341 124.59459894473613 124.81230349843489 62.163353952286705 62.29729947236807 62.40615174921744
 199039104 4 12770.891 12884.855 12887.001 123.55961111510737 123.58019023108915 124.68298664517613 61.779805557553686 61.790095115544574 62.341493322588065
 218943008 4 14328.957 14328.957 14359.951 121.97423682016742 122.23807106127822 122.23807106127822 60.98711841008371 61.11903553063911 61.11903553063911
 240837280 4 15945.911 15970.945 16188.86 119.01383049825621 120.63771054248824 120.82710357533037 59.506915249128106 60.31885527124412 60.413551787665185
 264920992 4 17714.024 17724.037 17772.913 119.24707761749579 119.575914674518 119.6435059588945 59.623538808747895 59.787957337259 59.82175297944725
 291413088 2 9970.903 9980.202 10012.865 116.41546670208777 116.7964688490273 116.90539482732908 58.207733351043885 58.39823442451365 58.45269741366454
 320554368 2 10981.083 11023.045 11054.039 115.99538159762237 116.3215311195772 116.7660304543732 57.997690798811185 58.1607655597886 58.3830152271866
 352609792 2 12169.123 12203.217 12221.098 115.41018392946361 115.57929093615232 115.90310723295342 57.70509196473181 57.78964546807616 57.95155361647671
 387870752 2 13469.934 13486.862 13514.042 114.80525278817397 115.0366191928115 115.18118856410135 57.40262639408699 57.51830959640575 57.590594282050674
 426657824 2 14917.85 14920.95 14936.924 114.25587329760799 114.37819280943908 114.40196114051288 57.127936648803995 57.18909640471954 57.20098057025644
 469323584 2 16485.929 16522.884 16547.203 113.45085547086116 113.61783669243216 113.87252341072195 56.72542773543058 56.80891834621608 56.93626170536098
 516255936 2 18266.916 18270.016 18311.024 112.77489145336709 113.02802055564702 113.04720205643908 56.387445726683545 56.51401027782351 56.52360102821954
 567881504 1 10171.175 10173.082 10185.957 111.50282766754268 111.64394506994046 111.66487726344303 55.75141383377134 55.82197253497023 55.832438631721516
 624669632 1 11204.958 11220.932 11250.973 111.0427750559885 111.34006194850836 111.49879044615786 55.52138752799425 55.67003097425418 55.74939522307893
 687136576 1 12344.837 12365.103 12390.137 110.9167035037627 111.14126198544405 111.32371792353355 55.45835175188135 55.57063099272202 55.661858961766775
 755850208 1 13654.947 13657.093 13685.942 110.45643887720699 110.68976509129725 110.70716100179663 55.228219438603496 55.34488254564862 55.35358050089832
 831435200 1 15025.854 15030.146 15083.075 110.24743959703177 110.63567845581805 110.66728054192461 55.123719798515886 55.317839227909026 55.333640270962306
 914578720 1 16587.973 16636.133 16645.908 109.88631199932138 109.95087860862857 110.27009990913294 54.94315599966069 54.975439304314285 55.13504995456647
 1006036576 1 18285.99 18301.964 18325.806 109.79452428995484 109.93755380570086 110.03359139975467 54.89726214497742 54.96877690285043 55.016795699877335
 
META_DATA
 FLOPS          8
 MPI_PROCS      4
 OPENMP_THREADS 1
 ERT_VERSION  1.1.0
 HOSTNAME  ('c3cpu-a7-u1-3.rc.int.colorado.edu', [], ['10.225.64.156'])
 UNAME  uname_result(system='Linux', node='c3cpu-a7-u1-3.rc.int.colorado.edu', release='4.18.0-305.34.2.el8_4.x86_64', version='#1 SMP Mon Jan 17 09:42:23 EST 2022', machine='x86_64', processor='x86_64')
 TIMESTAMP_DATA  1728533911.5308876
 CONFIG  {'nux': ['workstation,', 'MPI', 'and', 'OpenMP', '(8-core', 'Intel', 'Xeon', 'CPU', 'E5530,', '2.40', 'GHz)'], 'ERT_RESULTS': ['Results.alpine'], 'ERT_DRIVER': ['driver1'], 'ERT_KERNEL': ['kernel1'], 'ERT_MPI': ['True'], 'ERT_MPI_CFLAGS': ['-I/usr/include/mpi'], 'ERT_MPI_LDFLAGS': ['-lmpi'], 'ERT_OPENMP': ['True'], 'ERT_OPENMP_CFLAGS': ['-qopenmp'], 'ERT_OPENMP_LDFLAGS': ['-qopenmp'], 'ERT_FLOPS': ['1,2,4,8,16'], 'ERT_ALIGN': ['32'], 'ERT_CC': ['icpc'], 'ERT_CFLAGS': ['-O3', '-fno-alias', '-fno-fnalias', '-DERT_INTEL'], 'ERT_LD': ['icpc'], 'ERT_LDFLAGS': [], 'ERT_LDLIBS': [], 'ERT_PRECISION': ['FP64'], 'ERT_RUN': ['export', 'OMP_NUM_THREADS=ERT_OPENMP_THREADS;', 'mpirun', '-np', 'ERT_MPI_PROCS', 'ERT_CODE'], 'ERT_PROCS_THREADS': ['1-8'], 'ERT_MPI_PROCS': ['1,2,4,8'], 'ERT_OPENMP_THREADS': ['1,2,4,8'], 'ERT_NUM_EXPERIMENTS': ['3'], 'ERT_MEMORY_MAX': ['1073741824'], 'ERT_WORKING_SET_MIN': ['1'], 'ERT_TRIALS_MIN': ['1'], 'ERT_GNUPLOT': ['gnuplot'], 'ERT_GPU': [False], 'ERT_HIP': [False], 'ERT_OCL': [False], 'ERT_SYCL': [False], 'ERT_WSS_MULT': [1.1]}
 TIMESTAMP_DATA  1728533920.6612933
 TIMESTAMP_DATA  1728533929.796566
 